# yearspad, alpred
# [0.3 0.4 0.5 0.6 0.7 0.8 0.9 1.  1.1]
1922.00 -27.97 -23.75 -19.52 -15.30 -11.07 -6.85 -2.63 1.59 5.81
1923.00 -28.15 -23.95 -19.75 -15.54 -11.34 -7.14 -2.94 1.27 5.46
1924.00 -28.37 -24.19 -20.01 -15.82 -11.65 -7.46 -3.28 0.90 5.07
1925.00 -27.55 -23.42 -19.29 -15.15 -11.03 -6.89 -2.77 1.36 5.48
1926.00 -27.58 -23.50 -19.42 -15.34 -11.26 -7.18 -3.11 0.97 5.04
1927.00 -28.56 -24.55 -20.54 -16.52 -12.51 -8.50 -4.49 -0.48 3.52
1928.00 -28.90 -24.96 -21.02 -17.08 -13.14 -9.20 -5.26 -1.32 2.61
1929.00 -28.47 -24.63 -20.78 -16.94 -13.10 -9.26 -5.42 -1.58 2.25
1930.00 -27.31 -23.59 -19.86 -16.14 -12.41 -8.69 -4.97 -1.24 2.47
1931.00 -25.41 -21.84 -18.27 -14.70 -11.13 -7.56 -3.99 -0.42 3.15
1932.00 -24.17 -20.75 -17.32 -13.90 -10.48 -7.06 -3.63 -0.21 3.20
1933.00 -24.26 -21.01 -17.76 -14.51 -11.26 -8.01 -4.76 -1.51 1.73
1934.00 -24.27 -21.21 -18.14 -15.08 -12.01 -8.95 -5.88 -2.82 0.24
1935.00 -22.94 -20.12 -17.29 -14.47 -11.64 -8.82 -5.99 -3.17 -0.35
1936.00 -20.72 -18.16 -15.58 -13.02 -10.45 -7.88 -5.31 -2.74 -0.18
1937.00 -18.83 -16.53 -14.23 -11.93 -9.63 -7.33 -5.03 -2.74 -0.44
1938.00 -16.98 -14.94 -12.90 -10.86 -8.81 -6.77 -4.73 -2.68 -0.65
1939.00 -13.88 -12.12 -10.37 -8.62 -6.86 -5.11 -3.36 -1.61 0.14
1940.00 -11.87 -10.41 -8.95 -7.50 -6.04 -4.58 -3.13 -1.67 -0.22
1941.00 -8.94 -7.83 -6.72 -5.61 -4.51 -3.40 -2.29 -1.19 -0.08
1942.00 -4.75 -3.98 -3.21 -2.45 -1.68 -0.91 -0.15 0.62 1.38
1943.00 -1.44 -1.05 -0.65 -0.26 0.13 0.52 0.91 1.30 1.69
1944.00 0.97 1.01 1.05 1.08 1.12 1.15 1.19 1.23 1.26
1945.00 1.98 1.64 1.31 0.96 0.63 0.29 -0.05 -0.39 -0.73
1946.00 4.59 3.86 3.14 2.41 1.69 0.97 0.24 -0.48 -1.21
1947.00 7.63 6.50 5.38 4.24 3.12 1.99 0.87 -0.26 -1.39
1948.00 12.28 10.73 9.18 7.63 6.08 4.53 2.98 1.42 -0.13
1949.00 17.32 15.35 13.39 11.41 9.45 7.48 5.51 3.54 1.57
1950.00 20.92 18.53 16.15 13.75 11.36 8.97 6.58 4.19 1.80
1951.00 21.59 18.80 16.01 13.21 10.43 7.63 4.84 2.05 -0.74
1952.00 23.13 19.88 16.64 13.39 10.14 6.89 3.65 0.40 -2.85
1953.00 26.87 23.16 19.45 15.74 12.03 8.32 4.61 0.90 -2.82
1954.00 29.71 25.51 21.31 17.10 12.90 8.70 4.49 0.29 -3.92
1955.00 33.02 28.37 23.72 19.06 14.41 9.76 5.11 0.46 -4.20
1956.00 36.10 30.99 25.89 20.78 15.68 10.57 5.46 0.36 -4.75
1957.00 40.09 34.54 29.00 23.44 17.90 12.35 6.81 1.26 -4.29
1958.00 44.12 38.10 32.07 26.04 20.01 13.99 7.96 1.93 -4.10
1959.00 48.83 42.29 35.75 29.21 22.68 16.14 9.60 3.06 -3.48
1960.00 51.29 44.26 37.23 30.20 23.17 16.14 9.11 2.08 -4.95
1961.00 52.08 44.58 37.08 29.58 22.08 14.58 7.08 -0.42 -7.93
1962.00 54.48 46.50 38.52 30.53 22.54 14.56 6.57 -1.41 -9.40
1963.00 59.00 50.50 42.00 33.50 25.00 16.50 8.00 -0.50 -9.01
1964.00 64.47 55.44 46.41 37.38 28.35 19.32 10.29 1.26 -7.77
1965.00 69.05 59.51 49.97 40.43 30.89 21.35 11.81 2.27 -7.27
1966.00 72.65 62.61 52.57 42.53 32.49 22.45 12.41 2.37 -7.67
1967.00 74.49 63.96 53.43 42.90 32.37 21.84 11.31 0.78 -9.75
1968.00 76.98 65.91 54.84 43.77 32.70 21.63 10.57 -0.50 -11.57
1969.00 80.70 69.09 57.49 45.89 34.29 22.69 11.08 -0.52 -12.12
1970.00 121.27 121.27 121.28 121.28 121.28 121.28 121.29 121.29 121.29
1971.00 123.04 123.04 123.04 123.03 123.03 123.03 123.03 123.03 123.03
1972.00 129.85 129.85 129.86 129.86 129.86 129.87 129.87 129.87 129.88
1973.00 125.94 125.94 125.94 125.93 125.93 125.93 125.93 125.93 125.93
1974.00 130.65 130.66 130.66 130.66 130.66 130.66 130.66 130.66 130.66
1975.00 150.32 150.32 150.32 150.32 150.32 150.31 150.31 150.31 150.31
1976.00 164.49 164.49 164.50 164.50 164.51 164.51 164.52 164.52 164.52
1977.00 159.15 159.15 159.15 159.15 159.15 159.15 159.15 159.15 159.15
1978.00 143.76 143.76 143.76 143.76 143.76 143.77 143.77 143.77 143.77
1979.00 138.15 138.15 138.15 138.14 138.14 138.14 138.13 138.13 138.13
1980.00 134.20 134.19 134.19 134.19 134.19 134.19 134.19 134.19 134.19
1981.00 143.94 143.94 143.95 143.95 143.95 143.96 143.96 143.96 143.97
1982.00 148.20 148.21 148.21 148.22 148.22 148.23 148.23 148.24 148.24
1983.00 146.75 146.75 146.75 146.75 146.75 146.75 146.75 146.75 146.75
1984.00 133.71 133.70 133.69 133.69 133.68 133.67 133.67 133.66 133.66
1985.00 128.93 128.93 128.93 128.93 128.93 128.93 128.93 128.93 128.94
1986.00 126.12 126.12 126.12 126.12 126.12 126.12 126.12 126.12 126.12
1987.00 110.56 110.56 110.57 110.57 110.57 110.58 110.58 110.58 110.59
1988.00 105.96 106.09 106.22 106.35 106.48 106.61 106.74 106.87 107.00
1989.00 98.54 98.74 98.94 99.15 99.35 99.55 99.76 99.96 100.16
1990.00 91.55 91.83 92.12 92.40 92.69 92.97 93.26 93.55 93.83
1991.00 87.29 87.84 88.40 88.96 89.52 90.08 90.63 91.19 91.75
1992.00 85.73 86.68 87.62 88.56 89.50 90.45 91.39 92.33 93.28
1993.00 83.30 84.60 85.91 87.21 88.51 89.82 91.12 92.42 93.72
1994.00 79.76 81.44 83.12 84.79 86.47 88.15 89.83 91.50 93.18
1995.00 74.83 77.03 79.23 81.43 83.63 85.82 88.02 90.22 92.42
1996.00 69.38 71.88 74.37 76.86 79.36 81.85 84.34 86.84 89.33
1997.00 65.79 68.72 71.66 74.59 77.53 80.46 83.40 86.33 89.27
1998.00 63.34 66.58 69.82 73.06 76.30 79.54 82.79 86.03 89.27
1999.00 59.53 62.94 66.35 69.76 73.17 76.58 80.00 83.41 86.82
2000.00 54.09 57.48 60.88 64.28 67.67 71.07 74.47 77.86 81.27
2001.00 50.96 54.55 58.14 61.72 65.31 68.90 72.49 76.08 79.68
2002.00 48.44 52.30 56.17 60.04 63.90 67.77 71.64 75.50 79.37
2003.00 45.16 49.31 53.45 57.60 61.74 65.89 70.04 74.18 78.33
2004.00 39.50 43.57 47.65 51.72 55.79 59.86 63.94 68.01 72.08
2005.00 35.01 39.41 43.80 48.19 52.58 56.97 61.36 65.76 70.15
2006.00 29.47 34.15 38.82 43.50 48.17 52.85 57.53 62.21 66.89
2007.00 26.85 31.73 36.61 41.48 46.36 51.24 56.11 60.99 65.87
2008.00 25.50 30.34 35.19 40.03 44.88 49.73 54.57 59.42 64.27
2009.00 23.08 28.01 32.94 37.87 42.80 47.73 52.66 57.59 62.52
2010.00 18.20 23.01 27.83 32.64 37.45 42.26 47.08 51.89 56.71
2011.00 14.04 19.07 24.10 29.14 34.17 39.21 44.24 49.28 54.32
2012.00 10.35 15.61 20.88 26.14 31.40 36.67 41.93 47.19 52.46
2013.00 5.90 11.31 16.73 22.14 27.55 32.96 38.38 43.79 49.21
2014.00 3.50 9.03 14.57 20.10 25.63 31.17 36.70 42.23 47.77
2015.00 1.49 7.33 13.17 19.01 24.85 30.69 36.53 42.37 48.22
2016.00 -0.72 5.35 11.42 17.48 23.55 29.62 35.68 41.75 47.82
2017.00 -4.07 2.18 8.42 14.66 20.91 27.15 33.40 39.64 45.89
2018.00 -19.45 -17.30 -15.14 -12.99 -10.84 -8.68 -6.53 -4.37 -2.21
2019.00 -20.98 -18.57 -16.16 -13.75 -11.34 -8.93 -6.51 -4.10 -1.69
2020.00 -23.22 -20.57 -17.92 -15.27 -12.63 -9.98 -7.33 -4.68 -2.03
2021.00 -24.64 -21.78 -18.91 -16.05 -13.18 -10.32 -7.45 -4.59 -1.72
2022.00 -26.52 -23.45 -20.38 -17.31 -14.24 -11.17 -8.10 -5.03 -1.96
2023.00 -29.12 -25.85 -22.59 -19.33 -16.07 -12.80 -9.54 -6.28 -3.01
2024.00 -31.03 -27.60 -24.17 -20.74 -17.30 -13.87 -10.44 -7.00 -3.57
2025.00 -30.68 -27.11 -23.55 -19.99 -16.42 -12.86 -9.29 -5.73 -2.16
2026.00 -29.95 -26.27 -22.59 -18.91 -15.24 -11.55 -7.88 -4.20 -0.51
2027.00 -29.87 -26.09 -22.31 -18.52 -14.74 -10.95 -7.16 -3.38 0.41
2028.00 -30.50 -26.60 -22.71 -18.80 -14.91 -11.01 -7.11 -3.21 0.69
2029.00 -30.93 -26.95 -22.97 -18.99 -15.01 -11.03 -7.05 -3.07 0.91
2030.00 -31.02 -26.98 -22.94 -18.90 -14.86 -10.81 -6.77 -2.73 1.31
2031.00 -31.41 -27.34 -23.27 -19.19 -15.12 -11.04 -6.96 -2.89 1.19
2032.00 -30.80 -26.70 -22.59 -18.48 -14.37 -10.26 -6.15 -2.04 2.07
2033.00 -30.36 -26.20 -22.05 -17.89 -13.74 -9.59 -5.43 -1.28 2.88
2034.00 -30.53 -26.34 -22.14 -17.94 -13.75 -9.54 -5.35 -1.15 3.05
2035.00 -29.46 -25.24 -21.03 -16.80 -12.58 -8.36 -4.14 0.08 4.30
2036.00 -28.80 -24.57 -20.33 -16.09 -11.85 -7.61 -3.38 0.86 5.10
2037.00 -28.69 -24.44 -20.20 -15.95 -11.71 -7.46 -3.22 1.03 5.28
2038.00 -28.82 -24.55 -20.29 -16.02 -11.76 -7.49 -3.23 1.04 5.30
2039.00 -28.93 -24.66 -20.39 -16.12 -11.85 -7.57 -3.31 0.97 5.24
2040.00 -28.71 -24.43 -20.15 -15.86 -11.58 -7.29 -3.01 1.27 5.56
2041.00 -28.66 -24.38 -20.10 -15.81 -11.53 -7.24 -2.96 1.33 5.61
2042.00 -28.65 -24.36 -20.07 -15.77 -11.48 -7.19 -2.90 1.40 5.69
2043.00 -28.70 -24.40 -20.10 -15.80 -11.50 -7.20 -2.90 1.40 5.70
2044.00 -28.99 -24.68 -20.37 -16.05 -11.74 -7.42 -3.11 1.20 5.51
2045.00 -29.38 -25.07 -20.76 -16.44 -12.12 -7.81 -3.49 0.82 5.13
2046.00 -29.53 -25.22 -20.90 -16.58 -12.26 -7.94 -3.62 0.70 5.01
2047.00 -29.50 -25.18 -20.87 -16.55 -12.24 -7.92 -3.60 0.71 5.02
2048.00 -29.46 -25.14 -20.83 -16.50 -12.18 -7.86 -3.55 0.77 5.09
2049.00 -29.56 -25.24 -20.92 -16.59 -12.27 -7.95 -3.63 0.69 5.00
2050.00 -29.62 -25.30 -20.97 -16.64 -12.32 -8.00 -3.68 0.65 4.96
2051.00 -29.39 -25.07 -20.76 -16.43 -12.12 -7.80 -3.48 0.84 5.15
2052.00 -29.53 -25.21 -20.89 -16.57 -12.25 -7.93 -3.61 0.70 5.01
2053.00 -29.43 -25.12 -20.82 -16.50 -12.20 -7.89 -3.58 0.72 5.02
2054.00 -29.25 -24.94 -20.64 -16.33 -12.03 -7.72 -3.42 0.88 5.18
2055.00 -29.23 -24.93 -20.64 -16.33 -12.04 -7.74 -3.44 0.85 5.14
2056.00 -29.50 -25.21 -20.91 -16.61 -12.31 -8.01 -3.72 0.58 4.87
2057.00 -29.58 -25.30 -21.01 -16.72 -12.44 -8.15 -3.86 0.42 4.70
2058.00 -29.28 -25.00 -20.71 -16.42 -12.14 -7.85 -3.56 0.72 5.00
2059.00 -28.90 -24.63 -20.36 -16.08 -11.81 -7.54 -3.26 1.01 5.27
2060.00 -28.63 -24.35 -20.09 -15.81 -11.54 -7.26 -2.99 1.28 5.54
2061.00 -28.54 -24.27 -20.01 -15.74 -11.47 -7.21 -2.94 1.32 5.57
2062.00 -28.47 -24.21 -19.94 -15.67 -11.41 -7.14 -2.88 1.39 5.64
2063.00 -28.58 -24.32 -20.06 -15.80 -11.54 -7.28 -3.03 1.23 5.48
2064.00 -28.43 -24.18 -19.93 -15.68 -11.43 -7.18 -2.93 1.32 5.56
2065.00 -28.13 -23.90 -19.66 -15.43 -11.19 -6.96 -2.72 1.51 5.73
