# yearspad, alpred
# [0.3 0.4 0.5 0.6 0.7 0.8 0.9 1.  1.1]
1922.00 -24.19 -19.94 -15.70 -11.46 -7.21 -2.98 1.26 5.50 9.74
1923.00 -24.27 -20.05 -15.83 -11.61 -7.39 -3.17 1.05 5.26 9.47
1924.00 -24.47 -20.27 -16.07 -11.87 -7.67 -3.48 0.72 4.91 9.10
1925.00 -24.33 -20.18 -16.04 -11.89 -7.75 -3.60 0.54 4.67 8.81
1926.00 -24.60 -20.51 -16.42 -12.33 -8.24 -4.15 -0.06 4.02 8.10
1927.00 -24.61 -20.59 -16.56 -12.54 -8.52 -4.49 -0.47 3.54 7.56
1928.00 -24.69 -20.74 -16.79 -12.84 -8.89 -4.94 -0.99 2.95 6.90
1929.00 -24.67 -20.83 -16.98 -13.13 -9.28 -5.43 -1.58 2.26 6.10
1930.00 -24.89 -21.16 -17.43 -13.70 -9.98 -6.25 -2.53 1.20 4.92
1931.00 -24.46 -20.90 -17.33 -13.76 -10.19 -6.62 -3.06 0.51 4.07
1932.00 -24.25 -20.84 -17.42 -14.01 -10.59 -7.17 -3.76 -0.35 3.06
1933.00 -23.57 -20.33 -17.08 -13.84 -10.59 -7.35 -4.11 -0.87 2.37
1934.00 -23.09 -20.04 -16.98 -13.92 -10.86 -7.81 -4.75 -1.70 1.35
1935.00 -22.27 -19.46 -16.64 -13.83 -11.01 -8.20 -5.39 -2.58 0.22
1936.00 -21.56 -19.01 -16.46 -13.90 -11.35 -8.80 -6.25 -3.71 -1.16
1937.00 -20.94 -18.67 -16.39 -14.10 -11.83 -9.55 -7.27 -5.00 -2.73
1938.00 -20.20 -18.19 -16.17 -14.15 -12.13 -10.11 -8.10 -6.09 -4.07
1939.00 -18.86 -17.15 -15.42 -13.70 -11.97 -10.25 -8.53 -6.81 -5.10
1940.00 -18.05 -16.63 -15.21 -13.78 -12.36 -10.94 -9.52 -8.10 -6.68
1941.00 -16.35 -15.29 -14.22 -13.15 -12.08 -11.01 -9.94 -8.88 -7.82
1942.00 -14.87 -14.16 -13.44 -12.72 -12.00 -11.28 -10.56 -9.85 -9.13
1943.00 -12.96 -12.63 -12.29 -11.94 -11.60 -11.26 -10.92 -10.59 -10.25
1944.00 -11.44 -11.46 -11.48 -11.49 -11.51 -11.53 -11.55 -11.57 -11.59
1945.00 -9.17 -9.57 -9.95 -10.34 -10.73 -11.12 -11.51 -11.91 -12.30
1946.00 -7.46 -8.24 -9.02 -9.79 -10.57 -11.35 -12.13 -12.91 -13.69
1947.00 -5.49 -6.69 -7.87 -9.05 -10.23 -11.42 -12.60 -13.79 -14.98
1948.00 -3.99 -5.61 -7.23 -8.85 -10.46 -12.08 -13.70 -15.32 -16.94
1949.00 -1.68 -3.73 -5.76 -7.80 -9.84 -11.88 -13.92 -15.97 -18.01
1950.00 0.45 -2.02 -4.49 -6.95 -9.41 -11.87 -14.34 -16.80 -19.27
1951.00 2.68 -0.19 -3.05 -5.91 -8.77 -11.63 -14.49 -17.35 -20.21
1952.00 5.35 2.03 -1.28 -4.60 -7.91 -11.23 -14.54 -17.86 -21.18
1953.00 7.88 4.09 0.31 -3.47 -7.25 -11.04 -14.82 -18.60 -22.39
1954.00 10.17 5.89 1.61 -2.66 -6.94 -11.21 -15.49 -19.77 -24.05
1955.00 12.25 7.52 2.79 -1.93 -6.66 -11.38 -16.11 -20.84 -25.57
1956.00 14.61 9.42 4.24 -0.94 -6.12 -11.30 -16.48 -21.66 -26.84
1957.00 16.99 11.36 5.74 0.12 -5.50 -11.12 -16.74 -22.37 -27.99
1958.00 19.75 13.64 7.54 1.43 -4.67 -10.77 -16.88 -22.98 -29.09
1959.00 22.56 15.94 9.32 2.71 -3.91 -10.53 -17.14 -23.76 -30.38
1960.00 25.48 18.36 11.26 4.15 -2.96 -10.07 -17.18 -24.29 -31.40
1961.00 28.19 20.61 13.03 5.45 -2.13 -9.71 -17.29 -24.87 -32.45
1962.00 30.60 22.54 14.47 6.41 -1.65 -9.71 -17.78 -25.84 -33.91
1963.00 32.99 24.41 15.83 7.26 -1.32 -9.90 -18.47 -27.05 -35.63
1964.00 35.54 26.43 17.33 8.22 -0.88 -9.98 -19.09 -28.19 -37.30
1965.00 37.98 28.36 18.74 9.13 -0.49 -10.10 -19.72 -29.33 -38.95
1966.00 40.68 30.56 20.44 10.32 0.20 -9.92 -20.04 -30.16 -40.28
1967.00 43.59 32.98 22.37 11.76 1.14 -9.47 -20.08 -30.69 -41.30
1968.00 46.78 35.63 24.48 13.34 2.19 -8.95 -20.10 -31.24 -42.39
1969.00 50.08 38.41 26.75 15.08 3.41 -8.26 -19.93 -31.60 -43.26
1970.00 89.83 89.83 89.84 89.84 89.84 89.84 89.84 89.85 89.85
1971.00 95.38 95.38 95.38 95.38 95.38 95.38 95.37 95.37 95.37
1972.00 101.06 101.07 101.07 101.07 101.08 101.08 101.08 101.09 101.09
1973.00 102.94 102.94 102.94 102.93 102.93 102.93 102.93 102.93 102.93
1974.00 108.19 108.19 108.19 108.19 108.19 108.19 108.19 108.19 108.19
1975.00 111.70 111.69 111.69 111.69 111.69 111.69 111.69 111.68 111.68
1976.00 116.18 116.19 116.19 116.20 116.20 116.21 116.22 116.22 116.23
1977.00 117.16 117.16 117.16 117.16 117.16 117.16 117.17 117.17 117.17
1978.00 122.92 122.92 122.92 122.92 122.92 122.92 122.93 122.93 122.93
1979.00 121.42 121.42 121.41 121.41 121.40 121.40 121.40 121.39 121.39
1980.00 123.14 123.14 123.14 123.14 123.14 123.14 123.13 123.13 123.13
1981.00 119.64 119.65 119.65 119.65 119.66 119.66 119.66 119.67 119.67
1982.00 119.09 119.09 119.10 119.10 119.11 119.11 119.12 119.12 119.13
1983.00 116.29 116.29 116.29 116.29 116.29 116.29 116.30 116.30 116.30
1984.00 113.06 113.05 113.05 113.04 113.03 113.03 113.02 113.02 113.01
1985.00 114.51 114.51 114.51 114.51 114.51 114.51 114.52 114.52 114.52
1986.00 116.24 116.24 116.24 116.24 116.24 116.24 116.24 116.24 116.24
1987.00 113.98 113.99 113.99 113.99 113.99 114.00 114.00 114.00 114.01
1988.00 110.71 110.78 110.86 110.94 111.02 111.09 111.17 111.25 111.33
1989.00 106.86 107.06 107.26 107.46 107.66 107.85 108.05 108.25 108.45
1990.00 102.62 102.91 103.19 103.48 103.76 104.05 104.33 104.62 104.90
1991.00 98.91 99.48 100.04 100.60 101.16 101.72 102.27 102.84 103.40
1992.00 95.42 96.36 97.29 98.22 99.16 100.09 101.03 101.96 102.90
1993.00 91.88 93.18 94.47 95.76 97.05 98.34 99.63 100.92 102.21
1994.00 88.47 90.14 91.80 93.47 95.13 96.79 98.46 100.12 101.78
1995.00 85.44 87.62 89.80 91.98 94.16 96.33 98.51 100.69 102.87
1996.00 82.11 84.59 87.06 89.53 92.01 94.48 96.95 99.42 101.90
1997.00 79.09 81.99 84.88 87.77 90.67 93.56 96.45 99.34 102.24
1998.00 75.64 78.85 82.04 85.24 88.43 91.63 94.82 98.02 101.22
1999.00 71.58 74.96 78.32 81.68 85.04 88.40 91.76 95.13 98.49
2000.00 67.14 70.50 73.84 77.19 80.53 83.87 87.22 90.57 93.91
2001.00 63.37 66.92 70.46 74.00 77.54 81.08 84.62 88.16 91.71
2002.00 60.38 64.21 68.04 71.86 75.68 79.50 83.33 87.15 90.98
2003.00 57.46 61.58 65.69 69.80 73.91 78.02 82.13 86.24 90.36
2004.00 53.69 57.74 61.77 65.80 69.83 73.86 77.89 81.92 85.95
2005.00 50.84 55.21 59.57 63.92 68.28 72.63 76.99 81.35 85.71
2006.00 47.35 52.00 56.63 61.26 65.89 70.52 75.15 79.79 84.42
2007.00 44.06 48.91 53.74 58.58 63.41 68.24 73.07 77.91 82.74
2008.00 39.86 44.66 49.45 54.23 59.02 63.81 68.59 73.38 78.17
2009.00 36.20 41.09 45.96 50.83 55.69 60.56 65.43 70.30 75.17
2010.00 31.57 36.35 41.10 45.86 50.61 55.37 60.13 64.88 69.64
2011.00 29.15 34.16 39.15 44.14 49.13 54.12 59.11 64.10 69.09
2012.00 26.12 31.36 36.59 41.81 47.03 52.25 57.47 62.69 67.91
2013.00 23.43 28.83 34.20 39.58 44.95 50.32 55.70 61.07 66.45
2014.00 20.03 25.55 31.04 36.54 42.03 47.52 53.02 58.51 64.01
2015.00 17.63 23.45 29.25 35.05 40.84 46.64 52.44 58.24 64.04
2016.00 14.47 20.53 26.55 32.58 38.60 44.63 50.65 56.68 62.71
2017.00 11.69 17.92 24.13 30.33 36.54 42.74 48.95 55.16 61.37
2018.00 -3.45 -1.26 0.91 3.08 5.25 7.42 9.59 11.76 13.93
2019.00 -5.19 -2.73 -0.31 2.12 4.54 6.97 9.40 11.82 14.26
2020.00 -7.48 -4.78 -2.12 0.55 3.21 5.88 8.54 11.21 13.88
2021.00 -9.21 -6.30 -3.41 -0.53 2.35 5.23 8.12 11.00 13.89
2022.00 -11.04 -7.92 -4.83 -1.74 1.35 4.44 7.53 10.62 13.72
2023.00 -12.83 -9.51 -6.23 -2.94 0.35 3.63 6.92 10.21 13.50
2024.00 -14.58 -11.09 -7.63 -4.17 -0.71 2.74 6.20 9.66 13.13
2025.00 -15.90 -12.29 -8.70 -5.11 -1.52 2.06 5.65 9.24 12.83
2026.00 -17.50 -13.77 -10.07 -6.37 -2.67 1.03 4.73 8.44 12.14
2027.00 -18.48 -14.64 -10.84 -7.03 -3.23 0.57 4.38 8.19 11.99
2028.00 -19.62 -15.66 -11.75 -7.83 -3.91 0.01 3.93 7.85 11.77
2029.00 -20.07 -16.04 -12.04 -8.04 -4.04 -0.04 3.96 7.96 11.97
2030.00 -20.76 -16.67 -12.60 -8.54 -4.48 -0.41 3.65 7.72 11.78
2031.00 -21.34 -17.21 -13.11 -9.02 -4.92 -0.83 3.27 7.37 11.47
2032.00 -21.89 -17.73 -13.60 -9.48 -5.35 -1.22 2.91 7.04 11.17
2033.00 -22.48 -18.28 -14.10 -9.93 -5.76 -1.59 2.59 6.76 10.94
2034.00 -23.30 -19.05 -14.83 -10.62 -6.40 -2.18 2.03 6.25 10.47
2035.00 -23.49 -19.22 -14.99 -10.75 -6.51 -2.28 1.96 6.20 10.44
2036.00 -23.78 -19.49 -15.24 -10.98 -6.73 -2.48 1.77 6.03 10.28
2037.00 -23.78 -19.48 -15.22 -10.96 -6.70 -2.44 1.82 6.08 10.35
2038.00 -23.98 -19.67 -15.39 -11.11 -6.83 -2.55 1.73 6.01 10.30
2039.00 -23.87 -19.55 -15.26 -10.97 -6.69 -2.40 1.89 6.18 10.47
2040.00 -23.92 -19.59 -15.29 -10.99 -6.69 -2.39 1.91 6.21 10.51
2041.00 -23.86 -19.53 -15.23 -10.93 -6.63 -2.33 1.97 6.27 10.58
2042.00 -24.06 -19.72 -15.41 -11.10 -6.79 -2.48 1.82 6.13 10.44
2043.00 -23.90 -19.56 -15.24 -10.92 -6.60 -2.29 2.03 6.35 10.66
2044.00 -24.11 -19.75 -15.42 -11.09 -6.76 -2.43 1.90 6.23 10.56
2045.00 -24.14 -19.78 -15.44 -11.11 -6.77 -2.44 1.89 6.23 10.56
2046.00 -24.29 -19.92 -15.58 -11.24 -6.90 -2.57 1.77 6.11 10.45
2047.00 -24.26 -19.89 -15.56 -11.22 -6.88 -2.55 1.79 6.12 10.46
2048.00 -24.50 -20.14 -15.80 -11.46 -7.12 -2.78 1.56 5.90 10.24
2049.00 -24.51 -20.15 -15.80 -11.46 -7.12 -2.78 1.56 5.90 10.24
2050.00 -24.58 -20.22 -15.87 -11.52 -7.18 -2.84 1.51 5.85 10.19
2051.00 -24.45 -20.10 -15.75 -11.41 -7.07 -2.74 1.60 5.94 10.28
2052.00 -24.53 -20.17 -15.83 -11.49 -7.15 -2.81 1.53 5.86 10.20
2053.00 -24.40 -20.05 -15.72 -11.39 -7.06 -2.73 1.59 5.92 10.25
2054.00 -24.42 -20.07 -15.75 -11.42 -7.09 -2.77 1.56 5.88 10.21
2055.00 -24.26 -19.92 -15.60 -11.28 -6.96 -2.64 1.68 5.99 10.31
2056.00 -24.43 -20.10 -15.78 -11.46 -7.14 -2.82 1.50 5.81 10.13
2057.00 -24.34 -20.02 -15.70 -11.39 -7.09 -2.78 1.53 5.83 10.14
2058.00 -24.43 -20.11 -15.80 -11.49 -7.18 -2.88 1.43 5.73 10.04
2059.00 -24.38 -20.08 -15.78 -11.49 -7.19 -2.90 1.39 5.68 9.97
2060.00 -24.57 -20.27 -15.98 -11.68 -7.39 -3.10 1.19 5.48 9.76
2061.00 -24.34 -20.04 -15.75 -11.47 -7.18 -2.90 1.38 5.66 9.94
2062.00 -24.38 -20.08 -15.79 -11.51 -7.22 -2.94 1.35 5.63 9.91
2063.00 -24.24 -19.95 -15.67 -11.39 -7.12 -2.84 1.43 5.71 9.98
2064.00 -24.26 -19.98 -15.71 -11.44 -7.17 -2.90 1.36 5.62 9.89
2065.00 -24.06 -19.81 -15.55 -11.29 -7.04 -2.79 1.46 5.71 9.96
