# yearspad, alpred
# [0.3 0.4 0.5 0.6 0.7 0.8 0.9 1.  1.1]
1922.00 -27.27 -23.04 -18.81 -14.57 -10.34 -6.11 -1.88 2.35 6.57
1923.00 -27.04 -22.83 -18.62 -14.40 -10.19 -5.98 -1.77 2.43 6.63
1924.00 -26.67 -22.48 -18.29 -14.09 -9.90 -5.71 -1.52 2.66 6.84
1925.00 -26.46 -22.31 -18.18 -14.03 -9.90 -5.76 -1.62 2.51 6.64
1926.00 -26.03 -21.94 -17.86 -13.77 -9.68 -5.60 -1.51 2.57 6.65
1927.00 -26.07 -22.05 -18.03 -14.01 -9.99 -5.97 -1.95 2.07 6.08
1928.00 -25.88 -21.93 -17.98 -14.03 -10.08 -6.13 -2.19 1.76 5.70
1929.00 -25.74 -21.89 -18.04 -14.19 -10.34 -6.49 -2.65 1.20 5.04
1930.00 -25.57 -21.84 -18.11 -14.38 -10.65 -6.92 -3.19 0.53 4.26
1931.00 -25.09 -21.51 -17.94 -14.37 -10.79 -7.22 -3.65 -0.08 3.48
1932.00 -24.78 -21.36 -17.94 -14.51 -11.09 -7.67 -4.25 -0.84 2.58
1933.00 -24.04 -20.79 -17.54 -14.29 -11.04 -7.79 -4.54 -1.30 1.95
1934.00 -23.22 -20.16 -17.09 -14.03 -10.96 -7.90 -4.83 -1.77 1.28
1935.00 -22.71 -19.88 -17.06 -14.24 -11.42 -8.60 -5.78 -2.96 -0.15
1936.00 -21.50 -18.93 -16.37 -13.80 -11.24 -8.68 -6.12 -3.56 -1.00
1937.00 -21.10 -18.81 -16.52 -14.23 -11.94 -9.65 -7.36 -5.07 -2.79
1938.00 -20.09 -18.06 -16.03 -14.00 -11.96 -9.93 -7.90 -5.88 -3.85
1939.00 -19.03 -17.29 -15.56 -13.82 -12.08 -10.35 -8.62 -6.89 -5.16
1940.00 -17.72 -16.28 -14.85 -13.41 -11.97 -10.53 -9.10 -7.67 -6.24
1941.00 -15.96 -14.88 -13.79 -12.71 -11.62 -10.54 -9.46 -8.38 -7.31
1942.00 -13.98 -13.24 -12.50 -11.76 -11.02 -10.29 -9.55 -8.81 -8.08
1943.00 -12.08 -11.72 -11.36 -11.01 -10.65 -10.29 -9.93 -9.58 -9.23
1944.00 -9.91 -9.91 -9.90 -9.90 -9.90 -9.90 -9.90 -9.90 -9.91
1945.00 -7.79 -8.16 -8.54 -8.91 -9.28 -9.65 -10.03 -10.40 -10.78
1946.00 -5.86 -6.62 -7.38 -8.14 -8.90 -9.66 -10.42 -11.18 -11.94
1947.00 -3.25 -4.41 -5.58 -6.74 -7.90 -9.07 -10.23 -11.40 -12.57
1948.00 -1.18 -2.78 -4.37 -5.97 -7.56 -9.16 -10.75 -12.35 -13.95
1949.00 1.56 -0.46 -2.47 -4.49 -6.50 -8.52 -10.54 -12.56 -14.58
1950.00 4.25 1.81 -0.63 -3.07 -5.51 -7.96 -10.40 -12.84 -15.29
1951.00 7.08 4.24 1.40 -1.43 -4.27 -7.11 -9.95 -12.79 -15.63
1952.00 10.16 6.86 3.57 0.28 -3.01 -6.31 -9.60 -12.90 -16.20
1953.00 12.83 9.07 5.31 1.55 -2.20 -5.96 -9.73 -13.49 -17.25
1954.00 15.52 11.27 7.01 2.76 -1.49 -5.74 -10.00 -14.25 -18.51
1955.00 17.63 12.93 8.22 3.52 -1.18 -5.89 -10.59 -15.30 -20.00
1956.00 20.16 15.01 9.85 4.69 -0.47 -5.63 -10.79 -15.95 -21.11
1957.00 23.15 17.55 11.95 6.35 0.75 -4.85 -10.45 -16.06 -21.66
1958.00 26.29 20.21 14.12 8.04 1.96 -4.12 -10.20 -16.28 -22.37
1959.00 29.46 22.86 16.27 9.67 3.08 -3.52 -10.11 -16.71 -23.31
1960.00 32.68 25.59 18.51 11.42 4.33 -2.75 -9.84 -16.93 -24.02
1961.00 35.74 28.19 20.63 13.08 5.53 -2.03 -9.59 -17.14 -24.70
1962.00 38.44 30.40 22.36 14.32 6.28 -1.76 -9.80 -17.84 -25.88
1963.00 41.62 33.07 24.51 15.96 7.41 -1.15 -9.70 -18.26 -26.81
1964.00 44.73 35.65 26.57 17.49 8.41 -0.67 -9.75 -18.83 -27.91
1965.00 47.68 38.09 28.50 18.91 9.32 -0.27 -9.86 -19.45 -29.04
1966.00 50.84 40.74 30.65 20.55 10.46 0.37 -9.73 -19.82 -29.92
1967.00 54.47 43.88 33.30 22.72 12.13 1.55 -9.04 -19.62 -30.21
1968.00 57.56 46.44 35.32 24.20 13.08 1.96 -9.16 -20.28 -31.40
1969.00 61.05 49.40 37.76 26.11 14.47 2.82 -8.82 -20.47 -32.11
1970.00 100.30 100.30 100.30 100.31 100.31 100.31 100.31 100.32 100.32
1971.00 104.04 104.04 104.03 104.03 104.03 104.03 104.03 104.02 104.02
1972.00 103.96 103.97 103.97 103.98 103.98 103.98 103.99 103.99 103.99
1973.00 107.97 107.97 107.97 107.97 107.97 107.97 107.96 107.96 107.96
1974.00 109.74 109.74 109.74 109.74 109.74 109.74 109.74 109.74 109.75
1975.00 114.79 114.79 114.78 114.78 114.78 114.78 114.78 114.78 114.77
1976.00 119.11 119.11 119.12 119.12 119.13 119.13 119.14 119.14 119.15
1977.00 122.61 122.61 122.61 122.61 122.61 122.62 122.62 122.62 122.62
1978.00 127.24 127.24 127.24 127.24 127.24 127.25 127.25 127.25 127.25
1979.00 126.57 126.56 126.56 126.56 126.55 126.55 126.55 126.54 126.54
1980.00 131.69 131.69 131.69 131.69 131.69 131.68 131.68 131.68 131.68
1981.00 128.73 128.74 128.74 128.74 128.75 128.75 128.75 128.76 128.76
1982.00 127.44 127.44 127.45 127.45 127.46 127.46 127.47 127.47 127.48
1983.00 127.93 127.93 127.93 127.93 127.94 127.94 127.94 127.94 127.94
1984.00 123.19 123.18 123.18 123.17 123.16 123.16 123.15 123.15 123.14
1985.00 125.77 125.77 125.78 125.78 125.78 125.78 125.78 125.78 125.78
1986.00 125.94 125.94 125.94 125.94 125.94 125.94 125.94 125.94 125.94
1987.00 122.30 122.30 122.31 122.31 122.31 122.31 122.32 122.32 122.32
1988.00 118.06 118.13 118.21 118.28 118.35 118.43 118.50 118.58 118.65
1989.00 113.48 113.67 113.85 114.04 114.23 114.42 114.60 114.79 114.98
1990.00 108.67 108.96 109.25 109.54 109.84 110.13 110.42 110.71 111.01
1991.00 104.49 105.05 105.61 106.17 106.73 107.28 107.84 108.40 108.96
1992.00 100.55 101.46 102.38 103.29 104.21 105.12 106.04 106.95 107.87
1993.00 97.03 98.32 99.62 100.91 102.20 103.50 104.79 106.09 107.38
1994.00 93.20 94.87 96.55 98.22 99.89 101.57 103.24 104.92 106.59
1995.00 89.99 92.16 94.34 96.51 98.68 100.85 103.02 105.20 107.37
1996.00 86.57 89.04 91.51 93.98 96.45 98.92 101.39 103.86 106.33
1997.00 83.25 86.15 89.05 91.95 94.85 97.76 100.66 103.56 106.47
1998.00 79.16 82.36 85.57 88.77 91.97 95.18 98.38 101.58 104.79
1999.00 74.92 78.29 81.66 85.03 88.39 91.76 95.13 98.50 101.87
2000.00 69.86 73.21 76.57 79.92 83.27 86.62 89.97 93.32 96.68
2001.00 65.66 69.19 72.73 76.26 79.79 83.32 86.85 90.39 93.92
2002.00 62.76 66.60 70.43 74.27 78.10 81.94 85.77 89.61 93.44
2003.00 59.26 63.37 67.48 71.58 75.69 79.79 83.90 88.01 92.12
2004.00 55.08 59.14 63.20 67.26 71.32 75.38 79.44 83.51 87.57
2005.00 51.36 55.73 60.10 64.47 68.84 73.21 77.58 81.96 86.33
2006.00 47.86 52.51 57.16 61.81 66.46 71.11 75.76 80.41 85.07
2007.00 43.97 48.81 53.66 58.51 63.36 68.20 73.05 77.90 82.75
2008.00 39.70 44.50 49.31 54.11 58.91 63.71 68.51 73.32 78.12
2009.00 35.92 40.81 45.70 50.58 55.47 60.36 65.25 70.14 75.03
2010.00 31.39 36.18 40.97 45.76 50.55 55.34 60.12 64.91 69.71
2011.00 28.59 33.61 38.62 43.64 48.66 53.67 58.69 63.71 68.73
2012.00 25.68 30.93 36.17 41.42 46.67 51.91 57.16 62.41 67.66
2013.00 22.74 28.14 33.54 38.94 44.34 49.74 55.14 60.54 65.94
2014.00 19.40 24.92 30.44 35.96 41.48 47.00 52.52 58.04 63.57
2015.00 16.58 22.40 28.23 34.05 39.88 45.70 51.52 57.35 63.18
2016.00 13.62 19.67 25.72 31.76 37.81 43.86 49.91 55.96 62.01
2017.00 10.62 16.85 23.08 29.30 35.53 41.75 47.98 54.21 60.44
2018.00 -4.53 -2.35 -0.17 2.00 4.17 6.35 8.52 10.70 12.88
2019.00 -6.47 -4.03 -1.60 0.83 3.27 5.70 8.13 10.57 13.00
2020.00 -8.48 -5.80 -3.13 -0.46 2.21 4.89 7.56 10.23 12.91
2021.00 -10.64 -7.75 -4.86 -1.97 0.92 3.81 6.70 9.59 12.48
2022.00 -12.44 -9.35 -6.25 -3.16 -0.06 3.03 6.12 9.22 12.32
2023.00 -14.73 -11.44 -8.15 -4.86 -1.57 1.71 5.00 8.29 11.58
2024.00 -16.46 -13.00 -9.54 -6.08 -2.62 0.83 4.29 7.75 11.21
2025.00 -18.32 -14.73 -11.14 -7.56 -3.97 -0.39 3.20 6.78 10.37
2026.00 -20.13 -16.43 -12.73 -9.03 -5.33 -1.64 2.06 5.76 9.46
2027.00 -21.30 -17.50 -13.69 -9.89 -6.09 -2.29 1.51 5.31 9.12
2028.00 -22.76 -18.84 -14.93 -11.01 -7.10 -3.19 0.72 4.64 8.55
2029.00 -23.56 -19.56 -15.57 -11.58 -7.58 -3.59 0.40 4.39 8.39
2030.00 -24.08 -20.02 -15.96 -11.91 -7.85 -3.80 0.25 4.31 8.37
2031.00 -25.08 -20.99 -16.90 -12.81 -8.72 -4.64 -0.55 3.54 7.63
2032.00 -25.51 -21.39 -17.27 -13.15 -9.03 -4.91 -0.80 3.32 7.45
2033.00 -26.26 -22.09 -17.93 -13.76 -9.60 -5.44 -1.28 2.88 7.05
2034.00 -26.78 -22.58 -18.37 -14.16 -9.96 -5.75 -1.55 2.66 6.87
2035.00 -27.00 -22.77 -18.55 -14.32 -10.09 -5.87 -1.65 2.58 6.81
2036.00 -27.17 -22.93 -18.68 -14.44 -10.20 -5.96 -1.72 2.52 6.77
2037.00 -27.28 -23.02 -18.77 -14.52 -10.27 -6.03 -1.78 2.47 6.72
2038.00 -27.35 -23.08 -18.81 -14.54 -10.27 -6.00 -1.73 2.53 6.80
2039.00 -27.45 -23.17 -18.90 -14.62 -10.35 -6.07 -1.80 2.47 6.75
2040.00 -27.32 -23.03 -18.74 -14.45 -10.17 -5.88 -1.60 2.69 6.98
2041.00 -27.40 -23.11 -18.82 -14.53 -10.24 -5.96 -1.67 2.62 6.91
2042.00 -27.39 -23.09 -18.80 -14.50 -10.20 -5.91 -1.61 2.68 6.98
2043.00 -27.30 -22.99 -18.69 -14.38 -10.08 -5.78 -1.47 2.83 7.13
2044.00 -27.36 -23.03 -18.72 -14.39 -10.08 -5.76 -1.44 2.87 7.19
2045.00 -27.36 -23.03 -18.71 -14.39 -10.07 -5.75 -1.43 2.89 7.21
2046.00 -27.32 -22.99 -18.66 -14.33 -10.01 -5.68 -1.36 2.97 7.29
2047.00 -27.47 -23.14 -18.82 -14.49 -10.17 -5.85 -1.53 2.80 7.12
2048.00 -27.55 -23.21 -18.89 -14.56 -10.23 -5.90 -1.58 2.75 7.07
2049.00 -27.69 -23.36 -19.03 -14.70 -10.37 -6.04 -1.72 2.61 6.94
2050.00 -27.76 -23.42 -19.09 -14.75 -10.42 -6.09 -1.76 2.56 6.89
2051.00 -27.86 -23.53 -19.21 -14.88 -10.55 -6.23 -1.90 2.42 6.74
2052.00 -27.80 -23.46 -19.14 -14.81 -10.48 -6.16 -1.83 2.49 6.82
2053.00 -27.90 -23.58 -19.26 -14.94 -10.63 -6.31 -2.00 2.31 6.63
2054.00 -27.81 -23.49 -19.18 -14.86 -10.55 -6.24 -1.92 2.38 6.69
2055.00 -27.81 -23.50 -19.20 -14.89 -10.58 -6.28 -1.97 2.33 6.63
2056.00 -27.86 -23.54 -19.24 -14.93 -10.62 -6.32 -2.01 2.29 6.59
2057.00 -27.85 -23.55 -19.26 -14.96 -10.66 -6.37 -2.07 2.22 6.51
2058.00 -27.80 -23.50 -19.21 -14.91 -10.61 -6.32 -2.02 2.26 6.56
2059.00 -27.87 -23.58 -19.30 -15.01 -10.73 -6.45 -2.17 2.11 6.38
2060.00 -27.83 -23.55 -19.27 -14.98 -10.70 -6.43 -2.15 2.13 6.40
2061.00 -27.79 -23.51 -19.24 -14.96 -10.69 -6.42 -2.15 2.12 6.39
2062.00 -27.72 -23.44 -19.17 -14.89 -10.62 -6.35 -2.07 2.19 6.46
2063.00 -27.66 -23.39 -19.13 -14.86 -10.59 -6.32 -2.06 2.20 6.46
2064.00 -27.47 -23.21 -18.95 -14.69 -10.43 -6.18 -1.92 2.33 6.58
2065.00 -27.39 -23.14 -18.90 -14.65 -10.41 -6.17 -1.93 2.31 6.54
