# yearspad, alpred
# [0.3 0.4 0.5 0.6 0.7 0.8 0.9 1.  1.1]
1922.00 -26.92 -22.70 -18.48 -14.26 -10.05 -5.83 -1.62 2.60 6.82
1923.00 -26.04 -21.84 -17.64 -13.44 -9.25 -5.05 -0.85 3.35 7.55
1924.00 -26.90 -22.72 -18.55 -14.37 -10.20 -6.02 -1.84 2.33 6.51
1925.00 -26.31 -22.19 -18.07 -13.94 -9.82 -5.69 -1.57 2.56 6.68
1926.00 -26.35 -22.28 -18.21 -14.14 -10.07 -5.99 -1.92 2.15 6.22
1927.00 -25.32 -21.31 -17.30 -13.29 -9.28 -5.27 -1.26 2.75 6.76
1928.00 -24.51 -20.57 -16.63 -12.69 -8.75 -4.81 -0.87 3.07 7.01
1929.00 -23.27 -19.42 -15.58 -11.74 -7.89 -4.05 -0.21 3.64 7.48
1930.00 -22.86 -19.14 -15.41 -11.68 -7.96 -4.23 -0.50 3.23 6.95
1931.00 -22.05 -18.48 -14.90 -11.33 -7.76 -4.19 -0.61 2.96 6.53
1932.00 -21.43 -18.00 -14.58 -11.15 -7.73 -4.31 -0.88 2.54 5.96
1933.00 -18.69 -15.43 -12.17 -8.92 -5.66 -2.40 0.86 4.11 7.37
1934.00 -17.98 -14.91 -11.83 -8.76 -5.68 -2.61 0.47 3.54 6.62
1935.00 -15.87 -13.04 -10.20 -7.36 -4.52 -1.68 1.15 3.99 6.83
1936.00 -14.67 -12.08 -9.50 -6.91 -4.33 -1.74 0.84 3.42 6.01
1937.00 -12.69 -10.38 -8.06 -5.74 -3.43 -1.11 1.21 3.52 5.84
1938.00 -12.01 -9.95 -7.89 -5.83 -3.78 -1.72 0.34 2.40 4.46
1939.00 -9.17 -7.40 -5.63 -3.86 -2.09 -0.32 1.45 3.22 4.99
1940.00 -7.64 -6.17 -4.69 -3.21 -1.74 -0.26 1.21 2.69 4.16
1941.00 -4.87 -3.74 -2.61 -1.48 -0.35 0.77 1.90 3.03 4.15
1942.00 -4.39 -3.61 -2.82 -2.04 -1.26 -0.48 0.31 1.09 1.87
1943.00 -1.82 -1.42 -1.01 -0.60 -0.19 0.21 0.62 1.03 1.43
1944.00 0.22 0.27 0.32 0.37 0.42 0.48 0.53 0.58 0.63
1945.00 3.08 2.76 2.45 2.13 1.81 1.49 1.18 0.86 0.54
1946.00 5.98 5.29 4.59 3.89 3.19 2.49 1.79 1.09 0.39
1947.00 8.78 7.68 6.58 5.48 4.38 3.28 2.18 1.08 -0.03
1948.00 9.89 8.36 6.83 5.29 3.76 2.23 0.70 -0.83 -2.37
1949.00 11.54 9.59 7.64 5.68 3.73 1.78 -0.18 -2.13 -4.09
1950.00 14.68 12.31 9.93 7.56 5.18 2.81 0.44 -1.94 -4.32
1951.00 18.16 15.39 12.62 9.85 7.08 4.31 1.54 -1.23 -4.01
1952.00 21.08 17.86 14.63 11.40 8.18 4.96 1.73 -1.50 -4.73
1953.00 23.90 20.21 16.52 12.82 9.13 5.44 1.75 -1.94 -5.64
1954.00 26.99 22.81 18.62 14.44 10.26 6.08 1.90 -2.28 -6.47
1955.00 29.73 25.10 20.47 15.84 11.21 6.58 1.95 -2.68 -7.32
1956.00 33.27 28.19 23.11 18.02 12.94 7.86 2.78 -2.31 -7.39
1957.00 36.16 30.63 25.10 19.57 14.05 8.52 2.99 -2.54 -8.07
1958.00 38.59 32.57 26.56 20.55 14.54 8.52 2.51 -3.50 -9.52
1959.00 41.12 34.60 28.07 21.54 15.01 8.49 1.96 -4.57 -11.10
1960.00 44.87 37.86 30.84 23.82 16.80 9.78 2.77 -4.25 -11.27
1961.00 48.61 41.12 33.63 26.15 18.66 11.17 3.69 -3.80 -11.29
1962.00 51.98 44.01 36.03 28.06 20.09 12.11 4.14 -3.83 -11.81
1963.00 54.88 46.39 37.89 29.40 20.91 12.41 3.92 -4.57 -13.07
1964.00 57.51 48.48 39.46 30.43 21.41 12.38 3.36 -5.67 -14.70
1965.00 59.56 50.02 40.48 30.94 21.40 11.86 2.31 -7.23 -16.77
1966.00 63.64 53.59 43.55 33.50 23.45 13.41 3.36 -6.68 -16.73
1967.00 66.97 56.43 45.88 35.34 24.80 14.26 3.71 -6.83 -17.37
1968.00 70.92 59.84 48.76 37.67 26.59 15.51 4.43 -6.66 -17.74
1969.00 73.62 62.00 50.39 38.77 27.16 15.54 3.93 -7.69 -19.30
1970.00 115.08 115.08 115.08 115.08 115.09 115.09 115.09 115.09 115.09
1971.00 109.86 109.86 109.86 109.86 109.86 109.86 109.85 109.85 109.85
1972.00 124.90 124.90 124.90 124.91 124.91 124.91 124.92 124.92 124.92
1973.00 128.26 128.26 128.26 128.25 128.25 128.25 128.25 128.25 128.25
1974.00 132.91 132.91 132.91 132.91 132.91 132.91 132.91 132.91 132.91
1975.00 121.93 121.93 121.93 121.93 121.93 121.93 121.93 121.93 121.92
1976.00 122.35 122.35 122.36 122.36 122.37 122.37 122.38 122.39 122.39
1977.00 121.73 121.73 121.73 121.73 121.73 121.73 121.73 121.73 121.73
1978.00 124.69 124.69 124.69 124.69 124.69 124.69 124.70 124.70 124.70
1979.00 124.58 124.58 124.58 124.57 124.57 124.56 124.56 124.56 124.55
1980.00 126.62 126.61 126.61 126.61 126.61 126.61 126.61 126.61 126.61
1981.00 113.96 113.97 113.97 113.97 113.98 113.98 113.99 113.99 113.99
1982.00 113.50 113.51 113.51 113.52 113.52 113.52 113.53 113.53 113.54
1983.00 111.07 111.07 111.07 111.07 111.07 111.07 111.07 111.07 111.07
1984.00 107.15 107.14 107.13 107.13 107.12 107.12 107.11 107.10 107.10
1985.00 107.12 107.12 107.12 107.12 107.12 107.12 107.12 107.13 107.13
1986.00 107.87 107.87 107.87 107.87 107.87 107.87 107.87 107.88 107.88
1987.00 106.06 106.07 106.07 106.07 106.07 106.08 106.08 106.08 106.08
1988.00 102.23 102.32 102.40 102.49 102.57 102.66 102.75 102.83 102.92
1989.00 98.86 99.07 99.28 99.49 99.69 99.90 100.11 100.32 100.53
1990.00 95.28 95.60 95.93 96.26 96.58 96.91 97.24 97.56 97.89
1991.00 91.21 91.83 92.45 93.07 93.69 94.31 94.93 95.55 96.18
1992.00 86.84 87.85 88.86 89.86 90.87 91.87 92.88 93.89 94.89
1993.00 82.29 83.65 85.01 86.37 87.72 89.08 90.44 91.80 93.16
1994.00 78.48 80.22 81.95 83.69 85.42 87.15 88.89 90.62 92.36
1995.00 75.77 78.02 80.27 82.52 84.77 87.02 89.27 91.52 93.77
1996.00 72.86 75.42 77.98 80.54 83.10 85.65 88.21 90.77 93.33
1997.00 68.81 71.81 74.81 77.81 80.81 83.81 86.81 89.81 92.81
1998.00 65.34 68.64 71.94 75.25 78.55 81.85 85.16 88.46 91.77
1999.00 61.81 65.27 68.74 72.21 75.68 79.14 82.61 86.08 89.55
2000.00 57.26 60.71 64.16 67.60 71.05 74.50 77.95 81.40 84.85
2001.00 53.55 57.20 60.84 64.49 68.13 71.78 75.43 79.07 82.72
2002.00 49.81 53.73 57.66 61.58 65.50 69.42 73.35 77.27 81.20
2003.00 46.44 50.65 54.86 59.08 63.29 67.50 71.71 75.92 80.14
2004.00 41.60 45.75 49.90 54.05 58.20 62.35 66.50 70.65 74.80
2005.00 40.30 44.77 49.24 53.71 58.17 62.64 67.11 71.57 76.05
2006.00 37.04 41.78 46.53 51.27 56.01 60.76 65.50 70.25 75.00
2007.00 33.55 38.50 43.45 48.40 53.35 58.30 63.24 68.19 73.14
2008.00 28.12 33.03 37.94 42.85 47.76 52.66 57.57 62.48 67.39
2009.00 24.84 29.84 34.83 39.82 44.81 49.80 54.79 59.78 64.78
2010.00 19.50 24.38 29.25 34.12 39.00 43.87 48.75 53.62 58.50
2011.00 17.45 22.54 27.63 32.73 37.82 42.92 48.01 53.10 58.20
2012.00 14.39 19.72 25.04 30.36 35.68 41.01 46.33 51.65 56.98
2013.00 12.57 18.04 23.52 28.99 34.46 39.93 45.41 50.88 56.35
2014.00 8.61 14.19 19.78 25.37 30.95 36.54 42.13 47.71 53.30
2015.00 6.57 12.45 18.34 24.23 30.11 36.00 41.89 47.78 53.66
2016.00 3.99 10.10 16.21 22.32 28.43 34.54 40.66 46.76 52.88
2017.00 2.01 8.30 14.58 20.86 27.15 33.43 39.71 46.00 52.28
2018.00 -13.28 -11.11 -8.94 -6.77 -4.60 -2.43 -0.25 1.91 4.09
2019.00 -13.89 -11.46 -9.03 -6.60 -4.17 -1.75 0.68 3.11 5.54
2020.00 -16.31 -13.64 -10.98 -8.31 -5.65 -2.99 -0.32 2.34 5.00
2021.00 -17.38 -14.50 -11.62 -8.74 -5.86 -2.97 -0.09 2.79 5.67
2022.00 -18.75 -15.66 -12.58 -9.49 -6.41 -3.32 -0.24 2.85 5.93
2023.00 -18.76 -15.48 -12.20 -8.92 -5.64 -2.36 0.92 4.20 7.47
2024.00 -19.71 -16.26 -12.81 -9.36 -5.92 -2.47 0.98 4.43 7.88
2025.00 -20.96 -17.39 -13.81 -10.23 -6.66 -3.08 0.50 4.08 7.65
2026.00 -22.13 -18.44 -14.75 -11.06 -7.37 -3.68 0.01 3.70 7.38
2027.00 -22.38 -18.58 -14.79 -10.99 -7.20 -3.40 0.40 4.19 7.98
2028.00 -23.68 -19.77 -15.87 -11.96 -8.06 -4.15 -0.25 3.65 7.55
2029.00 -23.35 -19.36 -15.38 -11.39 -7.41 -3.42 0.56 4.55 8.53
2030.00 -24.10 -20.05 -16.01 -11.96 -7.92 -3.87 0.17 4.22 8.26
2031.00 -24.50 -20.42 -16.34 -12.26 -8.18 -4.10 -0.02 4.06 8.13
2032.00 -25.30 -21.19 -17.08 -12.97 -8.86 -4.75 -0.64 3.47 7.58
2033.00 -25.38 -21.23 -17.07 -12.92 -8.76 -4.61 -0.45 3.70 7.85
2034.00 -26.21 -22.01 -17.81 -13.62 -9.42 -5.22 -1.03 3.17 7.36
2035.00 -26.45 -22.23 -18.02 -13.80 -9.59 -5.37 -1.16 3.06 7.27
2036.00 -27.20 -22.97 -18.74 -14.51 -10.28 -6.05 -1.82 2.41 6.64
2037.00 -26.78 -22.55 -18.31 -14.07 -9.83 -5.59 -1.35 2.88 7.12
2038.00 -27.24 -22.98 -18.72 -14.46 -10.21 -5.95 -1.70 2.56 6.81
2039.00 -26.89 -22.63 -18.37 -14.10 -9.84 -5.57 -1.31 2.96 7.21
2040.00 -27.23 -22.96 -18.68 -14.41 -10.13 -5.86 -1.58 2.69 6.96
2041.00 -27.01 -22.74 -18.46 -14.18 -9.91 -5.63 -1.36 2.92 7.19
2042.00 -27.47 -23.19 -18.91 -14.62 -10.34 -6.06 -1.78 2.51 6.78
2043.00 -27.26 -22.97 -18.68 -14.39 -10.10 -5.81 -1.52 2.77 7.06
2044.00 -27.58 -23.28 -18.98 -14.67 -10.37 -6.06 -1.76 2.54 6.84
2045.00 -27.18 -22.87 -18.57 -14.26 -9.95 -5.64 -1.34 2.97 7.27
2046.00 -27.58 -23.27 -18.96 -14.65 -10.34 -6.03 -1.72 2.59 6.90
2047.00 -27.35 -23.04 -18.73 -14.42 -10.11 -5.80 -1.50 2.81 7.12
2048.00 -27.56 -23.25 -18.94 -14.62 -10.31 -6.00 -1.69 2.62 6.93
2049.00 -27.19 -22.88 -18.56 -14.25 -9.94 -5.62 -1.31 3.01 7.32
2050.00 -27.56 -23.24 -18.93 -14.61 -10.29 -5.98 -1.66 2.65 6.97
2051.00 -26.99 -22.68 -18.37 -14.05 -9.75 -5.43 -1.12 3.19 7.50
2052.00 -27.19 -22.88 -18.57 -14.25 -9.95 -5.63 -1.32 2.99 7.30
2053.00 -26.90 -22.60 -18.30 -14.00 -9.70 -5.39 -1.09 3.21 7.51
2054.00 -27.32 -23.02 -18.72 -14.42 -10.13 -5.83 -1.53 2.77 7.06
2055.00 -26.88 -22.59 -18.30 -14.01 -9.72 -5.43 -1.14 3.15 7.44
2056.00 -27.14 -22.85 -18.56 -14.26 -9.97 -5.68 -1.39 2.90 7.19
2057.00 -26.78 -22.50 -18.22 -13.93 -9.65 -5.37 -1.09 3.19 7.47
2058.00 -27.25 -22.97 -18.69 -14.41 -10.13 -5.85 -1.57 2.71 6.99
2059.00 -26.96 -22.69 -18.43 -14.16 -9.89 -5.62 -1.36 2.91 7.18
2060.00 -27.45 -23.19 -18.93 -14.66 -10.40 -6.13 -1.87 2.39 6.66
2061.00 -27.06 -22.80 -18.54 -14.28 -10.03 -5.77 -1.51 2.75 7.01
2062.00 -27.25 -22.99 -18.73 -14.47 -10.21 -5.95 -1.70 2.56 6.82
2063.00 -26.73 -22.47 -18.22 -13.97 -9.72 -5.47 -1.22 3.04 7.29
2064.00 -27.01 -22.77 -18.53 -14.28 -10.04 -5.80 -1.55 2.69 6.93
2065.00 -26.94 -22.71 -18.48 -14.25 -10.03 -5.80 -1.57 2.65 6.88
