# yearspad, alpred
# [0.3 0.4 0.5 0.6 0.7 0.8 0.9 1.  1.1]
1922.00 -26.44 -22.22 -18.00 -13.78 -9.56 -5.34 -1.12 3.10 7.32
1923.00 -25.80 -21.60 -17.40 -13.20 -9.00 -4.81 -0.61 3.59 7.79
1924.00 -25.40 -21.21 -17.03 -12.85 -8.68 -4.50 -0.32 3.86 8.04
1925.00 -24.80 -20.67 -16.54 -12.41 -8.29 -4.16 -0.03 4.10 8.23
1926.00 -24.20 -20.12 -16.04 -11.97 -7.89 -3.82 0.26 4.33 8.41
1927.00 -23.55 -19.54 -15.53 -11.51 -7.50 -3.49 0.52 4.53 8.55
1928.00 -22.69 -18.75 -14.81 -10.86 -6.92 -2.98 0.96 4.90 8.84
1929.00 -21.63 -17.79 -13.94 -10.10 -6.26 -2.41 1.43 5.27 9.12
1930.00 -20.55 -16.82 -13.09 -9.37 -5.64 -1.91 1.81 5.54 9.27
1931.00 -19.03 -15.46 -11.88 -8.31 -4.74 -1.17 2.40 5.98 9.55
1932.00 -17.72 -14.30 -10.87 -7.45 -4.03 -0.60 2.82 6.25 9.67
1933.00 -15.98 -12.73 -9.47 -6.22 -2.96 0.29 3.55 6.80 10.06
1934.00 -14.28 -11.21 -8.14 -5.06 -1.99 1.08 4.15 7.23 10.30
1935.00 -12.40 -9.56 -6.73 -3.89 -1.06 1.77 4.60 7.44 10.28
1936.00 -10.46 -7.88 -5.30 -2.72 -0.14 2.43 5.01 7.59 10.17
1937.00 -8.32 -6.00 -3.69 -1.38 0.93 3.24 5.54 7.85 10.17
1938.00 -6.64 -4.58 -2.53 -0.47 1.58 3.64 5.69 7.74 9.80
1939.00 -4.53 -2.77 -1.01 0.75 2.51 4.28 6.04 7.80 9.56
1940.00 -2.40 -0.94 0.53 2.00 3.46 4.93 6.40 7.86 9.33
1941.00 0.27 1.39 2.50 3.62 4.73 5.85 6.97 8.08 9.20
1942.00 2.66 3.43 4.20 4.98 5.75 6.53 7.30 8.07 8.85
1943.00 5.11 5.51 5.90 6.30 6.70 7.09 7.49 7.89 8.29
1944.00 7.45 7.50 7.54 7.58 7.62 7.66 7.70 7.74 7.79
1945.00 9.83 9.50 9.17 8.85 8.52 8.19 7.86 7.53 7.20
1946.00 12.36 11.65 10.93 10.22 9.51 8.80 8.09 7.38 6.67
1947.00 15.09 13.98 12.87 11.75 10.64 9.52 8.41 7.30 6.19
1948.00 17.99 16.45 14.91 13.37 11.82 10.28 8.74 7.20 5.66
1949.00 20.65 18.69 16.73 14.77 12.81 10.85 8.88 6.92 4.96
1950.00 23.57 21.19 18.80 16.42 14.04 11.66 9.27 6.89 4.51
1951.00 26.39 23.62 20.84 18.06 15.28 12.51 9.73 6.95 4.18
1952.00 29.44 26.21 22.98 19.75 16.52 13.29 10.06 6.83 3.60
1953.00 32.26 28.56 24.87 21.17 17.48 13.78 10.09 6.39 2.70
1954.00 35.23 31.05 26.87 22.68 18.50 14.32 10.13 5.95 1.77
1955.00 38.02 33.39 28.76 24.13 19.50 14.87 10.24 5.61 0.98
1956.00 41.19 36.11 31.03 25.95 20.86 15.78 10.70 5.62 0.54
1957.00 44.19 38.67 33.15 27.63 22.10 16.58 11.06 5.54 0.02
1958.00 47.33 41.33 35.33 29.33 23.32 17.32 11.32 5.31 -0.69
1959.00 50.68 44.16 37.65 31.14 24.63 18.11 11.60 5.09 -1.42
1960.00 53.86 46.85 39.85 32.85 25.84 18.84 11.84 4.84 -2.17
1961.00 56.98 49.50 42.03 34.56 27.09 19.62 12.14 4.67 -2.80
1962.00 60.24 52.29 44.33 36.38 28.42 20.46 12.51 4.55 -3.41
1963.00 63.54 55.07 46.60 38.13 29.65 21.18 12.71 4.24 -4.23
1964.00 67.03 58.03 49.03 40.03 31.03 22.03 13.03 4.03 -4.97
1965.00 70.30 60.79 51.28 41.76 32.25 22.73 13.22 3.71 -5.81
1966.00 73.65 63.63 53.61 43.59 33.56 23.54 13.52 3.50 -6.52
1967.00 76.88 66.36 55.84 45.33 34.81 24.29 13.77 3.25 -7.26
1968.00 80.31 69.26 58.20 47.14 36.08 25.02 13.96 2.90 -8.16
1969.00 83.07 71.47 59.88 48.29 36.70 25.10 13.51 1.92 -9.67
1970.00 122.92 122.92 122.92 122.93 122.93 122.93 122.93 122.93 122.94
1971.00 121.05 121.05 121.05 121.05 121.04 121.04 121.04 121.04 121.04
1972.00 123.51 123.51 123.51 123.52 123.52 123.52 123.53 123.53 123.53
1973.00 124.41 124.40 124.40 124.40 124.40 124.40 124.40 124.40 124.40
1974.00 126.68 126.68 126.68 126.68 126.68 126.68 126.68 126.68 126.68
1975.00 127.10 127.09 127.09 127.09 127.09 127.09 127.09 127.08 127.08
1976.00 127.99 128.00 128.00 128.01 128.01 128.02 128.02 128.03 128.03
1977.00 126.41 126.41 126.41 126.41 126.42 126.42 126.42 126.42 126.42
1978.00 126.06 126.06 126.06 126.06 126.06 126.06 126.06 126.07 126.07
1979.00 121.92 121.92 121.91 121.91 121.91 121.90 121.90 121.90 121.89
1980.00 120.21 120.21 120.21 120.21 120.21 120.21 120.21 120.20 120.20
1981.00 118.59 118.59 118.59 118.60 118.60 118.60 118.61 118.61 118.61
1982.00 115.39 115.39 115.40 115.40 115.40 115.41 115.41 115.42 115.42
1983.00 110.79 110.79 110.79 110.79 110.79 110.79 110.79 110.79 110.79
1984.00 104.84 104.83 104.82 104.82 104.81 104.81 104.80 104.79 104.79
1985.00 102.79 102.79 102.80 102.80 102.80 102.80 102.80 102.80 102.80
1986.00 99.71 99.71 99.71 99.71 99.71 99.71 99.71 99.72 99.72
1987.00 97.47 97.48 97.48 97.48 97.49 97.49 97.49 97.49 97.50
1988.00 92.91 93.01 93.10 93.19 93.29 93.38 93.47 93.57 93.66
1989.00 88.65 88.88 89.10 89.32 89.54 89.76 89.99 90.21 90.43
1990.00 84.02 84.35 84.68 85.02 85.35 85.68 86.02 86.35 86.68
1991.00 80.41 81.04 81.67 82.30 82.93 83.56 84.18 84.81 85.44
1992.00 77.06 78.07 79.08 80.09 81.11 82.12 83.13 84.14 85.15
1993.00 73.46 74.84 76.22 77.59 78.97 80.35 81.73 83.10 84.48
1994.00 69.99 71.75 73.51 75.27 77.03 78.79 80.55 82.31 84.06
1995.00 67.01 69.28 71.56 73.83 76.10 78.37 80.65 82.92 85.19
1996.00 63.46 66.03 68.60 71.17 73.74 76.31 78.87 81.44 84.01
1997.00 60.21 63.21 66.20 69.20 72.20 75.20 78.19 81.19 84.19
1998.00 56.79 60.09 63.40 66.70 70.01 73.31 76.62 79.92 83.23
1999.00 52.93 56.40 59.87 63.33 66.80 70.27 73.74 77.21 80.68
2000.00 48.48 51.94 55.39 58.84 62.30 65.75 69.20 72.65 76.10
2001.00 44.90 48.55 52.19 55.84 59.48 63.13 66.77 70.41 74.06
2002.00 41.63 45.55 49.47 53.39 57.31 61.23 65.15 69.07 72.99
2003.00 38.75 42.95 47.15 51.36 55.56 59.76 63.96 68.17 72.37
2004.00 34.29 38.43 42.56 46.69 50.83 54.96 59.09 63.23 67.36
2005.00 31.24 35.69 40.13 44.58 49.02 53.47 57.92 62.36 66.80
2006.00 27.88 32.60 37.32 42.05 46.77 51.49 56.21 60.93 65.65
2007.00 24.83 29.75 34.67 39.59 44.51 49.42 54.34 59.26 64.18
2008.00 20.77 25.65 30.52 35.39 40.27 45.14 50.01 54.88 59.75
2009.00 17.63 22.58 27.54 32.49 37.44 42.40 47.35 52.30 57.25
2010.00 13.28 18.12 22.96 27.79 32.63 37.47 42.30 47.14 51.97
2011.00 10.60 15.66 20.72 25.78 30.85 35.91 40.97 46.02 51.08
2012.00 7.68 12.97 18.25 23.54 28.83 34.12 39.41 44.69 49.98
2013.00 5.26 10.70 16.14 21.58 27.02 32.46 37.90 43.33 48.77
2014.00 2.77 8.32 13.88 19.43 24.99 30.54 36.10 41.65 47.20
2015.00 0.72 6.58 12.44 18.30 24.16 30.02 35.87 41.73 47.59
2016.00 -1.53 4.55 10.64 16.73 22.81 28.90 34.98 41.07 47.15
2017.00 -3.56 2.71 8.97 15.23 21.50 27.76 34.02 40.28 46.54
2018.00 -18.21 -16.06 -13.91 -11.76 -9.61 -7.47 -5.32 -3.17 -1.03
2019.00 -19.15 -16.74 -14.33 -11.92 -9.52 -7.11 -4.70 -2.30 0.10
2020.00 -20.13 -17.48 -14.83 -12.18 -9.54 -6.89 -4.24 -1.60 1.04
2021.00 -21.14 -18.27 -15.40 -12.54 -9.67 -6.81 -3.94 -1.08 1.78
2022.00 -22.01 -18.93 -15.86 -12.79 -9.71 -6.64 -3.57 -0.50 2.56
2023.00 -22.85 -19.58 -16.32 -13.05 -9.78 -6.51 -3.25 0.02 3.28
2024.00 -23.53 -20.09 -16.66 -13.22 -9.77 -6.34 -2.90 0.54 3.97
2025.00 -24.10 -20.53 -16.96 -13.39 -9.82 -6.25 -2.68 0.88 4.45
2026.00 -24.70 -21.02 -17.33 -13.65 -9.96 -6.28 -2.59 1.08 4.76
2027.00 -24.98 -21.19 -17.40 -13.61 -9.82 -6.03 -2.24 1.54 5.33
2028.00 -25.42 -21.52 -17.61 -13.71 -9.80 -5.90 -2.00 1.90 5.79
2029.00 -25.69 -21.71 -17.72 -13.74 -9.76 -5.77 -1.79 2.19 6.16
2030.00 -25.93 -21.88 -17.83 -13.78 -9.74 -5.69 -1.65 2.39 6.44
2031.00 -26.04 -21.95 -17.87 -13.79 -9.71 -5.63 -1.55 2.53 6.60
2032.00 -26.20 -22.08 -17.97 -13.85 -9.74 -5.63 -1.52 2.59 6.70
2033.00 -26.38 -22.22 -18.07 -13.91 -9.75 -5.59 -1.44 2.72 6.87
2034.00 -26.64 -22.44 -18.24 -14.04 -9.84 -5.64 -1.44 2.76 6.95
2035.00 -26.76 -22.54 -18.32 -14.10 -9.88 -5.66 -1.44 2.78 6.99
2036.00 -26.99 -22.75 -18.51 -14.27 -10.03 -5.80 -1.57 2.67 6.90
2037.00 -27.07 -22.82 -18.58 -14.33 -10.09 -5.85 -1.61 2.63 6.87
2038.00 -27.21 -22.95 -18.68 -14.42 -10.16 -5.89 -1.63 2.63 6.89
2039.00 -27.25 -22.98 -18.71 -14.44 -10.17 -5.90 -1.63 2.64 6.90
2040.00 -27.38 -23.10 -18.82 -14.53 -10.25 -5.97 -1.69 2.59 6.86
2041.00 -27.33 -23.05 -18.76 -14.48 -10.20 -5.91 -1.63 2.65 6.92
2042.00 -27.34 -23.05 -18.75 -14.46 -10.17 -5.88 -1.59 2.70 6.98
2043.00 -27.33 -23.03 -18.73 -14.43 -10.14 -5.84 -1.54 2.75 7.05
2044.00 -27.38 -23.07 -18.76 -14.44 -10.13 -5.82 -1.51 2.80 7.11
2045.00 -27.32 -23.00 -18.69 -14.37 -10.05 -5.74 -1.43 2.89 7.20
2046.00 -27.34 -23.02 -18.70 -14.38 -10.06 -5.74 -1.42 2.89 7.21
2047.00 -27.30 -22.98 -18.66 -14.34 -10.03 -5.71 -1.40 2.92 7.23
2048.00 -27.35 -23.03 -18.70 -14.38 -10.06 -5.74 -1.42 2.90 7.21
2049.00 -27.32 -23.00 -18.67 -14.35 -10.03 -5.71 -1.39 2.93 7.25
2050.00 -27.36 -23.03 -18.70 -14.38 -10.05 -5.73 -1.41 2.91 7.24
2051.00 -27.29 -22.97 -18.65 -14.33 -10.01 -5.69 -1.37 2.95 7.26
2052.00 -27.27 -22.95 -18.63 -14.31 -9.99 -5.67 -1.35 2.96 7.28
2053.00 -27.10 -22.79 -18.48 -14.17 -9.86 -5.55 -1.25 3.06 7.37
2054.00 -27.09 -22.78 -18.47 -14.17 -9.86 -5.56 -1.25 3.05 7.36
2055.00 -27.04 -22.74 -18.44 -14.14 -9.84 -5.54 -1.25 3.05 7.35
2056.00 -27.02 -22.72 -18.42 -14.12 -9.82 -5.52 -1.23 3.07 7.37
2057.00 -26.90 -22.61 -18.32 -14.03 -9.74 -5.46 -1.17 3.11 7.40
2058.00 -26.97 -22.68 -18.40 -14.11 -9.83 -5.54 -1.26 3.03 7.31
2059.00 -26.88 -22.61 -18.33 -14.06 -9.79 -5.52 -1.25 3.03 7.30
2060.00 -26.94 -22.67 -18.40 -14.13 -9.86 -5.59 -1.32 2.95 7.22
2061.00 -26.93 -22.67 -18.40 -14.14 -9.88 -5.62 -1.36 2.90 7.17
2062.00 -26.95 -22.68 -18.42 -14.15 -9.89 -5.63 -1.37 2.89 7.15
2063.00 -26.88 -22.62 -18.36 -14.11 -9.86 -5.60 -1.35 2.90 7.16
2064.00 -26.77 -22.53 -18.28 -14.03 -9.79 -5.54 -1.30 2.95 7.19
2065.00 -26.61 -22.38 -18.15 -13.92 -9.69 -5.46 -1.23 3.00 7.23
