# yearspad, alpred
# [0.3 0.4 0.5 0.6 0.7 0.8 0.9 1.  1.1]
1922.00 -27.75 -23.53 -19.31 -15.09 -10.88 -6.66 -2.45 1.77 5.98
1923.00 -27.47 -23.27 -19.07 -14.88 -10.68 -6.48 -2.29 1.90 6.10
1924.00 -27.68 -23.51 -19.33 -15.16 -10.98 -6.81 -2.63 1.54 5.71
1925.00 -27.28 -23.16 -19.03 -14.91 -10.78 -6.66 -2.54 1.58 5.70
1926.00 -26.37 -22.29 -18.22 -14.15 -10.07 -6.00 -1.93 2.14 6.21
1927.00 -25.69 -21.68 -17.67 -13.66 -9.65 -5.65 -1.64 2.37 6.38
1928.00 -24.94 -21.00 -17.06 -13.12 -9.18 -5.24 -1.30 2.63 6.57
1929.00 -23.79 -19.94 -16.10 -12.26 -8.42 -4.58 -0.74 3.10 6.95
1930.00 -23.16 -19.44 -15.71 -11.98 -8.26 -4.53 -0.81 2.91 6.64
1931.00 -22.23 -18.66 -15.08 -11.51 -7.94 -4.37 -0.80 2.76 6.34
1932.00 -21.06 -17.63 -14.21 -10.79 -7.37 -3.95 -0.53 2.89 6.32
1933.00 -19.92 -16.67 -13.42 -10.16 -6.91 -3.66 -0.41 2.84 6.10
1934.00 -18.55 -15.48 -12.41 -9.34 -6.27 -3.20 -0.13 2.94 6.01
1935.00 -16.78 -13.95 -11.12 -8.28 -5.45 -2.62 0.21 3.04 5.87
1936.00 -14.72 -12.14 -9.56 -6.99 -4.41 -1.83 0.74 3.32 5.90
1937.00 -12.20 -9.89 -7.58 -5.27 -2.96 -0.65 1.66 3.97 6.28
1938.00 -10.53 -8.48 -6.42 -4.37 -2.31 -0.26 1.80 3.85 5.91
1939.00 -7.78 -6.02 -4.25 -2.49 -0.72 1.04 2.80 4.57 6.34
1940.00 -5.22 -3.75 -2.28 -0.81 0.66 2.14 3.61 5.08 6.55
1941.00 -3.32 -2.20 -1.08 0.04 1.16 2.28 3.40 4.52 5.65
1942.00 -1.07 -0.30 0.48 1.26 2.04 2.82 3.60 4.37 5.15
1943.00 1.57 1.97 2.38 2.78 3.18 3.59 3.99 4.39 4.79
1944.00 4.49 4.54 4.59 4.64 4.69 4.74 4.78 4.83 4.88
1945.00 7.18 6.86 6.54 6.22 5.89 5.57 5.25 4.93 4.61
1946.00 10.33 9.62 8.92 8.22 7.52 6.81 6.11 5.41 4.71
1947.00 13.34 12.23 11.13 10.03 8.92 7.82 6.71 5.61 4.51
1948.00 15.98 14.45 12.92 11.39 9.86 8.33 6.79 5.26 3.73
1949.00 18.54 16.59 14.64 12.69 10.73 8.78 6.83 4.87 2.92
1950.00 21.77 19.40 17.03 14.65 12.28 9.90 7.53 5.15 2.78
1951.00 24.69 21.91 19.15 16.38 13.61 10.84 8.06 5.29 2.53
1952.00 27.19 23.96 20.74 17.52 14.29 11.06 7.84 4.61 1.39
1953.00 30.93 27.24 23.55 19.86 16.17 12.48 8.79 5.10 1.41
1954.00 34.32 30.14 25.96 21.78 17.60 13.42 9.24 5.06 0.88
1955.00 37.69 33.06 28.44 23.81 19.18 14.56 9.93 5.30 0.68
1956.00 40.64 35.56 30.48 25.40 20.32 15.24 10.16 5.08 -0.00
1957.00 43.51 37.98 32.46 26.93 21.41 15.88 10.36 4.83 -0.69
1958.00 46.03 40.02 34.01 28.00 21.99 15.98 9.97 3.96 -2.04
1959.00 49.34 42.82 36.30 29.78 23.26 16.74 10.22 3.69 -2.83
1960.00 52.70 45.69 38.67 31.66 24.65 17.63 10.62 3.60 -3.41
1961.00 55.81 48.32 40.84 33.36 25.87 18.39 10.90 3.42 -4.06
1962.00 59.68 51.71 43.74 35.77 27.80 19.83 11.86 3.89 -4.08
1963.00 63.29 54.80 46.32 37.83 29.35 20.86 12.38 3.89 -4.59
1964.00 66.82 57.80 48.79 39.78 30.76 21.75 12.73 3.72 -5.30
1965.00 70.30 60.77 51.25 41.72 32.19 22.67 13.14 3.61 -5.92
1966.00 73.95 63.92 53.89 43.85 33.82 23.79 13.75 3.72 -6.31
1967.00 77.26 66.73 56.20 45.68 35.15 24.62 14.09 3.57 -6.96
1968.00 80.77 69.71 58.64 47.58 36.51 25.45 14.38 3.32 -7.75
1969.00 84.10 72.51 60.91 49.32 37.72 26.13 14.54 2.94 -8.65
1970.00 124.75 124.76 124.76 124.76 124.76 124.77 124.77 124.77 124.77
1971.00 125.61 125.61 125.61 125.61 125.61 125.61 125.60 125.60 125.60
1972.00 134.24 134.24 134.25 134.25 134.25 134.26 134.26 134.26 134.27
1973.00 137.76 137.76 137.76 137.76 137.76 137.76 137.76 137.76 137.75
1974.00 132.86 132.86 132.86 132.86 132.86 132.86 132.86 132.86 132.86
1975.00 131.08 131.07 131.07 131.07 131.07 131.07 131.07 131.06 131.06
1976.00 134.14 134.14 134.15 134.15 134.16 134.16 134.17 134.17 134.18
1977.00 131.99 131.99 131.99 131.99 131.99 131.99 131.99 131.99 131.99
1978.00 129.28 129.28 129.28 129.28 129.28 129.28 129.29 129.29 129.29
1979.00 131.47 131.46 131.46 131.45 131.45 131.45 131.44 131.44 131.44
1980.00 131.04 131.04 131.04 131.04 131.04 131.04 131.04 131.03 131.03
1981.00 133.72 133.73 133.73 133.73 133.74 133.74 133.74 133.75 133.75
1982.00 130.48 130.49 130.49 130.50 130.50 130.51 130.51 130.51 130.52
1983.00 125.31 125.31 125.31 125.31 125.31 125.31 125.31 125.31 125.31
1984.00 119.67 119.66 119.66 119.65 119.64 119.64 119.63 119.63 119.62
1985.00 112.46 112.46 112.46 112.46 112.47 112.47 112.47 112.47 112.47
1986.00 109.84 109.84 109.84 109.84 109.84 109.85 109.85 109.85 109.85
1987.00 102.43 102.44 102.44 102.44 102.45 102.45 102.45 102.45 102.46
1988.00 97.79 97.88 97.97 98.06 98.15 98.25 98.34 98.43 98.52
1989.00 93.25 93.47 93.68 93.90 94.11 94.32 94.54 94.75 94.97
1990.00 88.50 88.81 89.13 89.45 89.76 90.08 90.39 90.71 91.03
1991.00 84.06 84.65 85.23 85.82 86.41 86.99 87.58 88.17 88.75
1992.00 80.52 81.49 82.46 83.43 84.40 85.37 86.34 87.31 88.28
1993.00 76.30 77.62 78.95 80.27 81.60 82.92 84.25 85.57 86.90
1994.00 72.70 74.40 76.09 77.79 79.49 81.19 82.89 84.58 86.28
1995.00 69.67 71.88 74.10 76.31 78.53 80.74 82.96 85.17 87.39
1996.00 65.78 68.30 70.81 73.32 75.84 78.35 80.87 83.38 85.89
1997.00 62.65 65.60 68.54 71.49 74.44 77.38 80.33 83.28 86.22
1998.00 59.94 63.20 66.45 69.71 72.96 76.22 79.47 82.73 85.98
1999.00 56.32 59.74 63.15 66.57 69.98 73.40 76.82 80.23 83.64
2000.00 51.31 54.71 58.11 61.52 64.92 68.32 71.72 75.12 78.52
2001.00 47.21 50.80 54.40 57.99 61.58 65.17 68.77 72.36 75.95
2002.00 43.45 47.32 51.20 55.07 58.94 62.81 66.69 70.56 74.43
2003.00 39.96 44.12 48.28 52.44 56.60 60.76 64.92 69.07 73.23
2004.00 35.23 39.33 43.42 47.51 51.61 55.70 59.79 63.89 67.98
2005.00 32.65 37.06 41.48 45.89 50.30 54.72 59.13 63.54 67.96
2006.00 29.43 34.13 38.83 43.53 48.23 52.93 57.63 62.32 67.02
2007.00 25.92 30.82 35.71 40.61 45.51 50.41 55.31 60.21 65.10
2008.00 22.05 26.90 31.76 36.61 41.47 46.32 51.18 56.03 60.88
2009.00 18.65 23.59 28.52 33.46 38.40 43.34 48.28 53.21 58.15
2010.00 14.01 18.84 23.66 28.49 33.31 38.14 42.96 47.78 52.60
2011.00 10.64 15.69 20.74 25.78 30.83 35.88 40.93 45.97 51.01
2012.00 8.19 13.46 18.73 24.01 29.28 34.56 39.83 45.10 50.37
2013.00 5.29 10.71 16.14 21.56 26.99 32.41 37.84 43.26 48.68
2014.00 2.69 8.23 13.77 19.31 24.86 30.40 35.94 41.48 47.02
2015.00 0.47 6.32 12.16 18.01 23.85 29.70 35.54 41.38 47.22
2016.00 -1.78 4.29 10.36 16.44 22.50 28.58 34.65 40.72 46.78
2017.00 -3.96 2.29 8.53 14.78 21.02 27.27 33.52 39.76 46.00
2018.00 -19.32 -17.16 -15.01 -12.85 -10.69 -8.54 -6.38 -4.22 -2.07
2019.00 -20.76 -18.35 -15.94 -13.52 -11.11 -8.69 -6.28 -3.87 -1.46
2020.00 -22.39 -19.74 -17.08 -14.43 -11.78 -9.13 -6.48 -3.83 -1.18
2021.00 -23.75 -20.88 -18.02 -15.15 -12.28 -9.41 -6.54 -3.68 -0.81
2022.00 -24.50 -21.43 -18.36 -15.28 -12.21 -9.13 -6.06 -2.99 0.08
2023.00 -24.92 -21.65 -18.38 -15.11 -11.84 -8.57 -5.30 -2.03 1.23
2024.00 -25.97 -22.53 -19.09 -15.65 -12.21 -8.77 -5.33 -1.90 1.54
2025.00 -26.34 -22.76 -19.20 -15.62 -12.06 -8.49 -4.92 -1.35 2.21
2026.00 -26.79 -23.11 -19.42 -15.74 -12.06 -8.37 -4.69 -1.01 2.67
2027.00 -27.35 -23.57 -19.78 -15.99 -12.20 -8.41 -4.63 -0.84 2.94
2028.00 -27.98 -24.08 -20.18 -16.28 -12.38 -8.48 -4.58 -0.68 3.21
2029.00 -28.53 -24.55 -20.57 -16.59 -12.61 -8.63 -4.65 -0.68 3.30
2030.00 -28.54 -24.49 -20.45 -16.41 -12.37 -8.33 -4.29 -0.25 3.79
2031.00 -28.56 -24.48 -20.41 -16.33 -12.25 -8.18 -4.10 -0.03 4.04
2032.00 -28.63 -24.52 -20.41 -16.30 -12.19 -8.08 -3.98 0.13 4.23
2033.00 -28.15 -23.99 -19.84 -15.69 -11.53 -7.38 -3.22 0.93 5.07
2034.00 -28.24 -24.04 -19.85 -15.65 -11.45 -7.26 -3.06 1.13 5.32
2035.00 -28.08 -23.86 -19.64 -15.43 -11.21 -6.99 -2.78 1.44 5.65
2036.00 -27.96 -23.72 -19.49 -15.25 -11.02 -6.79 -2.55 1.68 5.90
2037.00 -27.92 -23.68 -19.44 -15.20 -10.96 -6.72 -2.48 1.76 6.00
2038.00 -27.95 -23.69 -19.43 -15.17 -10.91 -6.65 -2.39 1.87 6.12
2039.00 -28.07 -23.80 -19.53 -15.27 -11.00 -6.73 -2.47 1.79 6.05
2040.00 -28.24 -23.96 -19.68 -15.41 -11.13 -6.85 -2.57 1.70 5.97
2041.00 -28.23 -23.95 -19.67 -15.39 -11.11 -6.83 -2.56 1.72 5.99
2042.00 -28.41 -24.12 -19.84 -15.55 -11.27 -6.98 -2.70 1.59 5.87
2043.00 -28.57 -24.27 -19.98 -15.69 -11.39 -7.10 -2.81 1.48 5.77
2044.00 -28.55 -24.24 -19.93 -15.62 -11.32 -7.01 -2.71 1.60 5.90
2045.00 -28.44 -24.12 -19.82 -15.51 -11.20 -6.89 -2.58 1.73 6.03
2046.00 -28.50 -24.19 -19.87 -15.56 -11.24 -6.93 -2.62 1.69 6.00
2047.00 -28.37 -24.05 -19.74 -15.43 -11.12 -6.81 -2.50 1.81 6.11
2048.00 -28.26 -23.94 -19.63 -15.31 -10.99 -6.68 -2.37 1.94 6.25
2049.00 -28.20 -23.88 -19.57 -15.25 -10.94 -6.62 -2.31 2.01 6.32
2050.00 -28.35 -24.03 -19.72 -15.40 -11.08 -6.76 -2.44 1.87 6.19
2051.00 -28.25 -23.93 -19.62 -15.31 -11.00 -6.68 -2.37 1.94 6.25
2052.00 -28.40 -24.08 -19.77 -15.45 -11.14 -6.83 -2.52 1.79 6.10
2053.00 -28.44 -24.14 -19.84 -15.54 -11.23 -6.93 -2.63 1.67 5.96
2054.00 -28.55 -24.25 -19.95 -15.65 -11.35 -7.05 -2.75 1.54 5.84
2055.00 -28.45 -24.15 -19.86 -15.57 -11.28 -6.99 -2.70 1.59 5.88
2056.00 -28.30 -24.01 -19.72 -15.42 -11.13 -6.84 -2.55 1.74 6.03
2057.00 -28.18 -23.89 -19.61 -15.33 -11.05 -6.77 -2.49 1.79 6.07
2058.00 -28.16 -23.87 -19.59 -15.31 -11.03 -6.75 -2.47 1.80 6.08
2059.00 -27.89 -23.62 -19.35 -15.08 -10.81 -6.55 -2.28 1.98 6.25
2060.00 -27.79 -23.52 -19.25 -14.99 -10.72 -6.46 -2.19 2.07 6.34
2061.00 -27.83 -23.57 -19.31 -15.05 -10.79 -6.53 -2.28 1.98 6.24
2062.00 -27.75 -23.48 -19.22 -14.96 -10.70 -6.44 -2.19 2.07 6.33
2063.00 -27.70 -23.44 -19.19 -14.94 -10.68 -6.43 -2.18 2.07 6.32
2064.00 -27.86 -23.61 -19.37 -15.12 -10.88 -6.64 -2.40 1.84 6.08
2065.00 -27.82 -23.59 -19.36 -15.13 -10.90 -6.68 -2.45 1.77 6.00
