# yearspad, alpred
# [0.3 0.4 0.5 0.6 0.7 0.8 0.9 1.  1.1]
1922.00 -27.80 -23.59 -19.38 -15.16 -10.95 -6.74 -2.53 1.68 5.89
1923.00 -26.85 -22.66 -18.47 -14.27 -10.08 -5.89 -1.70 2.49 6.69
1924.00 -25.57 -21.40 -17.22 -13.05 -8.87 -4.70 -0.53 3.65 7.83
1925.00 -24.66 -20.54 -16.41 -12.29 -8.16 -4.04 0.08 4.21 8.34
1926.00 -23.65 -19.57 -15.50 -11.42 -7.35 -3.27 0.80 4.87 8.95
1927.00 -22.56 -18.54 -14.53 -10.52 -6.50 -2.49 1.52 5.53 9.55
1928.00 -21.89 -17.95 -14.01 -10.06 -6.12 -2.18 1.77 5.71 9.66
1929.00 -20.90 -17.05 -13.20 -9.36 -5.51 -1.66 2.18 6.03 9.88
1930.00 -19.51 -15.78 -12.04 -8.31 -4.58 -0.85 2.89 6.62 10.36
1931.00 -18.42 -14.84 -11.26 -7.68 -4.10 -0.52 3.06 6.64 10.22
1932.00 -17.02 -13.59 -10.16 -6.72 -3.29 0.14 3.58 7.01 10.45
1933.00 -15.35 -12.08 -8.81 -5.54 -2.28 0.99 4.26 7.52 10.80
1934.00 -13.74 -10.66 -7.57 -4.48 -1.40 1.69 4.77 7.86 10.95
1935.00 -12.29 -9.44 -6.59 -3.75 -0.90 1.95 4.80 7.65 10.50
1936.00 -10.95 -8.36 -5.76 -3.17 -0.57 2.02 4.61 7.21 9.81
1937.00 -9.33 -7.00 -4.67 -2.35 -0.02 2.31 4.63 6.96 9.29
1938.00 -8.01 -5.93 -3.86 -1.78 0.29 2.36 4.43 6.51 8.59
1939.00 -7.11 -5.32 -3.54 -1.76 0.02 1.80 3.58 5.36 7.14
1940.00 -5.30 -3.81 -2.32 -0.83 0.65 2.14 3.63 5.11 6.61
1941.00 -2.95 -1.81 -0.67 0.47 1.61 2.74 3.88 5.02 6.16
1942.00 -0.75 0.05 0.85 1.64 2.44 3.24 4.03 4.83 5.63
1943.00 1.64 2.06 2.48 2.90 3.32 3.74 4.16 4.58 5.01
1944.00 3.98 4.05 4.12 4.18 4.25 4.32 4.38 4.45 4.52
1945.00 6.01 5.71 5.41 5.10 4.80 4.50 4.19 3.89 3.59
1946.00 8.05 7.37 6.68 5.99 5.31 4.62 3.93 3.25 2.57
1947.00 10.68 9.60 8.51 7.42 6.33 5.24 4.15 3.07 1.98
1948.00 13.89 12.37 10.86 9.34 7.82 6.31 4.79 3.28 1.77
1949.00 16.65 14.71 12.78 10.84 8.91 6.97 5.03 3.10 1.17
1950.00 19.94 17.58 15.22 12.87 10.51 8.15 5.80 3.44 1.09
1951.00 23.64 20.89 18.14 15.39 12.64 9.89 7.14 4.39 1.64
1952.00 26.99 23.78 20.58 17.37 14.17 10.97 7.76 4.56 1.35
1953.00 29.56 25.89 22.22 18.55 14.87 11.20 7.53 3.86 0.19
1954.00 32.49 28.33 24.17 20.00 15.84 11.67 7.51 3.35 -0.82
1955.00 34.95 30.33 25.72 21.11 16.49 11.88 7.26 2.65 -1.96
1956.00 37.63 32.57 27.50 22.43 17.36 12.29 7.22 2.15 -2.91
1957.00 40.97 35.46 29.95 24.43 18.92 13.41 7.89 2.38 -3.13
1958.00 44.47 38.47 32.48 26.48 20.49 14.49 8.50 2.50 -3.49
1959.00 47.65 41.14 34.63 28.12 21.61 15.10 8.59 2.08 -4.43
1960.00 51.20 44.20 37.20 30.19 23.19 16.19 9.18 2.18 -4.82
1961.00 54.61 47.14 39.66 32.19 24.71 17.23 9.76 2.28 -5.19
1962.00 57.65 49.69 41.72 33.76 25.80 17.83 9.87 1.91 -6.06
1963.00 61.14 52.66 44.18 35.70 27.22 18.74 10.26 1.78 -6.70
1964.00 64.72 55.71 46.70 37.69 28.68 19.67 10.65 1.64 -7.37
1965.00 68.22 58.69 49.17 39.64 30.12 20.59 11.07 1.54 -7.98
1966.00 71.86 61.83 51.80 41.76 31.73 21.70 11.67 1.63 -8.40
1967.00 75.49 64.96 54.43 43.90 33.38 22.85 12.32 1.79 -8.74
1968.00 78.77 67.70 56.64 45.57 34.50 23.43 12.37 1.30 -9.77
1969.00 81.19 69.59 57.99 46.39 34.79 23.19 11.59 -0.01 -11.60
1970.00 119.91 119.92 119.92 119.92 119.92 119.93 119.93 119.93 119.93
1971.00 117.53 117.53 117.53 117.53 117.52 117.52 117.52 117.52 117.52
1972.00 110.90 110.90 110.90 110.91 110.91 110.91 110.92 110.92 110.93
1973.00 109.36 109.36 109.36 109.36 109.35 109.35 109.35 109.35 109.35
1974.00 112.33 112.33 112.33 112.33 112.33 112.33 112.33 112.33 112.33
1975.00 110.26 110.26 110.26 110.26 110.25 110.25 110.25 110.25 110.25
1976.00 113.43 113.44 113.44 113.45 113.45 113.46 113.46 113.47 113.47
1977.00 117.25 117.25 117.25 117.25 117.25 117.25 117.25 117.25 117.25
1978.00 117.50 117.50 117.50 117.50 117.50 117.50 117.51 117.51 117.51
1979.00 117.40 117.39 117.39 117.39 117.38 117.38 117.38 117.37 117.37
1980.00 117.97 117.97 117.97 117.97 117.97 117.97 117.96 117.96 117.96
1981.00 116.41 116.42 116.42 116.42 116.43 116.43 116.43 116.44 116.44
1982.00 114.73 114.73 114.74 114.74 114.75 114.75 114.76 114.76 114.77
1983.00 114.09 114.09 114.09 114.09 114.09 114.09 114.09 114.10 114.10
1984.00 112.48 112.47 112.47 112.46 112.45 112.45 112.44 112.44 112.43
1985.00 111.00 111.00 111.00 111.00 111.00 111.00 111.00 111.00 111.01
1986.00 108.54 108.54 108.54 108.54 108.54 108.54 108.54 108.54 108.54
1987.00 108.94 108.95 108.95 108.95 108.95 108.96 108.96 108.96 108.96
1988.00 103.91 103.99 104.08 104.16 104.25 104.33 104.42 104.50 104.59
1989.00 99.28 99.48 99.69 99.89 100.10 100.30 100.51 100.71 100.92
1990.00 94.45 94.77 95.10 95.42 95.75 96.07 96.39 96.72 97.04
1991.00 90.19 90.80 91.41 92.02 92.63 93.25 93.86 94.47 95.08
1992.00 86.46 87.46 88.45 89.45 90.45 91.45 92.45 93.45 94.45
1993.00 83.16 84.53 85.89 87.26 88.63 89.99 91.36 92.72 94.09
1994.00 79.52 81.27 83.01 84.76 86.51 88.25 90.00 91.74 93.49
1995.00 76.64 78.89 81.14 83.39 85.65 87.90 90.15 92.40 94.65
1996.00 73.38 75.94 78.49 81.05 83.60 86.16 88.71 91.26 93.82
1997.00 69.88 72.86 75.84 78.83 81.81 84.80 87.78 90.77 93.75
1998.00 65.67 68.96 72.25 75.54 78.83 82.12 85.42 88.71 92.00
1999.00 61.32 64.77 68.23 71.68 75.13 78.59 82.04 85.49 88.94
2000.00 56.57 60.01 63.44 66.87 70.30 73.73 77.16 80.59 84.02
2001.00 52.57 56.20 59.82 63.44 67.07 70.69 74.31 77.93 81.56
2002.00 49.40 53.30 57.20 61.10 65.00 68.90 72.81 76.70 80.60
2003.00 46.50 50.69 54.89 59.09 63.29 67.48 71.68 75.88 80.07
2004.00 41.77 45.91 50.05 54.19 58.33 62.47 66.61 70.75 74.89
2005.00 38.12 42.58 47.04 51.49 55.96 60.42 64.88 69.33 73.79
2006.00 34.56 39.30 44.03 48.76 53.50 58.23 62.97 67.70 72.43
2007.00 30.92 35.85 40.77 45.70 50.63 55.56 60.49 65.41 70.34
2008.00 26.33 31.22 36.10 40.99 45.87 50.76 55.64 60.52 65.41
2009.00 23.19 28.15 33.12 38.08 43.05 48.02 52.98 57.94 62.91
2010.00 19.47 24.32 29.18 34.03 38.89 43.74 48.60 53.45 58.30
2011.00 16.68 21.77 26.86 31.94 37.03 42.12 47.20 52.29 57.37
2012.00 14.06 19.38 24.70 30.01 35.33 40.65 45.97 51.28 56.60
2013.00 11.77 17.24 22.71 28.17 33.64 39.11 44.58 50.04 55.51
2014.00 9.06 14.64 20.22 25.80 31.38 36.97 42.55 48.13 53.71
2015.00 6.99 12.88 18.77 24.65 30.54 36.42 42.31 48.19 54.07
2016.00 4.76 10.87 16.98 23.09 29.20 35.31 41.42 47.53 53.63
2017.00 2.59 8.87 15.16 21.44 27.73 34.01 40.30 46.58 52.86
2018.00 -11.98 -9.79 -7.61 -5.43 -3.25 -1.07 1.11 3.29 5.46
2019.00 -13.23 -10.80 -8.36 -5.93 -3.49 -1.05 1.38 3.81 6.25
2020.00 -13.80 -11.12 -8.45 -5.78 -3.10 -0.43 2.25 4.92 7.59
2021.00 -14.96 -12.06 -9.17 -6.28 -3.39 -0.50 2.39 5.28 8.16
2022.00 -16.50 -13.41 -10.32 -7.22 -4.13 -1.03 2.06 5.15 8.24
2023.00 -17.73 -14.44 -11.16 -7.87 -4.59 -1.30 1.99 5.27 8.55
2024.00 -19.02 -15.56 -12.11 -8.66 -5.20 -1.75 1.70 5.15 8.60
2025.00 -20.75 -17.17 -13.59 -10.01 -6.43 -2.85 0.73 4.31 7.88
2026.00 -22.05 -18.36 -14.67 -10.98 -7.29 -3.59 0.10 3.78 7.47
2027.00 -23.15 -19.36 -15.57 -11.77 -7.98 -4.18 -0.39 3.40 7.19
2028.00 -24.05 -20.15 -16.24 -12.34 -8.44 -4.53 -0.63 3.27 7.17
2029.00 -24.95 -20.97 -16.99 -13.00 -9.02 -5.04 -1.06 2.92 6.90
2030.00 -25.65 -21.60 -17.56 -13.52 -9.47 -5.43 -1.39 2.65 6.69
2031.00 -26.18 -22.10 -18.03 -13.95 -9.87 -5.80 -1.72 2.35 6.42
2032.00 -26.91 -22.80 -18.70 -14.59 -10.49 -6.38 -2.28 1.83 5.93
2033.00 -27.46 -23.31 -19.16 -15.02 -10.87 -6.72 -2.57 1.57 5.72
2034.00 -27.68 -23.49 -19.30 -15.11 -10.92 -6.73 -2.54 1.65 5.84
2035.00 -28.20 -23.99 -19.78 -15.58 -11.37 -7.16 -2.95 1.26 5.46
2036.00 -28.50 -24.27 -20.05 -15.83 -11.60 -7.38 -3.15 1.07 5.29
2037.00 -28.66 -24.43 -20.20 -15.97 -11.73 -7.50 -3.27 0.95 5.18
2038.00 -28.82 -24.57 -20.33 -16.07 -11.82 -7.57 -3.33 0.92 5.17
2039.00 -28.94 -24.69 -20.43 -16.17 -11.92 -7.66 -3.41 0.84 5.10
2040.00 -29.02 -24.75 -20.48 -16.22 -11.95 -7.68 -3.42 0.85 5.11
2041.00 -28.99 -24.73 -20.46 -16.19 -11.92 -7.66 -3.39 0.88 5.14
2042.00 -28.80 -24.52 -20.25 -15.97 -11.69 -7.42 -3.15 1.13 5.40
2043.00 -28.68 -24.40 -20.12 -15.83 -11.55 -7.27 -2.99 1.30 5.58
2044.00 -28.55 -24.26 -19.96 -15.66 -11.37 -7.07 -2.77 1.52 5.82
2045.00 -28.38 -24.08 -19.78 -15.48 -11.18 -6.88 -2.58 1.71 6.01
2046.00 -28.24 -23.93 -19.63 -15.32 -11.02 -6.71 -2.41 1.89 6.19
2047.00 -28.31 -24.01 -19.70 -15.40 -11.10 -6.80 -2.50 1.80 6.10
2048.00 -28.32 -24.01 -19.71 -15.40 -11.09 -6.79 -2.49 1.81 6.12
2049.00 -28.36 -24.05 -19.75 -15.44 -11.13 -6.83 -2.52 1.78 6.09
2050.00 -28.51 -24.21 -19.90 -15.59 -11.28 -6.97 -2.67 1.64 5.95
2051.00 -28.68 -24.38 -20.07 -15.77 -11.47 -7.17 -2.87 1.43 5.74
2052.00 -28.62 -24.32 -20.02 -15.71 -11.41 -7.11 -2.81 1.50 5.80
2053.00 -28.61 -24.32 -20.03 -15.73 -11.44 -7.15 -2.86 1.43 5.72
2054.00 -28.61 -24.32 -20.03 -15.74 -11.45 -7.16 -2.87 1.41 5.71
2055.00 -28.63 -24.34 -20.06 -15.78 -11.50 -7.22 -2.94 1.34 5.63
2056.00 -28.64 -24.35 -20.07 -15.79 -11.50 -7.22 -2.94 1.34 5.63
2057.00 -28.61 -24.34 -20.07 -15.80 -11.53 -7.25 -2.98 1.29 5.56
2058.00 -28.64 -24.37 -20.09 -15.82 -11.55 -7.28 -3.01 1.26 5.53
2059.00 -28.71 -24.45 -20.19 -15.93 -11.68 -7.42 -3.16 1.10 5.36
2060.00 -28.66 -24.41 -20.15 -15.89 -11.64 -7.38 -3.13 1.13 5.39
2061.00 -28.73 -24.48 -20.23 -15.98 -11.73 -7.48 -3.23 1.02 5.27
2062.00 -28.80 -24.55 -20.30 -16.05 -11.80 -7.55 -3.30 0.95 5.20
2063.00 -28.65 -24.41 -20.17 -15.92 -11.68 -7.44 -3.19 1.05 5.30
2064.00 -28.42 -24.19 -19.95 -15.71 -11.48 -7.24 -3.01 1.23 5.46
2065.00 -28.25 -24.03 -19.81 -15.59 -11.37 -7.15 -2.93 1.29 5.51
