# yearspad, alpred
# [0.3 0.4 0.5 0.6 0.7 0.8 0.9 1.  1.1]
1922.00 -43.99 -39.74 -35.48 -31.22 -26.96 -22.71 -18.45 -14.17 -9.93
1923.00 -44.68 -40.46 -36.22 -32.00 -27.77 -23.54 -19.31 -15.06 -10.85
1924.00 -44.29 -40.08 -35.88 -31.68 -27.47 -23.27 -19.06 -14.83 -10.64
1925.00 -41.56 -37.41 -33.26 -29.12 -24.97 -20.82 -16.67 -12.50 -8.36
1926.00 -37.34 -33.24 -29.15 -25.05 -20.96 -16.86 -12.77 -8.65 -4.57
1927.00 -33.97 -29.94 -25.91 -21.88 -17.85 -13.83 -9.79 -5.75 -1.73
1928.00 -29.73 -25.77 -21.81 -17.85 -13.89 -9.93 -5.97 -1.99 1.96
1929.00 -24.46 -20.60 -16.74 -12.88 -9.02 -5.16 -1.30 2.58 6.43
1930.00 -21.22 -17.49 -13.75 -10.02 -6.29 -2.56 1.18 4.93 8.66
1931.00 -17.14 -13.57 -10.00 -6.43 -2.87 0.70 4.27 7.86 11.42
1932.00 -13.69 -10.27 -6.85 -3.44 -0.03 3.38 6.80 10.24 13.64
1933.00 -11.62 -8.37 -5.12 -1.88 1.36 4.60 7.85 11.11 14.35
1934.00 -7.94 -4.88 -1.82 1.24 4.29 7.35 10.41 13.49 16.54
1935.00 -3.48 -0.67 2.14 4.95 7.75 10.56 13.36 16.19 18.99
1936.00 0.94 3.48 6.02 8.55 11.09 13.62 16.16 18.72 21.25
1937.00 5.30 7.57 9.84 12.10 14.36 16.62 18.88 21.16 23.42
1938.00 10.04 12.05 14.06 16.06 18.06 20.07 22.07 24.10 26.10
1939.00 15.21 16.92 18.64 20.35 22.05 23.76 25.47 27.20 28.91
1940.00 18.94 20.35 21.76 23.17 24.58 25.98 27.39 28.82 30.22
1941.00 21.10 22.14 23.19 24.23 25.27 26.31 27.35 28.41 29.45
1942.00 24.75 25.44 26.14 26.82 27.51 28.20 28.88 29.59 30.28
1943.00 29.57 29.89 30.19 30.50 30.80 31.11 31.41 31.74 32.04
1944.00 33.03 32.98 32.92 32.86 32.80 32.74 32.68 32.64 32.57
1945.00 37.91 37.48 37.05 36.61 36.17 35.74 35.30 34.88 34.44
1946.00 42.26 41.44 40.62 39.79 38.96 38.13 37.30 36.49 35.66
1947.00 46.89 45.67 44.43 43.20 41.96 40.73 39.49 38.27 37.03
1948.00 50.25 48.58 46.91 45.24 43.56 41.89 40.22 38.56 36.89
1949.00 54.79 52.71 50.62 48.53 46.44 44.35 42.25 40.18 38.08
1950.00 58.61 56.11 53.60 51.10 48.58 46.07 43.56 41.06 38.55
1951.00 62.19 59.29 56.40 53.50 50.59 47.70 44.79 41.91 39.01
1952.00 67.45 64.11 60.76 57.41 54.06 50.71 47.36 44.02 40.67
1953.00 74.69 70.89 67.09 63.29 59.48 55.68 51.87 48.08 44.27
1954.00 80.98 76.71 72.42 68.14 63.85 59.57 55.28 51.01 46.72
1955.00 86.08 81.37 76.65 71.93 67.21 62.49 57.77 53.06 48.35
1956.00 91.08 85.93 80.77 75.61 70.45 65.29 60.13 54.98 49.81
1957.00 94.74 89.15 83.55 77.96 72.35 66.76 61.16 55.57 49.98
1958.00 99.25 93.19 87.12 81.05 74.97 68.91 62.83 56.77 50.70
1959.00 104.41 97.85 91.28 84.71 78.14 71.57 65.00 58.44 51.87
1960.00 108.74 101.70 94.66 87.61 80.56 73.52 66.47 59.44 52.39
1961.00 113.68 106.18 98.68 91.18 83.67 76.17 68.66 61.16 53.66
1962.00 120.53 112.55 104.58 96.60 88.62 80.64 72.66 64.69 56.71
1963.00 126.32 117.84 109.36 100.87 92.39 83.90 75.41 66.93 58.45
1964.00 132.05 123.06 114.06 105.07 96.07 87.07 78.08 69.08 60.09
1965.00 139.25 129.77 120.28 110.79 101.30 91.81 82.31 72.83 63.34
1966.00 144.38 134.41 124.44 114.47 104.49 94.52 84.54 74.57 64.60
1967.00 149.19 138.75 128.30 117.86 107.41 96.97 86.52 76.08 65.63
1968.00 155.05 144.09 133.14 122.18 111.22 100.26 89.30 78.34 67.38
1969.00 161.20 149.74 138.27 126.81 115.35 103.88 92.42 80.95 69.49
1970.00 200.55 200.55 200.55 200.56 200.56 200.56 200.56 200.57 200.57
1971.00 212.93 212.93 212.92 212.92 212.92 212.92 212.92 212.91 212.91
1972.00 220.28 220.28 220.29 220.29 220.29 220.30 220.30 220.30 220.30
1973.00 209.17 209.17 209.16 209.16 209.16 209.16 209.16 209.16 209.16
1974.00 183.06 183.06 183.06 183.06 183.06 183.06 183.06 183.06 183.07
1975.00 176.45 176.45 176.45 176.44 176.44 176.44 176.44 176.44 176.43
1976.00 167.36 167.37 167.37 167.38 167.38 167.39 167.39 167.39 167.40
1977.00 137.05 137.05 137.06 137.06 137.06 137.06 137.06 137.06 137.07
1978.00 130.43 130.43 130.43 130.44 130.44 130.44 130.44 130.44 130.45
1979.00 128.52 128.52 128.52 128.51 128.51 128.50 128.50 128.50 128.49
1980.00 129.70 129.70 129.70 129.70 129.70 129.70 129.70 129.70 129.69
1981.00 131.83 131.83 131.83 131.84 131.84 131.84 131.85 131.85 131.86
1982.00 131.92 131.93 131.93 131.94 131.94 131.95 131.95 131.96 131.96
1983.00 124.63 124.63 124.63 124.63 124.63 124.63 124.63 124.64 124.64
1984.00 124.54 124.53 124.53 124.52 124.51 124.50 124.50 124.49 124.48
1985.00 122.04 122.04 122.05 122.05 122.05 122.05 122.05 122.05 122.05
1986.00 117.23 117.23 117.23 117.23 117.23 117.23 117.23 117.23 117.23
1987.00 112.99 112.99 112.99 113.00 113.00 113.00 113.00 113.01 113.01
1988.00 108.43 108.51 108.58 108.66 108.73 108.80 108.88 108.95 109.03
1989.00 103.86 104.03 104.20 104.37 104.54 104.71 104.88 105.06 105.23
1990.00 97.19 97.48 97.76 98.05 98.34 98.62 98.91 99.20 99.48
1991.00 91.36 91.91 92.46 93.01 93.55 94.10 94.65 95.20 95.74
1992.00 85.91 86.81 87.70 88.60 89.50 90.40 91.30 92.20 93.10
1993.00 79.54 80.80 82.05 83.31 84.56 85.82 87.07 88.33 89.59
1994.00 73.94 75.58 77.21 78.84 80.48 82.11 83.74 85.38 87.01
1995.00 69.25 71.38 73.50 75.62 77.74 79.86 81.98 84.10 86.22
1996.00 63.57 65.98 68.38 70.79 73.19 75.59 77.99 80.40 82.80
1997.00 60.86 63.69 66.52 69.35 72.18 75.01 77.84 80.68 83.51
1998.00 58.52 61.65 64.79 67.92 71.06 74.19 77.33 80.47 83.60
1999.00 52.72 56.01 59.29 62.57 65.85 69.13 72.41 75.69 78.98
2000.00 45.79 49.03 52.28 55.52 58.76 62.01 65.25 68.49 71.74
2001.00 40.08 43.52 46.96 50.40 53.84 57.28 60.71 64.16 67.60
2002.00 34.52 38.23 41.93 45.64 49.34 53.05 56.75 60.47 64.17
2003.00 28.69 32.68 36.66 40.64 44.61 48.60 52.57 56.56 60.54
2004.00 24.01 27.94 31.86 35.78 39.69 43.61 47.53 51.45 55.37
2005.00 19.34 23.57 27.80 32.03 36.26 40.49 44.72 48.95 53.18
2006.00 14.38 18.88 23.38 27.87 32.37 36.87 41.37 45.87 50.37
2007.00 9.47 14.18 18.88 23.59 28.29 33.00 37.70 42.41 47.11
2008.00 4.62 9.28 13.94 18.60 23.25 27.92 32.58 37.24 41.90
2009.00 -0.75 4.00 8.74 13.49 18.22 22.97 27.71 32.46 37.20
2010.00 -7.59 -2.94 1.70 6.34 10.98 15.63 20.27 24.91 29.55
2011.00 -11.14 -6.27 -1.40 3.47 8.33 13.20 18.07 22.95 27.81
2012.00 -13.77 -8.65 -3.54 1.58 6.69 11.81 16.93 22.05 27.16
2013.00 -16.53 -11.25 -5.98 -0.70 4.56 9.84 15.11 20.39 25.66
2014.00 -19.34 -13.94 -8.54 -3.14 2.26 7.66 13.07 18.47 23.87
2015.00 -20.36 -14.64 -8.92 -3.21 2.50 8.22 13.94 19.66 25.37
2016.00 -22.53 -16.57 -10.61 -4.65 1.30 7.26 13.22 19.18 25.13
2017.00 -24.45 -18.30 -12.15 -6.00 0.14 6.30 12.45 18.60 24.75
2018.00 -40.07 -38.03 -36.00 -33.96 -31.94 -29.90 -27.86 -25.83 -23.80
2019.00 -41.50 -39.20 -36.90 -34.59 -32.30 -29.99 -27.68 -25.38 -23.08
2020.00 -42.13 -39.58 -37.02 -34.47 -31.92 -29.36 -26.79 -24.24 -21.69
2021.00 -42.03 -39.25 -36.46 -33.67 -30.89 -28.10 -25.31 -22.53 -19.75
2022.00 -39.94 -36.93 -33.92 -30.92 -27.91 -24.90 -21.88 -18.88 -15.87
2023.00 -38.98 -35.76 -32.53 -29.31 -26.09 -22.87 -19.64 -16.42 -13.20
2024.00 -38.60 -35.19 -31.78 -28.37 -24.96 -21.55 -18.13 -14.72 -11.31
2025.00 -36.14 -32.59 -29.04 -25.48 -21.94 -18.38 -14.82 -11.26 -7.72
2026.00 -35.90 -32.24 -28.56 -24.89 -21.22 -17.55 -13.87 -10.20 -6.53
2027.00 -37.42 -33.64 -29.86 -26.08 -22.31 -18.52 -14.73 -10.96 -7.18
2028.00 -38.83 -34.93 -31.02 -27.12 -23.22 -19.31 -15.40 -11.50 -7.60
2029.00 -40.08 -36.09 -32.10 -28.10 -24.11 -20.11 -16.11 -12.12 -8.13
2030.00 -41.30 -37.24 -33.18 -29.12 -25.07 -21.00 -16.93 -12.87 -8.82
2031.00 -42.27 -38.18 -34.09 -30.00 -25.91 -21.81 -17.71 -13.62 -9.54
2032.00 -43.35 -39.23 -35.11 -30.99 -26.87 -22.74 -18.61 -14.49 -10.38
2033.00 -43.87 -39.70 -35.53 -31.35 -27.18 -22.99 -18.81 -14.63 -10.46
2034.00 -44.52 -40.29 -36.07 -31.84 -27.61 -23.38 -19.13 -14.91 -10.69
2035.00 -44.75 -40.50 -36.24 -31.99 -27.73 -23.47 -19.20 -14.95 -10.70
2036.00 -44.55 -40.28 -36.01 -31.73 -27.45 -23.17 -18.88 -14.61 -10.35
2037.00 -44.70 -40.42 -36.14 -31.85 -27.56 -23.27 -18.97 -14.69 -10.41
2038.00 -44.98 -40.68 -36.38 -32.07 -27.76 -23.45 -19.13 -14.82 -10.52
2039.00 -45.11 -40.80 -36.48 -32.17 -27.85 -23.53 -19.19 -14.88 -10.58
2040.00 -45.43 -41.10 -36.78 -32.45 -28.11 -23.78 -19.43 -15.11 -10.79
2041.00 -45.55 -41.23 -36.90 -32.57 -28.23 -23.89 -19.54 -15.21 -10.89
2042.00 -46.18 -41.85 -37.51 -33.17 -28.83 -24.48 -20.12 -15.79 -11.46
2043.00 -46.38 -42.04 -37.69 -33.35 -28.99 -24.64 -20.27 -15.93 -11.59
2044.00 -46.08 -41.73 -37.37 -33.00 -28.64 -24.27 -19.89 -15.52 -11.17
2045.00 -45.87 -41.51 -37.15 -32.78 -28.41 -24.03 -19.64 -15.28 -10.92
2046.00 -45.77 -41.41 -37.03 -32.66 -28.28 -23.90 -19.51 -15.13 -10.77
2047.00 -44.75 -40.38 -36.01 -31.63 -27.25 -22.88 -18.48 -14.11 -9.75
2048.00 -44.00 -39.63 -35.25 -30.87 -26.49 -22.11 -17.71 -13.33 -8.96
2049.00 -43.80 -39.43 -35.04 -30.66 -26.27 -21.89 -17.49 -13.11 -8.74
2050.00 -43.38 -39.00 -34.61 -30.23 -25.83 -21.45 -17.04 -12.65 -8.28
2051.00 -43.04 -38.66 -34.28 -29.90 -25.51 -21.13 -16.72 -12.34 -7.97
2052.00 -43.33 -38.95 -34.57 -30.19 -25.80 -21.42 -17.02 -12.64 -8.27
2053.00 -43.65 -39.29 -34.92 -30.55 -26.18 -21.81 -17.42 -13.05 -8.69
2054.00 -43.77 -39.41 -35.05 -30.68 -26.31 -21.95 -17.57 -13.20 -8.85
2055.00 -43.84 -39.50 -35.13 -30.78 -26.42 -22.06 -17.69 -13.33 -8.99
2056.00 -43.95 -39.60 -35.24 -30.89 -26.53 -22.17 -17.80 -13.44 -9.10
2057.00 -44.06 -39.73 -35.38 -31.04 -26.69 -22.35 -17.99 -13.64 -9.31
2058.00 -44.04 -39.71 -35.37 -31.03 -26.69 -22.35 -18.00 -13.65 -9.32
2059.00 -43.55 -39.23 -34.90 -30.58 -26.24 -21.92 -17.58 -13.25 -8.94
2060.00 -43.64 -39.32 -35.00 -30.68 -26.35 -22.03 -17.70 -13.36 -9.06
2061.00 -43.76 -39.46 -35.14 -30.83 -26.51 -22.20 -17.88 -13.55 -9.26
2062.00 -43.56 -39.25 -34.94 -30.63 -26.31 -22.01 -17.68 -13.36 -9.06
2063.00 -43.71 -39.42 -35.12 -30.82 -26.51 -22.22 -17.91 -13.59 -9.31
2064.00 -44.29 -40.01 -35.72 -31.43 -27.14 -22.86 -18.56 -14.25 -9.98
2065.00 -43.95 -39.69 -35.42 -31.15 -26.87 -22.61 -18.33 -14.04 -9.79
