# yearspad, alpred
# [0.3 0.4 0.5 0.6 0.7 0.8 0.9 1.  1.1]
1922.00 -40.07 -35.87 -31.67 -27.48 -23.28 -19.08 -14.89 -10.69 -6.50
1923.00 -39.69 -35.51 -31.33 -27.16 -22.98 -18.80 -14.62 -10.45 -6.27
1924.00 -38.57 -34.41 -30.25 -26.09 -21.93 -17.77 -13.61 -9.45 -5.29
1925.00 -37.58 -33.47 -29.36 -25.25 -21.14 -17.03 -12.92 -8.81 -4.70
1926.00 -36.03 -31.96 -27.90 -23.84 -19.78 -15.71 -11.65 -7.59 -3.53
1927.00 -34.43 -30.43 -26.43 -22.42 -18.42 -14.42 -10.42 -6.42 -2.42
1928.00 -33.37 -29.44 -25.51 -21.57 -17.64 -13.71 -9.78 -5.85 -1.92
1929.00 -32.01 -28.18 -24.34 -20.50 -16.67 -12.83 -9.00 -5.16 -1.33
1930.00 -30.56 -26.83 -23.11 -19.39 -15.67 -11.95 -8.22 -4.50 -0.78
1931.00 -28.68 -25.11 -21.54 -17.97 -14.40 -10.83 -7.26 -3.69 -0.12
1932.00 -26.60 -23.17 -19.75 -16.33 -12.90 -9.48 -6.06 -2.64 0.78
1933.00 -24.90 -21.65 -18.39 -15.14 -11.88 -8.62 -5.37 -2.11 1.14
1934.00 -22.90 -19.82 -16.74 -13.67 -10.59 -7.52 -4.44 -1.36 1.71
1935.00 -20.83 -17.99 -15.14 -12.30 -9.46 -6.61 -3.77 -0.93 1.91
1936.00 -18.43 -15.84 -13.25 -10.65 -8.06 -5.47 -2.88 -0.29 2.30
1937.00 -15.97 -13.64 -11.32 -9.00 -6.67 -4.35 -2.03 0.30 2.62
1938.00 -13.37 -11.31 -9.24 -7.17 -5.10 -3.04 -0.97 1.10 3.16
1939.00 -11.44 -9.66 -7.89 -6.11 -4.33 -2.55 -0.78 1.00 2.78
1940.00 -9.03 -7.54 -6.06 -4.57 -3.09 -1.60 -0.12 1.37 2.85
1941.00 -6.20 -5.06 -3.93 -2.79 -1.66 -0.52 0.61 1.75 2.88
1942.00 -3.07 -2.28 -1.48 -0.69 0.10 0.89 1.68 2.47 3.26
1943.00 0.62 1.04 1.46 1.87 2.29 2.70 3.12 3.53 3.95
1944.00 4.02 4.08 4.14 4.20 4.26 4.32 4.38 4.44 4.49
1945.00 7.68 7.37 7.07 6.76 6.45 6.14 5.83 5.52 5.21
1946.00 10.36 9.66 8.97 8.28 7.59 6.89 6.20 5.51 4.81
1947.00 13.81 12.71 11.61 10.51 9.41 8.32 7.22 6.12 5.02
1948.00 17.72 16.20 14.67 13.14 11.61 10.08 8.55 7.02 5.49
1949.00 22.25 20.30 18.35 16.40 14.45 12.50 10.55 8.60 6.65
1950.00 26.62 24.24 21.87 19.49 17.12 14.74 12.37 9.99 7.61
1951.00 31.04 28.27 25.50 22.73 19.95 17.18 14.41 11.64 8.87
1952.00 35.76 32.54 29.31 26.09 22.87 19.65 16.42 13.20 9.97
1953.00 40.09 36.40 32.71 29.02 25.33 21.65 17.96 14.27 10.58
1954.00 45.01 40.83 36.65 32.47 28.29 24.11 19.92 15.74 11.56
1955.00 49.11 44.48 39.84 35.21 30.57 25.94 21.30 16.67 12.03
1956.00 53.00 47.91 42.82 37.73 32.64 27.55 22.46 17.36 12.27
1957.00 56.75 51.21 45.67 40.14 34.60 29.06 23.53 17.99 12.45
1958.00 61.19 55.17 49.15 43.14 37.12 31.10 25.08 19.06 13.05
1959.00 66.24 59.71 53.17 46.64 40.11 33.58 27.05 20.52 13.99
1960.00 71.37 64.35 57.33 50.30 43.28 36.26 29.24 22.21 15.19
1961.00 75.82 68.33 60.83 53.33 45.84 38.34 30.85 23.35 15.86
1962.00 79.98 72.00 64.02 56.05 48.07 40.09 32.12 24.14 16.16
1963.00 84.75 76.27 67.78 59.29 50.80 42.31 33.83 25.34 16.85
1964.00 89.67 80.67 71.66 62.65 53.65 44.64 35.63 26.62 17.62
1965.00 95.06 85.54 76.03 66.51 57.00 47.48 37.97 28.45 18.94
1966.00 100.00 89.99 79.98 69.97 59.96 49.95 39.94 29.92 19.91
1967.00 104.94 94.44 83.94 73.44 62.95 52.45 41.95 31.45 20.95
1968.00 109.78 98.76 87.74 76.72 65.70 54.68 43.66 32.63 21.61
1969.00 114.79 103.25 91.71 80.17 68.63 57.09 45.55 34.02 22.48
1970.00 155.01 155.01 155.01 155.02 155.02 155.02 155.02 155.03 155.03
1971.00 160.95 160.95 160.94 160.94 160.94 160.94 160.94 160.93 160.93
1972.00 156.35 156.36 156.36 156.37 156.37 156.37 156.38 156.38 156.38
1973.00 154.67 154.67 154.67 154.67 154.67 154.67 154.66 154.66 154.66
1974.00 151.30 151.30 151.30 151.30 151.30 151.30 151.30 151.30 151.30
1975.00 147.72 147.72 147.72 147.72 147.72 147.71 147.71 147.71 147.71
1976.00 152.96 152.97 152.97 152.98 152.98 152.99 152.99 153.00 153.00
1977.00 153.30 153.31 153.31 153.31 153.31 153.31 153.31 153.31 153.31
1978.00 155.40 155.40 155.40 155.40 155.41 155.41 155.41 155.41 155.41
1979.00 150.26 150.26 150.26 150.25 150.25 150.25 150.24 150.24 150.24
1980.00 150.54 150.54 150.54 150.54 150.54 150.54 150.54 150.54 150.54
1981.00 152.59 152.60 152.60 152.60 152.61 152.61 152.61 152.62 152.62
1982.00 154.02 154.03 154.03 154.03 154.04 154.04 154.05 154.05 154.06
1983.00 149.59 149.59 149.59 149.59 149.60 149.60 149.60 149.60 149.60
1984.00 144.08 144.07 144.07 144.06 144.05 144.05 144.04 144.04 144.03
1985.00 144.47 144.47 144.47 144.47 144.48 144.48 144.48 144.48 144.48
1986.00 142.40 142.40 142.40 142.40 142.40 142.40 142.40 142.40 142.40
1987.00 140.95 140.96 140.96 140.96 140.96 140.97 140.97 140.97 140.97
1988.00 135.18 135.26 135.34 135.42 135.50 135.58 135.65 135.73 135.81
1989.00 129.22 129.42 129.61 129.81 130.01 130.21 130.41 130.60 130.80
1990.00 122.41 122.71 123.01 123.30 123.60 123.90 124.20 124.49 124.79
1991.00 116.41 116.99 117.58 118.16 118.74 119.32 119.90 120.48 121.07
1992.00 111.15 112.10 113.04 113.99 114.94 115.89 116.84 117.79 118.74
1993.00 106.33 107.63 108.92 110.22 111.52 112.81 114.11 115.40 116.70
1994.00 101.18 102.84 104.50 106.16 107.82 109.47 111.13 112.79 114.45
1995.00 96.78 98.94 101.10 103.27 105.43 107.60 109.76 111.92 114.09
1996.00 91.77 94.22 96.67 99.12 101.57 104.02 106.47 108.92 111.37
1997.00 87.44 90.33 93.21 96.10 98.99 101.88 104.77 107.65 110.54
1998.00 82.72 85.90 89.08 92.26 95.43 98.61 101.79 104.97 108.15
1999.00 77.16 80.49 83.81 87.14 90.46 93.79 97.11 100.44 103.77
2000.00 70.76 74.06 77.35 80.65 83.94 87.24 90.53 93.83 97.13
2001.00 64.73 68.21 71.69 75.16 78.64 82.12 85.60 89.08 92.56
2002.00 60.21 63.96 67.71 71.46 75.21 78.96 82.71 86.46 90.21
2003.00 55.68 59.64 63.59 67.54 71.50 75.45 79.40 83.36 87.31
2004.00 50.72 54.62 58.53 62.43 66.33 70.24 74.14 78.04 81.95
2005.00 45.47 49.68 53.90 58.11 62.32 66.54 70.75 74.96 79.18
2006.00 40.19 44.67 49.15 53.63 58.10 62.58 67.06 71.54 76.02
2007.00 35.26 39.92 44.59 49.26 53.92 58.59 63.25 67.92 72.59
2008.00 30.10 34.82 39.54 44.26 48.98 53.70 58.42 63.14 67.86
2009.00 25.75 30.58 35.40 40.22 45.04 49.86 54.69 59.51 64.33
2010.00 20.53 25.28 30.03 34.79 39.55 44.30 49.06 53.81 58.57
2011.00 16.62 21.61 26.61 31.60 36.59 41.58 46.58 51.57 56.56
2012.00 12.54 17.76 22.98 28.20 33.42 38.64 43.86 49.09 54.31
2013.00 9.15 14.53 19.91 25.29 30.67 36.05 41.43 46.81 52.19
2014.00 5.71 11.21 16.72 22.22 27.73 33.23 38.74 44.24 49.75
2015.00 3.06 8.87 14.68 20.49 26.30 32.11 37.92 43.73 49.54
2016.00 -0.43 5.61 11.64 17.68 23.71 29.75 35.79 41.82 47.86
2017.00 -3.57 2.62 8.82 15.02 21.22 27.41 33.61 39.81 46.01
2018.00 -18.66 -16.48 -14.29 -12.11 -9.93 -7.74 -5.55 -3.37 -1.18
2019.00 -20.96 -18.53 -16.09 -13.66 -11.22 -8.78 -6.34 -3.91 -1.47
2020.00 -22.21 -19.54 -16.87 -14.20 -11.52 -8.85 -6.18 -3.50 -0.83
2021.00 -23.73 -20.84 -17.95 -15.05 -12.16 -9.27 -6.38 -3.48 -0.59
2022.00 -25.24 -22.15 -19.05 -15.95 -12.85 -9.75 -6.65 -3.55 -0.45
2023.00 -26.95 -23.66 -20.37 -17.08 -13.79 -10.50 -7.21 -3.92 -0.62
2024.00 -28.82 -25.37 -21.91 -18.46 -15.00 -11.54 -8.09 -4.63 -1.18
2025.00 -30.37 -26.80 -23.22 -19.64 -16.06 -12.48 -8.90 -5.32 -1.74
2026.00 -31.84 -28.15 -24.46 -20.77 -17.08 -13.40 -9.71 -6.02 -2.33
2027.00 -33.24 -29.45 -25.66 -21.87 -18.08 -14.29 -10.50 -6.70 -2.91
2028.00 -34.58 -30.68 -26.79 -22.89 -18.99 -15.09 -11.18 -7.28 -3.38
2029.00 -35.98 -32.01 -28.04 -24.06 -20.09 -16.11 -12.14 -8.16 -4.19
2030.00 -37.04 -33.00 -28.97 -24.94 -20.91 -16.88 -12.84 -8.81 -4.78
2031.00 -37.69 -33.63 -29.57 -25.50 -21.43 -17.37 -13.30 -9.24 -5.17
2032.00 -38.32 -34.23 -30.13 -26.03 -21.93 -17.83 -13.73 -9.63 -5.53
2033.00 -39.18 -35.04 -30.91 -26.77 -22.63 -18.49 -14.35 -10.21 -6.07
2034.00 -39.76 -35.58 -31.40 -27.22 -23.04 -18.86 -14.68 -10.50 -6.32
2035.00 -40.19 -36.00 -31.80 -27.60 -23.41 -19.21 -15.02 -10.82 -6.62
2036.00 -40.33 -36.12 -31.91 -27.70 -23.48 -19.27 -15.06 -10.85 -6.64
2037.00 -40.51 -36.29 -32.07 -27.86 -23.64 -19.42 -15.21 -10.99 -6.77
2038.00 -40.72 -36.49 -32.25 -28.02 -23.78 -19.55 -15.31 -11.08 -6.84
2039.00 -40.88 -36.64 -32.40 -28.16 -23.92 -19.68 -15.44 -11.19 -6.96
2040.00 -41.09 -36.84 -32.59 -28.34 -24.08 -19.83 -15.58 -11.33 -7.08
2041.00 -41.17 -36.92 -32.67 -28.42 -24.16 -19.91 -15.66 -11.41 -7.16
2042.00 -41.07 -36.81 -32.55 -28.29 -24.03 -19.78 -15.52 -11.26 -7.00
2043.00 -40.99 -36.73 -32.46 -28.20 -23.93 -19.66 -15.40 -11.13 -6.87
2044.00 -41.01 -36.74 -32.46 -28.18 -23.90 -19.62 -15.34 -11.06 -6.79
2045.00 -40.86 -36.58 -32.30 -28.02 -23.73 -19.45 -15.17 -10.89 -6.61
2046.00 -40.63 -36.35 -32.07 -27.78 -23.49 -19.21 -14.93 -10.64 -6.36
2047.00 -40.55 -36.27 -31.99 -27.70 -23.42 -19.14 -14.86 -10.57 -6.29
2048.00 -40.45 -36.17 -31.88 -27.59 -23.31 -19.02 -14.74 -10.45 -6.16
2049.00 -40.48 -36.19 -31.90 -27.62 -23.33 -19.04 -14.75 -10.47 -6.18
2050.00 -40.47 -36.18 -31.89 -27.60 -23.31 -19.02 -14.73 -10.44 -6.15
2051.00 -40.64 -36.36 -32.08 -27.79 -23.51 -19.23 -14.94 -10.66 -6.38
2052.00 -40.69 -36.41 -32.12 -27.84 -23.55 -19.27 -14.98 -10.70 -6.41
2053.00 -40.76 -36.48 -32.21 -27.94 -23.66 -19.39 -15.11 -10.84 -6.57
2054.00 -40.70 -36.42 -32.15 -27.88 -23.61 -19.33 -15.06 -10.79 -6.52
2055.00 -40.74 -36.48 -32.21 -27.95 -23.68 -19.42 -15.15 -10.89 -6.63
2056.00 -40.81 -36.55 -32.28 -28.02 -23.75 -19.49 -15.22 -10.96 -6.69
2057.00 -40.75 -36.49 -32.24 -27.98 -23.73 -19.47 -15.22 -10.96 -6.71
2058.00 -40.79 -36.54 -32.28 -28.02 -23.77 -19.51 -15.26 -11.00 -6.75
2059.00 -40.83 -36.59 -32.35 -28.10 -23.86 -19.62 -15.38 -11.13 -6.89
2060.00 -40.66 -36.42 -32.18 -27.94 -23.70 -19.46 -15.22 -10.97 -6.74
2061.00 -40.63 -36.39 -32.16 -27.92 -23.69 -19.45 -15.22 -10.98 -6.75
2062.00 -40.72 -36.49 -32.25 -28.01 -23.78 -19.54 -15.31 -11.07 -6.84
2063.00 -40.69 -36.47 -32.24 -28.01 -23.78 -19.55 -15.32 -11.09 -6.87
2064.00 -40.61 -36.39 -32.17 -27.95 -23.73 -19.51 -15.28 -11.06 -6.85
2065.00 -40.32 -36.12 -31.91 -27.71 -23.50 -19.29 -15.09 -10.88 -6.68
