# yearspad, alpred
# [0.3 0.4 0.5 0.6 0.7 0.8 0.9 1.  1.1]
1922.00 -31.86 -27.65 -23.44 -19.23 -15.01 -10.80 -6.59 -2.38 1.83
1923.00 -31.20 -27.01 -22.82 -18.63 -14.44 -10.25 -6.05 -1.86 2.32
1924.00 -30.95 -26.79 -22.61 -18.44 -14.27 -10.10 -5.93 -1.76 2.41
1925.00 -30.66 -26.54 -22.42 -18.30 -14.18 -10.06 -5.94 -1.82 2.29
1926.00 -30.15 -26.09 -22.02 -17.95 -13.88 -9.81 -5.74 -1.67 2.39
1927.00 -29.31 -25.31 -21.30 -17.30 -13.29 -9.29 -5.28 -1.27 2.73
1928.00 -28.46 -24.53 -20.59 -16.66 -12.72 -8.79 -4.85 -0.91 3.02
1929.00 -27.47 -23.64 -19.80 -15.96 -12.12 -8.29 -4.44 -0.61 3.23
1930.00 -26.48 -22.76 -19.04 -15.32 -11.59 -7.87 -4.15 -0.42 3.29
1931.00 -25.84 -22.27 -18.70 -15.13 -11.57 -8.00 -4.43 -0.86 2.70
1932.00 -24.93 -21.51 -18.09 -14.67 -11.26 -7.84 -4.42 -1.00 2.42
1933.00 -23.03 -19.78 -16.53 -13.28 -10.03 -6.78 -3.53 -0.27 2.97
1934.00 -21.68 -18.61 -15.54 -12.48 -9.41 -6.34 -3.27 -0.20 2.87
1935.00 -19.97 -17.14 -14.31 -11.48 -8.65 -5.81 -2.98 -0.15 2.68
1936.00 -18.37 -15.80 -13.22 -10.65 -8.07 -5.49 -2.92 -0.34 2.23
1937.00 -16.75 -14.44 -12.14 -9.83 -7.52 -5.22 -2.91 -0.60 1.71
1938.00 -15.37 -13.32 -11.27 -9.22 -7.17 -5.12 -3.06 -1.01 1.04
1939.00 -13.87 -12.11 -10.35 -8.60 -6.84 -5.08 -3.32 -1.56 0.19
1940.00 -11.59 -10.13 -8.66 -7.20 -5.73 -4.27 -2.80 -1.34 0.13
1941.00 -9.14 -8.02 -6.91 -5.79 -4.68 -3.56 -2.45 -1.33 -0.22
1942.00 -7.39 -6.62 -5.84 -5.07 -4.30 -3.53 -2.76 -1.98 -1.21
1943.00 -5.17 -4.78 -4.39 -3.99 -3.60 -3.20 -2.81 -2.41 -2.02
1944.00 -2.65 -2.61 -2.57 -2.53 -2.49 -2.45 -2.41 -2.37 -2.33
1945.00 0.05 -0.28 -0.61 -0.94 -1.27 -1.60 -1.93 -2.26 -2.59
1946.00 3.06 2.35 1.64 0.93 0.21 -0.50 -1.21 -1.92 -2.63
1947.00 6.34 5.22 4.11 3.00 1.88 0.77 -0.34 -1.45 -2.57
1948.00 8.74 7.19 5.65 4.11 2.57 1.02 -0.52 -2.06 -3.60
1949.00 11.09 9.12 7.16 5.19 3.23 1.27 -0.70 -2.66 -4.63
1950.00 14.00 11.61 9.23 6.84 4.46 2.07 -0.32 -2.70 -5.09
1951.00 18.01 15.23 12.45 9.67 6.89 4.11 1.33 -1.44 -4.23
1952.00 21.53 18.29 15.06 11.83 8.60 5.36 2.13 -1.10 -4.33
1953.00 24.97 21.27 17.58 13.88 10.18 6.48 2.78 -0.91 -4.61
1954.00 28.56 24.37 20.18 15.99 11.81 7.62 3.43 -0.76 -4.95
1955.00 31.64 27.00 22.36 17.72 13.09 8.45 3.81 -0.82 -5.46
1956.00 35.07 29.98 24.89 19.80 14.71 9.62 4.53 -0.56 -5.65
1957.00 38.55 33.02 27.49 21.95 16.42 10.89 5.35 -0.18 -5.71
1958.00 41.87 35.86 29.84 23.82 17.81 11.79 5.78 -0.24 -6.26
1959.00 45.04 38.51 31.98 25.45 18.92 12.39 5.86 -0.67 -7.20
1960.00 49.10 42.08 35.06 28.04 21.02 14.00 6.98 -0.04 -7.06
1961.00 53.11 45.62 38.13 30.64 23.15 15.66 8.17 0.68 -6.81
1962.00 56.89 48.91 40.94 32.96 24.99 17.01 9.04 1.06 -6.91
1963.00 60.76 52.27 43.78 35.28 26.79 18.30 9.81 1.32 -7.17
1964.00 64.23 55.21 46.18 37.16 28.14 19.12 10.10 1.08 -7.94
1965.00 67.33 57.79 48.26 38.72 29.19 19.65 10.12 0.59 -8.95
1966.00 71.20 61.16 51.12 41.08 31.04 21.00 10.96 0.92 -9.12
1967.00 75.29 64.76 54.22 43.69 33.16 22.63 12.10 1.57 -8.96
1968.00 79.40 68.33 57.26 46.19 35.12 24.05 12.98 1.92 -9.15
1969.00 83.15 71.55 59.95 48.35 36.76 25.16 13.56 1.97 -9.63
1970.00 123.52 123.53 123.53 123.53 123.53 123.54 123.54 123.54 123.54
1971.00 123.05 123.05 123.05 123.04 123.04 123.04 123.04 123.04 123.04
1972.00 126.08 126.08 126.08 126.09 126.09 126.10 126.10 126.10 126.11
1973.00 132.54 132.54 132.54 132.54 132.54 132.53 132.53 132.53 132.53
1974.00 135.89 135.89 135.89 135.89 135.89 135.89 135.89 135.89 135.89
1975.00 131.93 131.93 131.93 131.92 131.92 131.92 131.92 131.92 131.92
1976.00 130.39 130.40 130.40 130.41 130.41 130.42 130.42 130.43 130.43
1977.00 133.07 133.07 133.07 133.07 133.07 133.07 133.07 133.07 133.07
1978.00 133.43 133.43 133.43 133.44 133.44 133.44 133.44 133.44 133.44
1979.00 135.40 135.40 135.39 135.39 135.39 135.38 135.38 135.38 135.37
1980.00 138.87 138.87 138.87 138.87 138.87 138.87 138.87 138.87 138.86
1981.00 132.87 132.88 132.88 132.88 132.89 132.89 132.89 132.90 132.90
1982.00 131.78 131.78 131.78 131.79 131.79 131.80 131.80 131.81 131.81
1983.00 127.61 127.61 127.62 127.62 127.62 127.62 127.62 127.62 127.62
1984.00 124.72 124.72 124.71 124.71 124.70 124.69 124.69 124.68 124.67
1985.00 124.22 124.22 124.23 124.23 124.23 124.23 124.23 124.23 124.23
1986.00 124.70 124.70 124.70 124.70 124.70 124.70 124.70 124.70 124.70
1987.00 125.03 125.03 125.04 125.04 125.04 125.04 125.05 125.05 125.05
1988.00 120.21 120.29 120.38 120.46 120.55 120.64 120.72 120.81 120.89
1989.00 115.86 116.06 116.27 116.48 116.69 116.89 117.10 117.31 117.52
1990.00 111.38 111.69 112.01 112.32 112.64 112.95 113.26 113.58 113.89
1991.00 106.89 107.50 108.12 108.73 109.35 109.96 110.57 111.19 111.80
1992.00 102.28 103.28 104.28 105.28 106.27 107.27 108.27 109.26 110.26
1993.00 97.60 98.95 100.30 101.65 103.00 104.35 105.70 107.04 108.39
1994.00 92.87 94.60 96.33 98.05 99.78 101.51 103.23 104.96 106.68
1995.00 89.39 91.62 93.85 96.09 98.32 100.55 102.78 105.02 107.25
1996.00 85.72 88.26 90.79 93.33 95.86 98.40 100.93 103.47 106.00
1997.00 81.67 84.63 87.60 90.56 93.52 96.48 99.44 102.40 105.36
1998.00 77.35 80.61 83.88 87.15 90.41 93.68 96.95 100.21 103.48
1999.00 73.02 76.45 79.88 83.31 86.74 90.17 93.60 97.03 100.46
2000.00 67.78 71.20 74.61 78.03 81.44 84.86 88.27 91.68 95.09
2001.00 63.24 66.85 70.46 74.07 77.67 81.28 84.89 88.49 92.10
2002.00 59.21 63.09 66.97 70.85 74.73 78.61 82.49 86.37 90.25
2003.00 55.34 59.51 63.67 67.83 72.00 76.16 80.32 84.48 88.64
2004.00 50.24 54.34 58.43 62.53 66.63 70.72 74.82 78.91 83.01
2005.00 46.91 51.32 55.73 60.14 64.54 68.95 73.36 77.76 82.17
2006.00 43.67 48.37 53.06 57.75 62.44 67.13 71.82 76.51 81.21
2007.00 39.46 44.35 49.24 54.13 59.02 63.90 68.79 73.68 78.56
2008.00 34.25 39.09 43.94 48.78 53.62 58.46 63.30 68.14 72.98
2009.00 29.82 34.74 39.65 44.56 49.47 54.38 59.29 64.20 69.11
2010.00 24.90 29.73 34.56 39.39 44.22 49.05 53.88 58.71 63.54
2011.00 21.41 26.46 31.51 36.56 41.62 46.67 51.72 56.77 61.82
2012.00 18.38 23.67 28.95 34.24 39.53 44.81 50.09 55.38 60.66
2013.00 15.85 21.29 26.72 32.16 37.59 43.03 48.46 53.89 59.33
2014.00 12.29 17.84 23.39 28.94 34.49 40.04 45.59 51.14 56.69
2015.00 9.53 15.39 21.24 27.09 32.94 38.80 44.65 50.50 56.35
2016.00 6.43 12.50 18.58 24.66 30.74 36.81 42.89 48.96 55.04
2017.00 3.70 9.95 16.20 22.45 28.70 34.95 41.20 47.44 53.69
2018.00 -11.53 -9.36 -7.18 -5.01 -2.84 -0.66 1.51 3.68 5.85
2019.00 -13.10 -10.67 -8.24 -5.81 -3.38 -0.95 1.47 3.90 6.32
2020.00 -14.95 -12.28 -9.61 -6.95 -4.28 -1.61 1.05 3.71 6.38
2021.00 -16.82 -13.93 -11.05 -8.17 -5.29 -2.40 0.48 3.36 6.24
2022.00 -18.67 -15.58 -12.50 -9.41 -6.33 -3.24 -0.16 2.92 6.01
2023.00 -19.78 -16.51 -13.22 -9.94 -6.67 -3.39 -0.11 3.17 6.44
2024.00 -20.94 -17.49 -14.04 -10.59 -7.14 -3.69 -0.25 3.20 6.64
2025.00 -22.81 -19.23 -15.65 -12.08 -8.50 -4.92 -1.35 2.22 5.80
2026.00 -24.22 -20.53 -16.84 -13.15 -9.47 -5.78 -2.09 1.59 5.27
2027.00 -25.43 -21.64 -17.84 -14.05 -10.26 -6.47 -2.69 1.10 4.89
2028.00 -26.81 -22.91 -19.00 -15.10 -11.20 -7.30 -3.40 0.50 4.39
2029.00 -27.48 -23.50 -19.52 -15.54 -11.56 -7.58 -3.60 0.37 4.35
2030.00 -28.27 -24.23 -20.19 -16.15 -12.10 -8.06 -4.03 0.01 4.05
2031.00 -28.84 -24.76 -20.69 -16.61 -12.54 -8.47 -4.39 -0.32 3.75
2032.00 -29.65 -25.54 -21.44 -17.33 -13.22 -9.12 -5.02 -0.92 3.19
2033.00 -30.29 -26.15 -22.00 -17.85 -13.70 -9.55 -5.41 -1.26 2.88
2034.00 -30.84 -26.65 -22.46 -18.27 -14.08 -9.89 -5.70 -1.51 2.67
2035.00 -31.52 -27.31 -23.10 -18.89 -14.68 -10.47 -6.27 -2.06 2.14
2036.00 -31.96 -27.74 -23.51 -19.29 -15.06 -10.84 -6.62 -2.40 1.82
2037.00 -32.03 -27.80 -23.57 -19.33 -15.10 -10.87 -6.64 -2.42 1.81
2038.00 -32.23 -27.98 -23.73 -19.48 -15.23 -10.98 -6.73 -2.49 1.76
2039.00 -32.23 -27.97 -23.71 -19.46 -15.20 -10.94 -6.69 -2.44 1.82
2040.00 -32.30 -28.03 -23.76 -19.49 -15.23 -10.96 -6.69 -2.43 1.84
2041.00 -32.31 -28.04 -23.77 -19.50 -15.23 -10.96 -6.69 -2.43 1.84
2042.00 -32.35 -28.07 -23.80 -19.52 -15.24 -10.97 -6.69 -2.42 1.85
2043.00 -32.37 -28.09 -23.80 -19.52 -15.23 -10.95 -6.66 -2.39 1.89
2044.00 -32.46 -28.16 -23.86 -19.56 -15.27 -10.97 -6.67 -2.38 1.91
2045.00 -32.27 -27.97 -23.67 -19.37 -15.07 -10.77 -6.46 -2.17 2.13
2046.00 -32.30 -27.99 -23.69 -19.38 -15.08 -10.77 -6.47 -2.17 2.13
2047.00 -32.31 -28.01 -23.71 -19.40 -15.10 -10.80 -6.50 -2.20 2.10
2048.00 -32.35 -28.05 -23.74 -19.43 -15.13 -10.82 -6.52 -2.21 2.09
2049.00 -32.28 -27.98 -23.67 -19.36 -15.05 -10.75 -6.44 -2.13 2.17
2050.00 -32.43 -28.12 -23.81 -19.50 -15.19 -10.88 -6.57 -2.27 2.04
2051.00 -32.35 -28.05 -23.74 -19.44 -15.13 -10.83 -6.52 -2.22 2.08
2052.00 -32.26 -27.96 -23.65 -19.35 -15.04 -10.74 -6.43 -2.13 2.17
2053.00 -32.25 -27.96 -23.66 -19.37 -15.08 -10.78 -6.49 -2.20 2.09
2054.00 -32.33 -28.04 -23.75 -19.46 -15.17 -10.87 -6.58 -2.29 1.99
2055.00 -32.30 -28.02 -23.73 -19.45 -15.16 -10.88 -6.59 -2.31 1.97
2056.00 -32.30 -28.02 -23.73 -19.45 -15.16 -10.88 -6.59 -2.31 1.97
2057.00 -32.20 -27.93 -23.66 -19.38 -15.11 -10.84 -6.56 -2.29 1.98
2058.00 -32.31 -28.03 -23.76 -19.49 -15.21 -10.94 -6.66 -2.39 1.88
2059.00 -32.35 -28.09 -23.83 -19.57 -15.31 -11.05 -6.78 -2.53 1.73
2060.00 -32.44 -28.19 -23.93 -19.67 -15.41 -11.15 -6.89 -2.64 1.61
2061.00 -32.41 -28.16 -23.91 -19.66 -15.41 -11.16 -6.91 -2.66 1.59
2062.00 -32.44 -28.19 -23.94 -19.69 -15.44 -11.19 -6.93 -2.68 1.57
2063.00 -32.17 -27.93 -23.68 -19.44 -15.19 -10.95 -6.70 -2.46 1.78
2064.00 -32.08 -27.84 -23.61 -19.37 -15.13 -10.90 -6.66 -2.42 1.81
2065.00 -32.06 -27.84 -23.61 -19.39 -15.17 -10.95 -6.73 -2.51 1.71
