# yearspad, alpred
# [0.3 0.4 0.5 0.6 0.7 0.8 0.9 1.  1.1]
1922.00 -30.27 -26.05 -21.84 -17.62 -13.40 -9.18 -4.97 -0.76 3.45
1923.00 -30.22 -26.02 -21.83 -17.63 -13.43 -9.24 -5.04 -0.85 3.34
1924.00 -29.87 -25.69 -21.51 -17.33 -13.16 -8.98 -4.81 -0.64 3.54
1925.00 -29.64 -25.51 -21.39 -17.26 -13.14 -9.01 -4.89 -0.77 3.35
1926.00 -29.31 -25.24 -21.17 -17.09 -13.02 -8.95 -4.88 -0.81 3.26
1927.00 -28.73 -24.72 -20.71 -16.70 -12.69 -8.68 -4.67 -0.66 3.34
1928.00 -28.40 -24.47 -20.53 -16.59 -12.65 -8.71 -4.77 -0.84 3.10
1929.00 -27.95 -24.11 -20.27 -16.43 -12.58 -8.75 -4.91 -1.07 2.77
1930.00 -27.35 -23.63 -19.90 -16.18 -12.45 -8.73 -5.01 -1.29 2.43
1931.00 -26.85 -23.28 -19.71 -16.14 -12.57 -9.00 -5.44 -1.87 1.69
1932.00 -26.10 -22.68 -19.26 -15.84 -12.42 -9.00 -5.58 -2.17 1.25
1933.00 -25.10 -21.85 -18.60 -15.35 -12.10 -8.85 -5.61 -2.36 0.89
1934.00 -24.09 -21.03 -17.96 -14.89 -11.83 -8.76 -5.70 -2.63 0.43
1935.00 -22.92 -20.09 -17.27 -14.44 -11.61 -8.78 -5.96 -3.13 -0.31
1936.00 -21.81 -19.24 -16.67 -14.10 -11.52 -8.95 -6.38 -3.82 -1.25
1937.00 -20.85 -18.55 -16.25 -13.95 -11.65 -9.35 -7.05 -4.75 -2.46
1938.00 -19.57 -17.52 -15.48 -13.43 -11.39 -9.34 -7.30 -5.26 -3.22
1939.00 -18.53 -16.79 -15.04 -13.28 -11.53 -9.78 -8.04 -6.29 -4.54
1940.00 -17.04 -15.58 -14.13 -12.67 -11.22 -9.76 -8.31 -6.86 -5.41
1941.00 -15.10 -14.00 -12.89 -11.79 -10.69 -9.58 -8.48 -7.38 -6.28
1942.00 -13.38 -12.62 -11.86 -11.10 -10.34 -9.58 -8.82 -8.07 -7.31
1943.00 -11.19 -10.81 -10.42 -10.04 -9.66 -9.28 -8.89 -8.51 -8.14
1944.00 -9.06 -9.04 -9.01 -8.98 -8.95 -8.93 -8.90 -8.88 -8.86
1945.00 -6.52 -6.86 -7.21 -7.55 -7.90 -8.24 -8.59 -8.93 -9.28
1946.00 -4.28 -5.01 -5.74 -6.47 -7.20 -7.93 -8.66 -9.39 -10.12
1947.00 -1.76 -2.90 -4.03 -5.16 -6.29 -7.42 -8.56 -9.69 -10.83
1948.00 0.61 -0.96 -2.52 -4.08 -5.64 -7.20 -8.77 -10.33 -11.90
1949.00 3.21 1.22 -0.76 -2.75 -4.73 -6.71 -8.70 -10.68 -12.67
1950.00 5.94 3.53 1.12 -1.29 -3.69 -6.10 -8.51 -10.92 -13.33
1951.00 9.16 6.35 3.55 0.75 -2.05 -4.86 -7.66 -10.46 -13.27
1952.00 12.70 9.44 6.18 2.92 -0.33 -3.59 -6.85 -10.11 -13.37
1953.00 15.80 12.08 8.36 4.63 0.91 -2.81 -6.54 -10.26 -13.99
1954.00 19.17 14.95 10.74 6.52 2.31 -1.91 -6.12 -10.34 -14.56
1955.00 21.88 17.21 12.54 7.88 3.21 -1.45 -6.12 -10.78 -15.45
1956.00 24.71 19.59 14.47 9.35 4.23 -0.89 -6.01 -11.13 -16.25
1957.00 27.76 22.20 16.63 11.07 5.50 -0.06 -5.63 -11.19 -16.76
1958.00 31.13 25.09 19.04 12.99 6.95 0.90 -5.15 -11.20 -17.25
1959.00 34.44 27.88 21.31 14.75 8.19 1.63 -4.93 -11.49 -18.05
1960.00 38.11 31.06 24.00 16.95 9.90 2.84 -4.21 -11.26 -18.32
1961.00 41.61 34.08 26.56 19.04 11.52 3.99 -3.53 -11.06 -18.58
1962.00 44.69 36.68 28.67 20.66 12.65 4.65 -3.36 -11.37 -19.38
1963.00 48.14 39.62 31.09 22.57 14.04 5.52 -3.01 -11.53 -20.06
1964.00 51.37 42.31 33.26 24.21 15.15 6.10 -2.96 -12.01 -21.06
1965.00 54.64 45.07 35.51 25.94 16.37 6.81 -2.76 -12.32 -21.89
1966.00 58.13 48.06 37.99 27.92 17.84 7.77 -2.30 -12.37 -22.44
1967.00 62.00 51.43 40.87 30.31 19.75 9.18 -1.38 -11.94 -22.50
1968.00 65.95 54.85 43.75 32.65 21.55 10.45 -0.65 -11.75 -22.84
1969.00 70.01 58.38 46.76 35.14 23.51 11.89 0.26 -11.36 -22.99
1970.00 109.92 109.92 109.92 109.93 109.93 109.93 109.93 109.94 109.94
1971.00 115.63 115.63 115.63 115.63 115.63 115.62 115.62 115.62 115.62
1972.00 117.03 117.04 117.04 117.05 117.05 117.05 117.06 117.06 117.06
1973.00 119.81 119.81 119.81 119.80 119.80 119.80 119.80 119.80 119.80
1974.00 123.64 123.64 123.64 123.64 123.64 123.64 123.64 123.64 123.64
1975.00 122.94 122.94 122.94 122.94 122.94 122.93 122.93 122.93 122.93
1976.00 125.91 125.92 125.92 125.93 125.93 125.94 125.94 125.95 125.95
1977.00 127.91 127.91 127.91 127.91 127.91 127.91 127.91 127.91 127.91
1978.00 130.58 130.58 130.58 130.58 130.59 130.59 130.59 130.59 130.59
1979.00 131.02 131.01 131.01 131.01 131.00 131.00 131.00 130.99 130.99
1980.00 133.93 133.93 133.93 133.93 133.93 133.93 133.93 133.93 133.92
1981.00 131.73 131.73 131.73 131.74 131.74 131.74 131.75 131.75 131.75
1982.00 131.19 131.19 131.20 131.20 131.21 131.21 131.21 131.22 131.22
1983.00 128.61 128.61 128.61 128.61 128.61 128.61 128.61 128.61 128.61
1984.00 126.35 126.35 126.34 126.34 126.33 126.32 126.32 126.31 126.31
1985.00 128.78 128.78 128.78 128.78 128.78 128.78 128.79 128.79 128.79
1986.00 128.99 128.99 128.99 128.99 128.99 129.00 129.00 129.00 129.00
1987.00 129.24 129.25 129.25 129.25 129.25 129.26 129.26 129.26 129.27
1988.00 124.83 124.92 125.00 125.09 125.17 125.26 125.34 125.43 125.51
1989.00 120.47 120.68 120.88 121.09 121.30 121.51 121.71 121.92 122.13
1990.00 115.61 115.92 116.23 116.54 116.86 117.17 117.48 117.79 118.10
1991.00 111.07 111.67 112.26 112.86 113.45 114.05 114.64 115.24 115.83
1992.00 106.62 107.59 108.56 109.54 110.51 111.48 112.46 113.43 114.40
1993.00 102.44 103.77 105.10 106.43 107.75 109.08 110.41 111.74 113.07
1994.00 97.98 99.68 101.38 103.09 104.79 106.49 108.19 109.89 111.60
1995.00 94.46 96.68 98.91 101.14 103.36 105.59 107.81 110.04 112.26
1996.00 90.62 93.13 95.65 98.16 100.68 103.19 105.71 108.22 110.74
1997.00 87.06 90.01 92.96 95.90 98.85 101.80 104.74 107.69 110.64
1998.00 82.98 86.23 89.49 92.74 95.99 99.24 102.50 105.75 109.00
1999.00 78.40 81.81 85.23 88.65 92.06 95.48 98.89 102.31 105.72
2000.00 73.25 76.66 80.06 83.47 86.88 90.28 93.69 97.10 100.50
2001.00 68.65 72.25 75.85 79.44 83.04 86.64 90.23 93.83 97.43
2002.00 65.05 68.93 72.81 76.70 80.58 84.46 88.34 92.22 96.11
2003.00 61.45 65.60 69.76 73.92 78.07 82.23 86.38 90.54 94.70
2004.00 57.05 61.17 65.29 69.40 73.52 77.64 81.75 85.87 89.99
2005.00 53.27 57.70 62.13 66.55 70.98 75.40 79.83 84.25 88.68
2006.00 49.46 54.17 58.88 63.58 68.29 73.00 77.70 82.41 87.11
2007.00 45.47 50.38 55.29 60.19 65.10 70.00 74.91 79.81 84.72
2008.00 40.44 45.30 50.17 55.03 59.89 64.75 69.61 74.47 79.34
2009.00 36.18 41.13 46.07 51.01 55.96 60.90 65.84 70.78 75.73
2010.00 31.25 36.08 40.91 45.74 50.57 55.40 60.22 65.05 69.88
2011.00 27.98 33.03 38.09 43.14 48.19 53.24 58.29 63.35 68.40
2012.00 24.74 30.03 35.31 40.59 45.87 51.15 56.43 61.71 66.99
2013.00 21.92 27.35 32.79 38.22 43.65 49.09 54.52 59.95 65.39
2014.00 18.33 23.88 29.43 34.98 40.52 46.07 51.62 57.16 62.71
2015.00 15.59 21.45 27.30 33.15 39.00 44.85 50.70 56.56 62.41
2016.00 12.30 18.38 24.45 30.53 36.60 42.68 48.75 54.82 60.90
2017.00 9.23 15.48 21.73 27.98 34.23 40.48 46.73 52.98 59.23
2018.00 -5.94 -3.75 -1.57 0.62 2.80 4.98 7.16 9.34 11.53
2019.00 -8.17 -5.73 -3.29 -0.85 1.58 4.02 6.46 8.89 11.33
2020.00 -10.06 -7.38 -4.71 -2.03 0.64 3.31 5.99 8.66 11.34
2021.00 -12.03 -9.13 -6.24 -3.35 -0.46 2.43 5.32 8.21 11.10
2022.00 -14.06 -10.96 -7.86 -4.77 -1.68 1.42 4.51 7.60 10.70
2023.00 -15.85 -12.56 -9.27 -5.98 -2.70 0.59 3.87 7.16 10.45
2024.00 -17.54 -14.09 -10.63 -7.17 -3.72 -0.27 3.19 6.64 10.10
2025.00 -19.43 -15.85 -12.26 -8.68 -5.10 -1.52 2.06 5.64 9.23
2026.00 -21.07 -17.38 -13.68 -9.99 -6.30 -2.61 1.08 4.78 8.47
2027.00 -22.59 -18.80 -15.00 -11.20 -7.41 -3.62 0.18 3.97 7.77
2028.00 -23.99 -20.08 -16.18 -12.27 -8.36 -4.46 -0.55 3.35 7.26
2029.00 -24.98 -20.99 -17.01 -13.02 -9.04 -5.06 -1.07 2.91 6.89
2030.00 -25.93 -21.88 -17.84 -13.79 -9.75 -5.70 -1.66 2.38 6.43
2031.00 -26.70 -22.62 -18.54 -14.46 -10.39 -6.31 -2.23 1.84 5.92
2032.00 -27.52 -23.41 -19.30 -15.19 -11.09 -6.98 -2.87 1.24 5.35
2033.00 -28.47 -24.32 -20.17 -16.02 -11.87 -7.72 -3.57 0.58 4.73
2034.00 -29.11 -24.92 -20.72 -16.53 -12.34 -8.14 -3.95 0.24 4.43
2035.00 -29.69 -25.48 -21.26 -17.05 -12.84 -8.63 -4.42 -0.21 4.00
2036.00 -29.98 -25.76 -21.53 -17.30 -13.07 -8.85 -4.62 -0.39 3.83
2037.00 -30.10 -25.86 -21.63 -17.39 -13.16 -8.92 -4.69 -0.46 3.77
2038.00 -30.27 -26.02 -21.76 -17.51 -13.25 -9.00 -4.75 -0.50 3.75
2039.00 -30.28 -26.02 -21.76 -17.49 -13.24 -8.98 -4.72 -0.46 3.80
2040.00 -30.30 -26.03 -21.76 -17.48 -13.21 -8.94 -4.67 -0.40 3.87
2041.00 -30.36 -26.09 -21.81 -17.54 -13.27 -9.00 -4.73 -0.46 3.81
2042.00 -30.38 -26.10 -21.82 -17.54 -13.26 -8.98 -4.70 -0.42 3.85
2043.00 -30.37 -26.08 -21.79 -17.50 -13.21 -8.93 -4.64 -0.36 3.93
2044.00 -30.45 -26.15 -21.85 -17.54 -13.24 -8.94 -4.64 -0.35 3.95
2045.00 -30.42 -26.11 -21.80 -17.50 -13.19 -8.89 -4.59 -0.29 4.01
2046.00 -30.37 -26.06 -21.75 -17.44 -13.13 -8.83 -4.52 -0.21 4.09
2047.00 -30.42 -26.11 -21.81 -17.50 -13.19 -8.89 -4.59 -0.28 4.02
2048.00 -30.46 -26.15 -21.84 -17.53 -13.22 -8.91 -4.60 -0.30 4.01
2049.00 -30.49 -26.18 -21.87 -17.56 -13.24 -8.94 -4.63 -0.32 3.99
2050.00 -30.51 -26.20 -21.88 -17.57 -13.25 -8.94 -4.63 -0.32 3.99
2051.00 -30.55 -26.24 -21.93 -17.62 -13.31 -9.00 -4.70 -0.39 3.92
2052.00 -30.50 -26.19 -21.88 -17.57 -13.26 -8.95 -4.64 -0.33 3.97
2053.00 -30.53 -26.23 -21.93 -17.63 -13.33 -9.03 -4.74 -0.44 3.85
2054.00 -30.53 -26.23 -21.93 -17.63 -13.34 -9.04 -4.75 -0.45 3.84
2055.00 -30.53 -26.24 -21.95 -17.66 -13.37 -9.08 -4.79 -0.51 3.78
2056.00 -30.62 -26.33 -22.04 -17.75 -13.46 -9.17 -4.88 -0.59 3.69
2057.00 -30.61 -26.33 -22.05 -17.77 -13.49 -9.21 -4.93 -0.66 3.62
2058.00 -30.64 -26.36 -22.08 -17.80 -13.52 -9.25 -4.97 -0.69 3.58
2059.00 -30.73 -26.47 -22.20 -17.93 -13.67 -9.40 -5.14 -0.88 3.38
2060.00 -30.74 -26.47 -22.21 -17.94 -13.68 -9.42 -5.16 -0.90 3.36
2061.00 -30.66 -26.41 -22.15 -17.89 -13.63 -9.38 -5.12 -0.87 3.38
2062.00 -30.68 -26.43 -22.17 -17.91 -13.65 -9.39 -5.14 -0.88 3.37
2063.00 -30.53 -26.28 -22.03 -17.78 -13.53 -9.28 -5.03 -0.78 3.46
2064.00 -30.43 -26.19 -21.95 -17.70 -13.46 -9.22 -4.98 -0.74 3.50
2065.00 -30.36 -26.13 -21.90 -17.67 -13.44 -9.22 -4.99 -0.77 3.45
