# yearspad, alpred
# [0.3 0.4 0.5 0.6 0.7 0.8 0.9 1.  1.1]
1922.00 -11.41 -7.18 -2.95 1.28 5.52 9.75 13.98 18.21 22.45
1923.00 -11.25 -7.04 -2.83 1.38 5.59 9.81 14.02 18.23 22.45
1924.00 -10.75 -6.56 -2.37 1.82 6.01 10.21 14.40 18.59 22.79
1925.00 -10.51 -6.37 -2.23 1.91 6.05 10.20 14.34 18.48 22.63
1926.00 -10.65 -6.56 -2.47 1.62 5.70 9.80 13.89 17.98 22.07
1927.00 -10.63 -6.61 -2.58 1.44 5.47 9.50 13.52 17.55 21.58
1928.00 -11.00 -7.05 -3.09 0.86 4.81 8.77 12.72 16.68 20.64
1929.00 -10.46 -6.61 -2.75 1.10 4.96 8.82 12.68 16.53 20.40
1930.00 -9.73 -5.99 -2.24 1.50 5.24 8.98 12.72 16.47 20.21
1931.00 -9.07 -5.48 -1.89 1.70 5.28 8.87 12.46 16.05 19.65
1932.00 -8.56 -5.13 -1.69 1.75 5.19 8.63 12.07 15.51 18.96
1933.00 -7.80 -4.53 -1.26 2.01 5.28 8.55 11.82 15.09 18.36
1934.00 -6.77 -3.69 -0.60 2.49 5.57 8.66 11.75 14.84 17.93
1935.00 -5.91 -3.07 -0.22 2.63 5.48 8.33 11.18 14.03 16.89
1936.00 -4.95 -2.36 0.24 2.83 5.43 8.03 10.62 13.22 15.82
1937.00 -3.60 -1.27 1.05 3.38 5.70 8.03 10.36 12.69 15.02
1938.00 -2.16 -0.09 1.98 4.05 6.13 8.20 10.28 12.35 14.43
1939.00 -0.45 1.33 3.12 4.90 6.68 8.47 10.25 12.04 13.82
1940.00 0.73 2.22 3.71 5.20 6.69 8.18 9.67 11.16 12.65
1941.00 2.89 4.03 5.17 6.31 7.45 8.60 9.74 10.89 12.03
1942.00 4.64 5.44 6.24 7.04 7.84 8.65 9.45 10.26 11.06
1943.00 6.68 7.10 7.53 7.96 8.38 8.82 9.25 9.68 10.11
1944.00 7.91 7.98 8.05 8.12 8.20 8.27 8.35 8.43 8.50
1945.00 9.14 8.84 8.54 8.25 7.95 7.66 7.37 7.08 6.79
1946.00 9.96 9.28 8.60 7.92 7.25 6.58 5.90 5.23 4.55
1947.00 11.84 10.76 9.69 8.61 7.54 6.47 5.39 4.32 3.25
1948.00 14.01 12.51 11.01 9.51 8.01 6.51 5.01 3.52 2.02
1949.00 15.48 13.56 11.64 9.71 7.79 5.88 3.96 2.04 0.12
1950.00 17.12 14.77 12.43 10.08 7.74 5.40 3.06 0.72 -1.62
1951.00 18.18 15.44 12.70 9.96 7.22 4.48 1.75 -0.99 -3.73
1952.00 19.66 16.47 13.28 10.09 6.90 3.71 0.52 -2.67 -5.86
1953.00 20.15 16.49 12.84 9.18 5.52 1.87 -1.78 -5.44 -9.09
1954.00 21.21 17.06 12.91 8.77 4.62 0.48 -3.67 -7.81 -11.96
1955.00 22.24 17.64 13.05 8.45 3.86 -0.74 -5.33 -9.92 -14.52
1956.00 23.54 18.49 13.44 8.39 3.34 -1.71 -6.76 -11.81 -16.86
1957.00 26.06 20.56 15.07 9.58 4.09 -1.40 -6.89 -12.38 -17.87
1958.00 28.36 22.38 16.41 10.44 4.46 -1.51 -7.48 -13.45 -19.42
1959.00 29.47 22.99 16.50 10.01 3.53 -2.96 -9.45 -15.93 -22.42
1960.00 30.47 23.48 16.50 9.52 2.54 -4.44 -11.42 -18.40 -25.39
1961.00 31.95 24.49 17.03 9.57 2.11 -5.34 -12.80 -20.26 -27.71
1962.00 33.31 25.36 17.41 9.45 1.50 -6.45 -14.40 -22.35 -30.30
1963.00 35.12 26.64 18.17 9.69 1.22 -7.25 -15.73 -24.20 -32.67
1964.00 37.17 28.16 19.15 10.14 1.13 -7.88 -16.89 -25.90 -34.91
1965.00 38.98 29.44 19.91 10.38 0.85 -8.68 -18.21 -27.75 -37.28
1966.00 40.69 30.64 20.59 10.53 0.48 -9.57 -19.63 -29.68 -39.73
1967.00 42.28 31.72 21.16 10.59 0.03 -10.53 -21.09 -31.66 -42.22
1968.00 43.49 32.37 21.26 10.14 -0.98 -12.09 -23.21 -34.33 -45.44
1969.00 44.45 32.79 21.13 9.46 -2.20 -13.86 -25.52 -37.18 -48.84
1970.00 82.11 82.11 82.12 82.12 82.12 82.12 82.13 82.13 82.13
1971.00 84.88 84.88 84.88 84.88 84.88 84.87 84.87 84.87 84.87
1972.00 81.64 81.64 81.64 81.65 81.65 81.65 81.66 81.66 81.66
1973.00 79.37 79.37 79.37 79.37 79.37 79.37 79.37 79.37 79.37
1974.00 89.23 89.23 89.23 89.23 89.23 89.23 89.23 89.23 89.23
1975.00 92.42 92.42 92.42 92.42 92.41 92.41 92.41 92.41 92.41
1976.00 99.26 99.27 99.27 99.28 99.28 99.29 99.29 99.30 99.30
1977.00 95.12 95.12 95.12 95.13 95.13 95.13 95.13 95.13 95.13
1978.00 93.20 93.20 93.20 93.20 93.20 93.21 93.21 93.21 93.21
1979.00 88.85 88.85 88.85 88.84 88.84 88.84 88.83 88.83 88.83
1980.00 89.33 89.33 89.33 89.33 89.33 89.33 89.33 89.32 89.32
1981.00 85.56 85.56 85.57 85.57 85.57 85.58 85.58 85.58 85.59
1982.00 77.87 77.87 77.88 77.88 77.89 77.89 77.90 77.90 77.91
1983.00 79.92 79.92 79.92 79.92 79.92 79.92 79.92 79.92 79.92
1984.00 75.64 75.63 75.63 75.62 75.61 75.61 75.60 75.59 75.59
1985.00 69.77 69.77 69.77 69.77 69.77 69.77 69.77 69.77 69.78
1986.00 61.23 61.23 61.23 61.23 61.23 61.24 61.24 61.24 61.24
1987.00 54.76 54.76 54.76 54.77 54.77 54.77 54.78 54.78 54.78
1988.00 50.73 50.82 50.91 50.99 51.08 51.17 51.26 51.34 51.43
1989.00 47.01 47.21 47.42 47.62 47.83 48.04 48.24 48.45 48.65
1990.00 44.10 44.43 44.77 45.10 45.43 45.77 46.10 46.44 46.77
1991.00 42.14 42.75 43.36 43.97 44.58 45.19 45.80 46.41 47.02
1992.00 40.77 41.78 42.78 43.79 44.80 45.81 46.81 47.82 48.83
1993.00 39.81 41.18 42.56 43.93 45.30 46.68 48.05 49.43 50.80
1994.00 38.43 40.21 41.98 43.75 45.52 47.30 49.07 50.84 52.61
1995.00 36.79 39.08 41.36 43.64 45.93 48.21 50.49 52.77 55.05
1996.00 35.09 37.66 40.23 42.80 45.37 47.93 50.50 53.07 55.64
1997.00 33.69 36.70 39.70 42.71 45.72 48.72 51.73 54.74 57.74
1998.00 31.43 34.78 38.12 41.47 44.81 48.15 51.49 54.84 58.18
1999.00 28.84 32.35 35.85 39.36 42.86 46.37 49.87 53.38 56.88
2000.00 26.55 30.03 33.51 36.99 40.48 43.95 47.43 50.91 54.39
2001.00 24.83 28.47 32.11 35.76 39.40 43.04 46.69 50.33 53.97
2002.00 23.92 27.82 31.73 35.63 39.53 43.43 47.33 51.23 55.13
2003.00 22.22 26.40 30.58 34.77 38.95 43.13 47.31 51.49 55.67
2004.00 18.81 22.93 27.04 31.16 35.28 39.40 43.52 47.63 51.75
2005.00 16.87 21.30 25.73 30.16 34.59 39.02 43.45 47.88 52.31
2006.00 15.07 19.78 24.48 29.18 33.88 38.59 43.29 47.99 52.69
2007.00 14.24 19.15 24.06 28.97 33.87 38.78 43.69 48.59 53.50
2008.00 11.73 16.59 21.44 26.30 31.16 36.02 40.87 45.73 50.59
2009.00 10.73 15.68 20.63 25.57 30.52 35.46 40.40 45.35 50.29
2010.00 8.24 13.08 17.91 22.75 27.59 32.42 37.25 42.09 46.92
2011.00 6.98 12.05 17.11 22.18 27.24 32.30 37.36 42.43 47.49
2012.00 5.14 10.44 15.73 21.02 26.32 31.61 36.90 42.19 47.49
2013.00 3.50 8.95 14.40 19.84 25.29 30.73 36.17 41.62 47.06
2014.00 1.47 7.03 12.59 18.15 23.71 29.27 34.83 40.39 45.95
2015.00 0.60 6.47 12.33 18.19 24.06 29.92 35.78 41.64 47.50
2016.00 -0.15 5.94 12.03 18.13 24.22 30.31 36.40 42.49 48.58
2017.00 -1.30 4.96 11.23 17.49 23.76 30.02 36.28 42.55 48.81
2018.00 -15.16 -13.00 -10.84 -8.69 -6.53 -4.38 -2.22 -0.07 2.09
2019.00 -15.83 -13.42 -11.01 -8.60 -6.18 -3.78 -1.37 1.05 3.45
2020.00 -15.95 -13.30 -10.65 -8.00 -5.35 -2.70 -0.06 2.59 5.24
2021.00 -16.25 -13.38 -10.51 -7.64 -4.77 -1.91 0.96 3.83 6.69
2022.00 -16.97 -13.89 -10.82 -7.75 -4.67 -1.60 1.47 4.54 7.61
2023.00 -17.25 -13.98 -10.71 -7.44 -4.17 -0.91 2.36 5.62 8.89
2024.00 -17.22 -13.78 -10.34 -6.90 -3.47 -0.03 3.41 6.84 10.28
2025.00 -16.81 -13.24 -9.67 -6.09 -2.52 1.04 4.61 8.18 11.75
2026.00 -16.70 -13.01 -9.33 -5.64 -1.96 1.72 5.41 9.09 12.77
2027.00 -16.03 -12.23 -8.44 -4.65 -0.86 2.93 6.72 10.51 14.30
2028.00 -15.48 -11.57 -7.66 -3.76 0.15 4.05 7.95 11.86 15.76
2029.00 -14.95 -10.96 -6.97 -2.98 1.00 4.99 8.97 12.96 16.94
2030.00 -14.31 -10.25 -6.20 -2.15 1.90 5.95 10.00 14.05 18.09
2031.00 -14.10 -10.01 -5.92 -1.84 2.25 6.33 10.42 14.50 18.59
2032.00 -13.86 -9.73 -5.61 -1.49 2.63 6.74 10.86 14.98 19.10
2033.00 -13.24 -9.07 -4.91 -0.74 3.42 7.58 11.75 15.91 20.07
2034.00 -12.61 -8.40 -4.19 0.02 4.22 8.43 12.64 16.84 21.05
2035.00 -12.04 -7.80 -3.57 0.66 4.88 9.11 13.34 17.56 21.79
2036.00 -12.01 -7.76 -3.52 0.73 4.97 9.22 13.46 17.70 21.95
2037.00 -11.85 -7.59 -3.34 0.91 5.16 9.41 13.67 17.92 22.17
2038.00 -11.91 -7.64 -3.36 0.91 5.18 9.45 13.72 17.99 22.27
2039.00 -11.92 -7.64 -3.36 0.92 5.20 9.48 13.75 18.03 22.31
2040.00 -11.92 -7.62 -3.33 0.96 5.25 9.54 13.83 18.12 22.41
2041.00 -11.87 -7.57 -3.28 1.02 5.31 9.60 13.89 18.18 22.47
2042.00 -12.01 -7.70 -3.40 0.90 5.20 9.50 13.80 18.10 22.40
2043.00 -11.87 -7.56 -3.25 1.06 5.37 9.67 13.98 18.29 22.60
2044.00 -11.97 -7.64 -3.32 1.00 5.33 9.65 13.97 18.29 22.61
2045.00 -12.03 -7.70 -3.38 0.95 5.27 9.60 13.92 18.24 22.57
2046.00 -12.11 -7.78 -3.45 0.88 5.21 9.54 13.87 18.20 22.53
2047.00 -12.26 -7.93 -3.61 0.72 5.04 9.37 13.70 18.02 22.35
2048.00 -12.34 -8.00 -3.67 0.66 4.99 9.32 13.65 17.97 22.31
2049.00 -12.29 -7.96 -3.63 0.71 5.04 9.37 13.70 18.03 22.36
2050.00 -12.39 -8.05 -3.72 0.62 4.95 9.29 13.62 17.95 22.29
2051.00 -12.39 -8.06 -3.73 0.60 4.92 9.25 13.58 17.91 22.24
2052.00 -12.32 -7.99 -3.66 0.67 5.00 9.33 13.66 17.99 22.32
2053.00 -12.17 -7.85 -3.54 0.78 5.10 9.42 13.73 18.05 22.37
2054.00 -12.17 -7.86 -3.54 0.77 5.09 9.40 13.72 18.03 22.35
2055.00 -11.91 -7.60 -3.29 1.02 5.32 9.63 13.94 18.25 22.56
2056.00 -12.00 -7.69 -3.38 0.93 5.24 9.54 13.85 18.16 22.47
2057.00 -11.85 -7.56 -3.26 1.04 5.33 9.63 13.93 18.23 22.53
2058.00 -11.71 -7.42 -3.12 1.18 5.47 9.77 14.07 18.36 22.66
2059.00 -11.55 -7.27 -2.98 1.30 5.58 9.86 14.15 18.43 22.72
2060.00 -11.51 -7.23 -2.95 1.33 5.61 9.89 14.17 18.45 22.74
2061.00 -11.42 -7.15 -2.87 1.40 5.67 9.95 14.22 18.49 22.77
2062.00 -11.55 -7.28 -3.01 1.27 5.54 9.81 14.09 18.36 22.64
2063.00 -11.44 -7.17 -2.91 1.36 5.62 9.89 14.16 18.43 22.70
2064.00 -11.41 -7.15 -2.89 1.36 5.62 9.88 14.14 18.40 22.66
2065.00 -11.39 -7.15 -2.91 1.33 5.58 9.82 14.06 18.31 22.56
