# yearspad, alpred
# [0.3 0.4 0.5 0.6 0.7 0.8 0.9 1.  1.1]
1922.00 -24.59 -20.36 -16.13 -11.90 -7.68 -3.45 0.78 5.01 9.24
1923.00 -24.20 -19.99 -15.78 -11.57 -7.36 -3.16 1.05 5.26 9.47
1924.00 -23.52 -19.33 -15.15 -10.96 -6.77 -2.58 1.61 5.79 9.98
1925.00 -23.48 -19.34 -15.21 -11.07 -6.93 -2.80 1.34 5.47 9.61
1926.00 -22.96 -18.88 -14.79 -10.71 -6.62 -2.54 1.54 5.63 9.71
1927.00 -22.93 -18.91 -14.89 -10.87 -6.85 -2.83 1.19 5.21 9.23
1928.00 -22.73 -18.78 -14.83 -10.88 -6.93 -2.98 0.96 4.91 8.86
1929.00 -22.41 -18.56 -14.71 -10.86 -7.01 -3.16 0.69 4.54 8.39
1930.00 -21.67 -17.94 -14.20 -10.47 -6.73 -3.00 0.73 4.46 8.20
1931.00 -20.77 -17.19 -13.61 -10.03 -6.45 -2.87 0.70 4.28 7.86
1932.00 -20.23 -16.80 -13.37 -9.94 -6.51 -3.08 0.34 3.77 7.20
1933.00 -19.69 -16.43 -13.17 -9.91 -6.65 -3.39 -0.14 3.12 6.38
1934.00 -17.59 -14.51 -11.43 -8.35 -5.28 -2.20 0.87 3.95 7.03
1935.00 -16.75 -13.91 -11.07 -8.23 -5.40 -2.56 0.27 3.11 5.94
1936.00 -15.15 -12.57 -9.99 -7.41 -4.83 -2.25 0.33 2.91 5.49
1937.00 -13.47 -11.16 -8.85 -6.54 -4.23 -1.92 0.39 2.70 5.01
1938.00 -12.39 -10.33 -8.28 -6.22 -4.17 -2.12 -0.07 1.99 4.04
1939.00 -10.72 -8.96 -7.20 -5.44 -3.68 -1.92 -0.16 1.60 3.36
1940.00 -8.67 -7.20 -5.74 -4.27 -2.81 -1.34 0.12 1.59 3.06
1941.00 -6.42 -5.30 -4.19 -3.08 -1.96 -0.85 0.26 1.38 2.49
1942.00 -3.79 -3.02 -2.25 -1.48 -0.71 0.06 0.83 1.60 2.38
1943.00 -2.05 -1.65 -1.26 -0.87 -0.48 -0.08 0.31 0.70 1.09
1944.00 0.66 0.70 0.74 0.77 0.81 0.85 0.89 0.93 0.96
1945.00 2.65 2.31 1.98 1.64 1.31 0.98 0.64 0.31 -0.03
1946.00 4.93 4.20 3.48 2.76 2.04 1.32 0.60 -0.11 -0.83
1947.00 7.31 6.19 5.06 3.94 2.81 1.69 0.57 -0.56 -1.68
1948.00 11.03 9.47 7.92 6.37 4.82 3.27 1.72 0.17 -1.38
1949.00 12.58 10.61 8.63 6.66 4.68 2.71 0.73 -1.24 -3.22
1950.00 15.43 13.03 10.63 8.23 5.84 3.44 1.04 -1.35 -3.75
1951.00 17.68 14.89 12.09 9.30 6.50 3.71 0.91 -1.88 -4.67
1952.00 21.01 17.76 14.51 11.27 8.02 4.77 1.52 -1.73 -4.98
1953.00 23.13 19.41 15.69 11.97 8.25 4.54 0.82 -2.90 -6.61
1954.00 25.69 21.48 17.27 13.06 8.85 4.64 0.43 -3.78 -7.99
1955.00 28.18 23.52 18.86 14.20 9.54 4.88 0.22 -4.43 -9.09
1956.00 30.34 25.22 20.11 14.99 9.88 4.77 -0.35 -5.46 -10.58
1957.00 33.23 27.68 22.12 16.56 11.00 5.44 -0.12 -5.67 -11.23
1958.00 36.66 30.62 24.58 18.54 12.50 6.46 0.42 -5.62 -11.66
1959.00 40.02 33.46 26.91 20.36 13.81 7.25 0.70 -5.85 -12.40
1960.00 42.22 35.17 28.13 21.08 14.04 6.99 -0.06 -7.10 -14.15
1961.00 45.31 37.79 30.27 22.76 15.24 7.72 0.21 -7.31 -14.83
1962.00 48.54 40.53 32.53 24.53 16.53 8.53 0.52 -7.48 -15.48
1963.00 51.56 43.04 34.53 26.01 17.49 8.97 0.45 -8.07 -16.59
1964.00 54.91 45.86 36.81 27.77 18.72 9.67 0.62 -8.42 -17.47
1965.00 57.75 48.19 38.63 29.07 19.51 9.95 0.39 -9.16 -18.72
1966.00 60.17 50.10 40.04 29.97 19.90 9.84 -0.23 -10.29 -20.36
1967.00 63.46 52.90 42.34 31.78 21.22 10.66 0.10 -10.46 -21.02
1968.00 66.58 55.49 44.39 33.29 22.19 11.09 -0.00 -11.10 -22.20
1969.00 68.82 57.19 45.57 33.94 22.31 10.68 -0.94 -12.57 -24.20
1970.00 108.45 108.45 108.45 108.46 108.46 108.46 108.46 108.46 108.47
1971.00 108.40 108.40 108.40 108.40 108.40 108.40 108.39 108.39 108.39
1972.00 109.42 109.42 109.42 109.43 109.43 109.43 109.44 109.44 109.44
1973.00 110.66 110.65 110.65 110.65 110.65 110.65 110.65 110.65 110.65
1974.00 116.09 116.09 116.09 116.09 116.09 116.09 116.09 116.09 116.09
1975.00 120.49 120.49 120.49 120.48 120.48 120.48 120.48 120.48 120.47
1976.00 124.37 124.38 124.38 124.39 124.39 124.40 124.40 124.41 124.41
1977.00 125.51 125.51 125.51 125.51 125.51 125.51 125.51 125.51 125.51
1978.00 127.04 127.04 127.04 127.04 127.04 127.05 127.05 127.05 127.05
1979.00 124.27 124.27 124.26 124.26 124.26 124.25 124.25 124.25 124.24
1980.00 124.68 124.68 124.68 124.68 124.68 124.68 124.68 124.68 124.68
1981.00 132.58 132.58 132.59 132.59 132.59 132.59 132.60 132.60 132.60
1982.00 116.41 116.41 116.42 116.42 116.43 116.43 116.44 116.44 116.45
1983.00 115.60 115.60 115.60 115.60 115.60 115.60 115.60 115.60 115.60
1984.00 111.19 111.18 111.18 111.17 111.17 111.16 111.15 111.15 111.14
1985.00 109.36 109.37 109.37 109.37 109.37 109.37 109.37 109.37 109.37
1986.00 104.12 104.12 104.12 104.12 104.12 104.12 104.13 104.13 104.13
1987.00 101.09 101.10 101.10 101.10 101.11 101.11 101.11 101.11 101.12
1988.00 95.98 96.06 96.13 96.21 96.28 96.36 96.43 96.51 96.58
1989.00 91.67 91.87 92.06 92.26 92.45 92.65 92.85 93.04 93.24
1990.00 86.91 87.20 87.49 87.78 88.07 88.36 88.65 88.94 89.23
1991.00 83.93 84.49 85.06 85.63 86.19 86.76 87.32 87.89 88.46
1992.00 80.66 81.61 82.56 83.51 84.46 85.41 86.36 87.31 88.26
1993.00 77.20 78.51 79.82 81.13 82.44 83.76 85.07 86.38 87.69
1994.00 74.21 75.89 77.58 79.26 80.94 82.62 84.30 85.98 87.67
1995.00 71.11 73.30 75.50 77.69 79.88 82.07 84.26 86.45 88.65
1996.00 67.61 70.09 72.58 75.06 77.54 80.03 82.51 85.00 87.48
1997.00 65.13 68.05 70.96 73.88 76.79 79.71 82.63 85.54 88.46
1998.00 61.45 64.67 67.89 71.11 74.33 77.55 80.77 83.99 87.21
1999.00 57.13 60.51 63.89 67.27 70.65 74.03 77.41 80.79 84.17
2000.00 52.74 56.10 59.46 62.82 66.18 69.54 72.90 76.26 79.62
2001.00 49.05 52.60 56.16 59.71 63.26 66.81 70.36 73.92 77.47
2002.00 46.10 49.93 53.76 57.59 61.42 65.24 69.07 72.90 76.73
2003.00 43.76 47.88 51.99 56.10 60.21 64.32 68.43 72.54 76.65
2004.00 38.89 42.93 46.97 51.02 55.06 59.10 63.15 67.19 71.23
2005.00 35.64 39.99 44.35 48.71 53.07 57.42 61.78 66.14 70.49
2006.00 32.63 37.26 41.89 46.52 51.16 55.79 60.42 65.05 69.68
2007.00 30.35 35.20 40.04 44.89 49.74 54.59 59.44 64.28 69.13
2008.00 26.17 31.01 35.84 40.68 45.52 50.35 55.19 60.03 64.86
2009.00 23.14 28.07 32.99 37.91 42.83 47.76 52.68 57.60 62.52
2010.00 19.14 23.95 28.76 33.57 38.37 43.18 47.99 52.79 57.60
2011.00 16.19 21.23 26.27 31.30 36.34 41.38 46.41 51.45 56.48
2012.00 13.63 18.89 24.16 29.42 34.69 39.95 45.22 50.48 55.75
2013.00 10.97 16.38 21.80 27.21 32.62 38.04 43.45 48.86 54.27
2014.00 8.90 14.44 19.97 25.50 31.03 36.56 42.09 47.62 53.16
2015.00 5.54 11.37 17.21 23.04 28.87 34.70 40.54 46.37 52.20
2016.00 3.51 9.57 15.62 21.68 27.74 33.79 39.85 45.90 51.96
2017.00 1.14 7.38 13.61 19.84 26.08 32.31 38.55 44.78 51.01
2018.00 -13.51 -11.34 -9.17 -7.00 -4.83 -2.66 -0.49 1.67 3.84
2019.00 -15.37 -12.94 -10.52 -8.09 -5.67 -3.24 -0.81 1.61 4.04
2020.00 -16.04 -13.37 -10.71 -8.04 -5.38 -2.71 -0.05 2.62 5.28
2021.00 -17.86 -14.98 -12.10 -9.22 -6.34 -3.46 -0.58 2.30 5.18
2022.00 -19.03 -15.94 -12.86 -9.77 -6.68 -3.60 -0.51 2.58 5.66
2023.00 -20.71 -17.43 -14.15 -10.87 -7.59 -4.31 -1.02 2.25 5.53
2024.00 -21.53 -18.08 -14.63 -11.18 -7.73 -4.28 -0.82 2.62 6.08
2025.00 -22.19 -18.61 -15.03 -11.45 -7.87 -4.29 -0.70 2.88 6.46
2026.00 -23.37 -19.68 -15.98 -12.29 -8.60 -4.91 -1.21 2.48 6.17
2027.00 -23.94 -20.14 -16.34 -12.55 -8.75 -4.95 -1.15 2.64 6.44
2028.00 -24.08 -20.16 -16.26 -12.35 -8.43 -4.53 -0.61 3.30 7.21
2029.00 -25.06 -21.07 -17.08 -13.10 -9.11 -5.12 -1.12 2.86 6.85
2030.00 -24.39 -20.34 -16.29 -12.24 -8.18 -4.13 -0.07 3.97 8.03
2031.00 -24.54 -20.45 -16.36 -12.28 -8.19 -4.10 -0.01 4.07 8.16
2032.00 -24.72 -20.60 -16.49 -12.37 -8.25 -4.13 -0.01 4.11 8.23
2033.00 -24.96 -20.79 -16.63 -12.47 -8.31 -4.14 0.02 4.18 8.34
2034.00 -24.83 -20.62 -16.41 -12.21 -8.00 -3.79 0.42 4.62 8.82
2035.00 -24.78 -20.55 -16.32 -12.10 -7.87 -3.65 0.59 4.81 9.03
2036.00 -24.88 -20.64 -16.40 -12.15 -7.91 -3.67 0.58 4.81 9.06
2037.00 -25.20 -20.95 -16.70 -12.45 -8.20 -3.95 0.30 4.55 8.80
2038.00 -24.94 -20.67 -16.40 -12.13 -7.86 -3.59 0.68 4.95 9.22
2039.00 -25.27 -20.99 -16.72 -12.44 -8.16 -3.89 0.39 4.66 8.93
2040.00 -25.19 -20.90 -16.61 -12.32 -8.03 -3.75 0.54 4.82 9.11
2041.00 -25.13 -20.84 -16.55 -12.26 -7.97 -3.68 0.60 4.89 9.18
2042.00 -25.01 -20.71 -16.41 -12.11 -7.82 -3.52 0.77 5.07 9.36
2043.00 -25.24 -20.94 -16.64 -12.33 -8.03 -3.73 0.58 4.88 9.18
2044.00 -25.03 -20.71 -16.40 -12.08 -7.76 -3.44 0.87 5.19 9.51
2045.00 -25.21 -20.88 -16.57 -12.24 -7.92 -3.61 0.71 5.03 9.35
2046.00 -24.99 -20.67 -16.35 -12.02 -7.69 -3.37 0.95 5.27 9.60
2047.00 -25.33 -21.00 -16.68 -12.36 -8.04 -3.72 0.60 4.92 9.24
2048.00 -25.35 -21.02 -16.70 -12.37 -8.05 -3.72 0.60 4.92 9.25
2049.00 -25.53 -21.20 -16.87 -12.55 -8.22 -3.90 0.43 4.75 9.08
2050.00 -25.46 -21.13 -16.81 -12.48 -8.15 -3.82 0.51 4.83 9.16
2051.00 -25.79 -21.46 -17.14 -12.82 -8.49 -4.17 0.15 4.47 8.79
2052.00 -25.56 -21.24 -16.92 -12.59 -8.27 -3.95 0.38 4.70 9.02
2053.00 -25.44 -21.12 -16.81 -12.50 -8.19 -3.87 0.44 4.75 9.06
2054.00 -25.42 -21.11 -16.80 -12.49 -8.18 -3.87 0.44 4.75 9.06
2055.00 -25.46 -21.16 -16.86 -12.56 -8.25 -3.95 0.35 4.65 8.95
2056.00 -25.13 -20.83 -16.53 -12.22 -7.92 -3.62 0.69 4.99 9.29
2057.00 -25.20 -20.91 -16.62 -12.33 -8.03 -3.74 0.55 4.84 9.14
2058.00 -25.08 -20.79 -16.50 -12.21 -7.91 -3.62 0.67 4.96 9.25
2059.00 -25.08 -20.80 -16.52 -12.24 -7.96 -3.69 0.59 4.87 9.15
2060.00 -24.91 -20.63 -16.35 -12.08 -7.80 -3.52 0.75 5.03 9.31
2061.00 -25.16 -20.89 -16.62 -12.35 -8.08 -3.81 0.46 4.72 9.00
2062.00 -24.98 -20.70 -16.44 -12.16 -7.89 -3.62 0.65 4.92 9.19
2063.00 -25.12 -20.86 -16.59 -12.33 -8.07 -3.81 0.45 4.72 8.98
2064.00 -24.68 -20.43 -16.17 -11.92 -7.66 -3.41 0.84 5.10 9.35
2065.00 -24.73 -20.49 -16.25 -12.01 -7.77 -3.53 0.71 4.94 9.18
