# yearspad, alpred
# [0.3 0.4 0.5 0.6 0.7 0.8 0.9 1.  1.1]
1922.00 -22.73 -18.50 -14.28 -10.05 -5.83 -1.60 2.63 6.85 11.08
1923.00 -23.17 -18.96 -14.76 -10.55 -6.35 -2.14 2.06 6.27 10.47
1924.00 -24.19 -20.01 -15.83 -11.65 -7.47 -3.28 0.90 5.08 9.26
1925.00 -23.95 -19.82 -15.69 -11.56 -7.43 -3.30 0.83 4.96 9.09
1926.00 -24.20 -20.12 -16.04 -11.96 -7.89 -3.81 0.27 4.34 8.42
1927.00 -23.73 -19.72 -15.71 -11.69 -7.68 -3.67 0.35 4.36 8.37
1928.00 -23.26 -19.31 -15.37 -11.43 -7.49 -3.54 0.40 4.34 8.28
1929.00 -23.15 -19.31 -15.46 -11.62 -7.78 -3.93 -0.09 3.76 7.60
1930.00 -22.71 -18.98 -15.25 -11.52 -7.80 -4.07 -0.34 3.38 7.11
1931.00 -21.82 -18.24 -14.67 -11.10 -7.53 -3.95 -0.38 3.19 6.76
1932.00 -21.10 -17.68 -14.26 -10.84 -7.41 -3.99 -0.56 2.86 6.28
1933.00 -19.74 -16.49 -13.23 -9.98 -6.72 -3.47 -0.21 3.04 6.29
1934.00 -19.23 -16.16 -13.09 -10.02 -6.95 -3.88 -0.80 2.26 5.34
1935.00 -17.85 -15.02 -12.19 -9.35 -6.52 -3.69 -0.85 1.98 4.81
1936.00 -16.33 -13.75 -11.18 -8.60 -6.02 -3.44 -0.87 1.71 4.29
1937.00 -14.48 -12.18 -9.87 -7.56 -5.25 -2.94 -0.63 1.68 3.99
1938.00 -12.82 -10.77 -8.71 -6.66 -4.60 -2.55 -0.49 1.56 3.61
1939.00 -10.05 -8.29 -6.52 -4.76 -3.00 -1.23 0.54 2.30 4.06
1940.00 -8.96 -7.49 -6.02 -4.55 -3.08 -1.62 -0.14 1.32 2.79
1941.00 -7.06 -5.94 -4.82 -3.71 -2.59 -1.47 -0.35 0.77 1.89
1942.00 -5.74 -4.97 -4.20 -3.42 -2.65 -1.87 -1.10 -0.32 0.45
1943.00 -3.38 -2.98 -2.58 -2.18 -1.79 -1.39 -0.99 -0.59 -0.19
1944.00 -1.08 -1.04 -1.00 -0.95 -0.91 -0.87 -0.82 -0.78 -0.74
1945.00 1.11 0.78 0.45 0.13 -0.20 -0.53 -0.85 -1.18 -1.51
1946.00 3.44 2.73 2.03 1.32 0.61 -0.10 -0.81 -1.52 -2.23
1947.00 4.85 3.73 2.62 1.50 0.39 -0.72 -1.84 -2.95 -4.06
1948.00 6.84 5.30 3.76 2.21 0.67 -0.88 -2.42 -3.96 -5.51
1949.00 8.80 6.84 4.87 2.90 0.94 -1.03 -2.99 -4.96 -6.93
1950.00 11.59 9.21 6.82 4.43 2.04 -0.34 -2.73 -5.12 -7.50
1951.00 13.05 10.26 7.48 4.69 1.91 -0.88 -3.66 -6.45 -9.23
1952.00 15.37 12.13 8.89 5.65 2.40 -0.84 -4.08 -7.32 -10.56
1953.00 17.71 14.00 10.29 6.58 2.87 -0.84 -4.54 -8.25 -11.96
1954.00 20.84 16.64 12.44 8.24 4.04 -0.15 -4.35 -8.55 -12.75
1955.00 24.01 19.36 14.71 10.07 5.42 0.78 -3.87 -8.52 -13.16
1956.00 26.63 21.53 16.43 11.33 6.23 1.13 -3.97 -9.07 -14.17
1957.00 28.49 22.94 17.40 11.85 6.30 0.76 -4.79 -10.34 -15.89
1958.00 30.87 24.84 18.81 12.78 6.74 0.71 -5.32 -11.35 -17.38
1959.00 33.50 26.96 20.41 13.86 7.32 0.77 -5.77 -12.32 -18.86
1960.00 36.12 29.08 22.05 15.01 7.97 0.93 -6.11 -13.14 -20.18
1961.00 39.12 31.61 24.10 16.59 9.08 1.57 -5.94 -13.45 -20.96
1962.00 41.43 33.43 25.43 17.43 9.43 1.44 -6.56 -14.56 -22.56
1963.00 43.49 34.97 26.45 17.93 9.42 0.90 -7.62 -16.14 -24.65
1964.00 46.33 37.28 28.23 19.18 10.13 1.09 -7.96 -17.01 -26.06
1965.00 48.93 39.36 29.80 20.23 10.67 1.11 -8.46 -18.02 -27.58
1966.00 52.17 42.10 32.03 21.96 11.89 1.81 -8.26 -18.33 -28.40
1967.00 54.72 44.15 33.58 23.01 12.44 1.87 -8.70 -19.26 -29.83
1968.00 57.85 46.74 35.63 24.52 13.41 2.30 -8.80 -19.91 -31.02
1969.00 61.07 49.43 37.79 26.16 14.52 2.88 -8.76 -20.40 -32.04
1970.00 102.44 102.45 102.45 102.45 102.45 102.46 102.46 102.46 102.46
1971.00 108.63 108.63 108.63 108.63 108.63 108.62 108.62 108.62 108.62
1972.00 125.83 125.83 125.83 125.84 125.84 125.84 125.85 125.85 125.85
1973.00 121.88 121.87 121.87 121.87 121.87 121.87 121.87 121.87 121.87
1974.00 125.56 125.56 125.56 125.56 125.56 125.56 125.56 125.56 125.56
1975.00 123.34 123.34 123.34 123.34 123.34 123.34 123.33 123.33 123.33
1976.00 125.10 125.11 125.11 125.12 125.12 125.13 125.13 125.14 125.14
1977.00 124.96 124.96 124.96 124.96 124.96 124.96 124.96 124.96 124.96
1978.00 122.77 122.77 122.77 122.77 122.78 122.78 122.78 122.78 122.78
1979.00 117.53 117.53 117.52 117.52 117.52 117.51 117.51 117.51 117.50
1980.00 115.22 115.22 115.22 115.22 115.22 115.21 115.21 115.21 115.21
1981.00 114.09 114.09 114.09 114.10 114.10 114.10 114.11 114.11 114.11
1982.00 111.54 111.54 111.55 111.55 111.56 111.56 111.57 111.57 111.58
1983.00 111.21 111.21 111.21 111.21 111.21 111.21 111.21 111.21 111.22
1984.00 103.64 103.63 103.62 103.62 103.61 103.60 103.60 103.59 103.59
1985.00 100.71 100.71 100.71 100.71 100.71 100.71 100.72 100.72 100.72
1986.00 96.72 96.72 96.72 96.72 96.72 96.72 96.73 96.73 96.73
1987.00 94.97 94.98 94.98 94.98 94.98 94.99 94.99 94.99 95.00
1988.00 91.61 91.71 91.81 91.91 92.01 92.11 92.21 92.31 92.41
1989.00 88.34 88.57 88.79 89.02 89.24 89.47 89.69 89.92 90.14
1990.00 84.06 84.36 84.66 84.97 85.27 85.57 85.88 86.18 86.48
1991.00 80.60 81.19 81.78 82.38 82.97 83.56 84.15 84.74 85.33
1992.00 76.90 77.87 78.84 79.81 80.79 81.76 82.73 83.70 84.67
1993.00 73.66 74.99 76.32 77.64 78.97 80.30 81.62 82.95 84.28
1994.00 70.77 72.46 74.15 75.84 77.53 79.22 80.91 82.60 84.29
1995.00 67.55 69.78 72.01 74.24 76.47 78.70 80.92 83.15 85.38
1996.00 63.94 66.47 69.01 71.54 74.07 76.61 79.14 81.67 84.21
1997.00 61.13 64.09 67.05 70.01 72.97 75.94 78.90 81.86 84.82
1998.00 58.81 62.07 65.34 68.60 71.86 75.12 78.38 81.64 84.90
1999.00 55.73 59.16 62.58 66.01 69.44 72.86 76.29 79.72 83.15
2000.00 51.89 55.30 58.72 62.14 65.56 68.98 72.39 75.81 79.23
2001.00 48.24 51.84 55.45 59.06 62.66 66.27 69.87 73.48 77.08
2002.00 44.68 48.56 52.45 56.33 60.21 64.10 67.98 71.86 75.75
2003.00 42.25 46.41 50.58 54.74 58.91 63.07 67.24 71.40 75.57
2004.00 38.41 42.51 46.62 50.72 54.82 58.92 63.02 67.13 71.23
2005.00 36.87 41.29 45.71 50.13 54.56 58.98 63.40 67.83 72.25
2006.00 33.10 37.79 42.49 47.19 51.89 56.59 61.28 65.98 70.68
2007.00 30.30 35.19 40.09 44.98 49.88 54.77 59.67 64.56 69.46
2008.00 26.19 31.04 35.90 40.75 45.60 50.45 55.30 60.15 65.00
2009.00 23.41 28.35 33.28 38.22 43.15 48.09 53.02 57.96 62.89
2010.00 18.91 23.73 28.56 33.38 38.20 43.03 47.85 52.68 57.50
2011.00 16.37 21.42 26.47 31.52 36.57 41.62 46.66 51.72 56.77
2012.00 12.99 18.26 23.55 28.82 34.10 39.38 44.66 49.94 55.22
2013.00 10.40 15.83 21.26 26.68 32.11 37.53 42.96 48.39 53.81
2014.00 7.48 13.02 18.56 24.11 29.65 35.19 40.74 46.28 51.82
2015.00 5.49 11.34 17.18 23.03 28.87 34.72 40.56 46.41 52.25
2016.00 3.80 9.87 15.95 22.02 28.09 34.16 40.23 46.30 52.38
2017.00 1.14 7.39 13.64 19.88 26.13 32.38 38.62 44.87 51.12
2018.00 -13.85 -11.68 -9.52 -7.35 -5.18 -3.02 -0.85 1.32 3.48
2019.00 -15.43 -13.01 -10.59 -8.17 -5.75 -3.32 -0.90 1.52 3.95
2020.00 -17.46 -14.80 -12.14 -9.49 -6.83 -4.17 -1.51 1.15 3.81
2021.00 -18.20 -15.33 -12.45 -9.57 -6.70 -3.82 -0.94 1.94 4.81
2022.00 -18.91 -15.83 -12.75 -9.67 -6.58 -3.50 -0.42 2.67 5.75
2023.00 -19.63 -16.35 -13.08 -9.80 -6.52 -3.24 0.03 3.31 6.59
2024.00 -20.23 -16.78 -13.33 -9.88 -6.44 -2.99 0.46 3.91 7.36
2025.00 -20.69 -17.11 -13.54 -9.96 -6.38 -2.80 0.78 4.35 7.93
2026.00 -20.85 -17.16 -13.47 -9.78 -6.09 -2.39 1.30 4.99 8.68
2027.00 -20.76 -16.97 -13.17 -9.37 -5.57 -1.78 2.02 5.82 9.61
2028.00 -21.25 -17.34 -13.43 -9.52 -5.61 -1.70 2.21 6.12 10.03
2029.00 -21.38 -17.39 -13.40 -9.41 -5.42 -1.43 2.56 6.55 10.54
2030.00 -21.76 -17.71 -13.66 -9.61 -5.56 -1.50 2.55 6.60 10.65
2031.00 -21.96 -17.87 -13.78 -9.70 -5.61 -1.53 2.56 6.64 10.73
2032.00 -21.93 -17.81 -13.70 -9.58 -5.46 -1.34 2.78 6.90 11.02
2033.00 -21.92 -17.75 -13.59 -9.43 -5.26 -1.10 3.06 7.23 11.39
2034.00 -22.24 -18.03 -13.83 -9.62 -5.42 -1.21 2.99 7.20 11.41
2035.00 -22.25 -18.02 -13.80 -9.57 -5.35 -1.12 3.10 7.33 11.55
2036.00 -22.45 -18.21 -13.97 -9.72 -5.48 -1.24 3.00 7.24 11.48
2037.00 -22.14 -17.89 -13.64 -9.39 -5.14 -0.89 3.36 7.61 11.86
2038.00 -22.28 -18.01 -13.74 -9.47 -5.20 -0.93 3.34 7.61 11.87
2039.00 -22.31 -18.04 -13.76 -9.49 -5.21 -0.94 3.34 7.61 11.89
2040.00 -22.46 -18.17 -13.88 -9.60 -5.31 -1.02 3.26 7.55 11.83
2041.00 -22.47 -18.19 -13.90 -9.61 -5.33 -1.04 3.25 7.53 11.82
2042.00 -22.83 -18.53 -14.24 -9.94 -5.65 -1.35 2.94 7.23 11.53
2043.00 -22.88 -18.57 -14.27 -9.97 -5.67 -1.37 2.93 7.24 11.54
2044.00 -23.03 -18.71 -14.40 -10.08 -5.76 -1.45 2.87 7.18 11.49
2045.00 -23.21 -18.89 -14.58 -10.26 -5.94 -1.63 2.69 7.01 11.32
2046.00 -23.37 -19.05 -14.73 -10.41 -6.08 -1.76 2.56 6.88 11.20
2047.00 -23.22 -18.90 -14.58 -10.26 -5.94 -1.62 2.70 7.01 11.33
2048.00 -23.20 -18.88 -14.56 -10.24 -5.91 -1.59 2.73 7.05 11.38
2049.00 -23.01 -18.68 -14.36 -10.04 -5.71 -1.39 2.94 7.26 11.58
2050.00 -22.97 -18.64 -14.32 -9.99 -5.66 -1.34 2.99 7.32 11.65
2051.00 -22.74 -18.42 -14.10 -9.78 -5.45 -1.13 3.19 7.51 11.83
2052.00 -22.83 -18.50 -14.18 -9.86 -5.54 -1.21 3.11 7.43 11.75
2053.00 -22.68 -18.37 -14.06 -9.75 -5.43 -1.12 3.19 7.50 11.81
2054.00 -22.86 -18.55 -14.24 -9.93 -5.62 -1.32 2.99 7.30 11.61
2055.00 -22.56 -18.26 -13.96 -9.65 -5.35 -1.05 3.25 7.55 11.85
2056.00 -22.63 -18.32 -14.02 -9.72 -5.42 -1.12 3.19 7.49 11.79
2057.00 -22.65 -18.36 -14.07 -9.77 -5.48 -1.19 3.10 7.39 11.68
2058.00 -22.70 -18.41 -14.12 -9.83 -5.53 -1.24 3.05 7.34 11.63
2059.00 -22.45 -18.17 -13.90 -9.62 -5.34 -1.06 3.22 7.49 11.77
2060.00 -22.61 -18.33 -14.05 -9.78 -5.50 -1.23 3.05 7.32 11.60
2061.00 -22.30 -18.02 -13.76 -9.49 -5.22 -0.95 3.32 7.59 11.86
2062.00 -22.31 -18.04 -13.77 -9.50 -5.23 -0.96 3.31 7.58 11.85
2063.00 -22.38 -18.12 -13.86 -9.60 -5.34 -1.07 3.19 7.45 11.71
2064.00 -22.51 -18.26 -14.00 -9.75 -5.50 -1.24 3.01 7.26 11.51
2065.00 -22.62 -18.38 -14.15 -9.91 -5.67 -1.44 2.80 7.04 11.28
