# yearspad, alpred
# [0.3 0.4 0.5 0.6 0.7 0.8 0.9 1.  1.1]
1922.00 -29.00 -24.78 -20.56 -16.35 -12.13 -7.91 -3.70 0.52 4.73
1923.00 -28.45 -24.26 -20.06 -15.86 -11.67 -7.47 -3.28 0.92 5.11
1924.00 -27.92 -23.74 -19.56 -15.39 -11.21 -7.03 -2.86 1.32 5.49
1925.00 -27.09 -22.97 -18.84 -14.71 -10.59 -6.46 -2.34 1.78 5.91
1926.00 -26.93 -22.86 -18.78 -14.71 -10.63 -6.56 -2.49 1.58 5.65
1927.00 -26.15 -22.14 -18.13 -14.12 -10.11 -6.10 -2.09 1.92 5.93
1928.00 -25.64 -21.70 -17.76 -13.82 -9.88 -5.94 -2.00 1.93 5.87
1929.00 -24.76 -20.92 -17.08 -13.24 -9.39 -5.55 -1.71 2.13 5.97
1930.00 -23.95 -20.22 -16.49 -12.77 -9.04 -5.32 -1.59 2.13 5.86
1931.00 -22.76 -19.18 -15.61 -12.04 -8.47 -4.90 -1.33 2.24 5.81
1932.00 -21.82 -18.40 -14.97 -11.55 -8.13 -4.70 -1.28 2.14 5.56
1933.00 -20.33 -17.07 -13.82 -10.56 -7.31 -4.05 -0.80 2.45 5.71
1934.00 -18.96 -15.89 -12.82 -9.74 -6.67 -3.60 -0.53 2.54 5.61
1935.00 -17.13 -14.29 -11.46 -8.63 -5.79 -2.96 -0.13 2.70 5.54
1936.00 -15.73 -13.15 -10.57 -8.00 -5.42 -2.84 -0.26 2.31 4.89
1937.00 -13.81 -11.50 -9.19 -6.88 -4.57 -2.26 0.05 2.35 4.67
1938.00 -12.09 -10.03 -7.98 -5.92 -3.87 -1.81 0.24 2.29 4.35
1939.00 -9.62 -7.85 -6.09 -4.33 -2.57 -0.80 0.96 2.71 4.48
1940.00 -7.85 -6.38 -4.92 -3.45 -1.98 -0.51 0.96 2.42 3.89
1941.00 -4.71 -3.59 -2.47 -1.35 -0.23 0.89 2.00 3.11 4.24
1942.00 -2.26 -1.48 -0.71 0.07 0.85 1.62 2.40 3.17 3.96
1943.00 0.49 0.89 1.29 1.69 2.09 2.49 2.89 3.28 3.69
1944.00 2.87 2.91 2.96 3.00 3.05 3.10 3.14 3.17 3.23
1945.00 5.82 5.50 5.17 4.85 4.53 4.20 3.88 3.54 3.23
1946.00 8.43 7.72 7.02 6.31 5.60 4.89 4.19 3.47 2.77
1947.00 11.44 10.34 9.23 8.12 7.01 5.90 4.79 3.67 2.57
1948.00 14.53 13.00 11.46 9.92 8.39 6.85 5.31 3.76 2.24
1949.00 17.78 15.82 13.86 11.91 9.95 7.99 6.03 4.07 2.12
1950.00 20.90 18.52 16.14 13.76 11.38 9.00 6.62 4.23 1.87
1951.00 24.14 21.37 18.59 15.82 13.04 10.27 7.49 4.71 1.94
1952.00 27.70 24.47 21.24 18.01 14.78 11.56 8.33 5.09 1.87
1953.00 30.73 27.03 23.34 19.64 15.95 12.25 8.56 4.85 1.17
1954.00 33.28 29.10 24.91 20.73 16.54 12.35 8.17 3.97 -0.21
1955.00 36.22 31.59 26.96 22.32 17.69 13.05 8.42 3.78 -0.85
1956.00 39.38 34.29 29.20 24.12 19.03 13.94 8.85 3.75 -1.33
1957.00 43.01 37.48 31.95 26.42 20.88 15.35 9.82 4.28 -1.24
1958.00 46.56 40.55 34.53 28.52 22.51 16.50 10.48 4.46 -1.54
1959.00 49.88 43.36 36.83 30.31 23.78 17.26 10.73 4.20 -2.32
1960.00 53.21 46.19 39.17 32.16 25.14 18.13 11.11 4.09 -2.92
1961.00 56.54 49.05 41.56 34.07 26.59 19.10 11.61 4.12 -3.37
1962.00 60.00 52.02 44.05 36.08 28.11 20.13 12.16 4.19 -3.78
1963.00 63.71 55.22 46.74 38.25 29.76 21.27 12.78 4.29 -4.19
1964.00 67.57 58.55 49.54 40.52 31.51 22.49 13.48 4.46 -4.55
1965.00 71.00 61.47 51.94 42.42 32.89 23.36 13.83 4.30 -5.23
1966.00 74.89 64.85 54.82 44.79 34.75 24.72 14.69 4.65 -5.38
1967.00 78.59 68.06 57.53 47.00 36.48 25.95 15.42 4.90 -5.63
1968.00 82.35 71.29 60.23 49.16 38.10 27.04 15.98 4.91 -6.15
1969.00 85.33 73.73 62.14 50.55 38.96 27.36 15.77 4.18 -7.41
1970.00 124.76 124.76 124.77 124.77 124.77 124.77 124.77 124.78 124.78
1971.00 125.58 125.57 125.57 125.57 125.57 125.57 125.56 125.56 125.56
1972.00 126.59 126.59 126.60 126.60 126.60 126.61 126.61 126.61 126.62
1973.00 124.52 124.52 124.52 124.52 124.52 124.52 124.52 124.52 124.52
1974.00 131.81 131.81 131.81 131.81 131.81 131.81 131.81 131.81 131.81
1975.00 131.81 131.81 131.81 131.81 131.80 131.80 131.80 131.80 131.80
1976.00 134.39 134.40 134.40 134.41 134.41 134.42 134.42 134.43 134.43
1977.00 134.03 134.03 134.04 134.04 134.04 134.04 134.04 134.04 134.04
1978.00 136.66 136.66 136.66 136.66 136.66 136.67 136.67 136.67 136.67
1979.00 135.30 135.29 135.29 135.29 135.28 135.28 135.27 135.27 135.27
1980.00 135.18 135.18 135.18 135.18 135.18 135.18 135.18 135.18 135.17
1981.00 133.01 133.01 133.01 133.02 133.02 133.02 133.03 133.03 133.03
1982.00 130.71 130.72 130.72 130.73 130.73 130.74 130.74 130.75 130.75
1983.00 127.89 127.89 127.89 127.89 127.89 127.89 127.89 127.89 127.89
1984.00 124.01 124.00 124.00 123.99 123.98 123.98 123.97 123.97 123.96
1985.00 121.58 121.59 121.59 121.59 121.59 121.59 121.59 121.59 121.59
1986.00 118.13 118.13 118.13 118.13 118.13 118.13 118.13 118.13 118.13
1987.00 109.56 109.56 109.56 109.57 109.57 109.57 109.58 109.58 109.58
1988.00 104.65 104.73 104.81 104.88 104.96 105.04 105.12 105.20 105.27
1989.00 99.03 99.22 99.42 99.61 99.80 100.00 100.19 100.38 100.58
1990.00 94.05 94.36 94.68 94.99 95.30 95.61 95.93 96.24 96.55
1991.00 89.75 90.33 90.92 91.50 92.08 92.67 93.25 93.84 94.42
1992.00 85.97 86.93 87.89 88.86 89.82 90.79 91.75 92.72 93.68
1993.00 82.08 83.40 84.72 86.04 87.36 88.68 90.00 91.32 92.65
1994.00 78.44 80.15 81.86 83.57 85.29 87.00 88.71 90.42 92.13
1995.00 75.14 77.36 79.59 81.81 84.04 86.26 88.49 90.71 92.94
1996.00 71.76 74.29 76.81 79.34 81.86 84.38 86.91 89.43 91.96
1997.00 68.20 71.16 74.12 77.07 80.03 82.99 85.95 88.90 91.86
1998.00 64.11 67.37 70.63 73.89 77.15 80.41 83.67 86.92 90.19
1999.00 59.64 63.07 66.50 69.94 73.37 76.80 80.24 83.66 87.10
2000.00 55.01 58.42 61.83 65.24 68.65 72.06 75.48 78.88 82.29
2001.00 51.14 54.74 58.34 61.94 65.55 69.15 72.75 76.35 79.95
2002.00 47.72 51.59 55.45 59.32 63.19 67.06 70.93 74.78 78.66
2003.00 44.44 48.63 52.81 57.00 61.19 65.38 69.57 73.75 77.94
2004.00 39.38 43.48 47.58 51.68 55.78 59.88 63.98 68.08 72.18
2005.00 35.92 40.35 44.78 49.20 53.63 58.06 62.49 66.91 71.34
2006.00 31.97 36.67 41.38 46.08 50.79 55.49 60.20 64.90 69.61
2007.00 28.98 33.88 38.79 43.70 48.60 53.51 58.42 63.31 68.23
2008.00 24.52 29.38 34.23 39.09 43.95 48.82 53.68 58.53 63.39
2009.00 20.99 25.93 30.87 35.81 40.75 45.70 50.64 55.57 60.52
2010.00 16.64 21.46 26.28 31.11 35.93 40.75 45.58 50.39 55.22
2011.00 14.15 19.19 24.23 29.28 34.32 39.36 44.41 49.44 54.49
2012.00 10.95 16.22 21.48 26.75 32.02 37.29 42.56 47.82 53.09
2013.00 8.18 13.62 19.07 24.51 29.96 35.40 40.85 46.28 51.73
2014.00 4.93 10.48 16.03 21.59 27.14 32.70 38.25 43.80 49.35
2015.00 2.68 8.53 14.38 20.24 26.10 31.95 37.81 43.66 49.52
2016.00 -0.06 6.03 12.11 18.19 24.28 30.36 36.45 42.52 48.61
2017.00 -2.30 3.96 10.22 16.48 22.74 28.99 35.25 41.50 47.76
2018.00 -17.16 -14.99 -12.83 -10.67 -8.51 -6.34 -4.18 -2.02 0.14
2019.00 -18.55 -16.13 -13.71 -11.29 -8.87 -6.45 -4.03 -1.62 0.80
2020.00 -20.44 -17.78 -15.13 -12.47 -9.81 -7.15 -4.50 -1.85 0.81
2021.00 -21.51 -18.63 -15.76 -12.88 -10.01 -7.13 -4.26 -1.39 1.49
2022.00 -23.21 -20.13 -17.06 -13.97 -10.90 -7.82 -4.74 -1.66 1.41
2023.00 -24.34 -21.07 -17.80 -14.52 -11.25 -7.98 -4.70 -1.44 1.83
2024.00 -25.51 -22.07 -18.63 -15.19 -11.74 -8.30 -4.86 -1.42 2.02
2025.00 -26.27 -22.70 -19.13 -15.55 -11.98 -8.41 -4.83 -1.27 2.30
2026.00 -27.46 -23.78 -20.10 -16.41 -12.73 -9.04 -5.36 -1.68 2.00
2027.00 -28.00 -24.21 -20.43 -16.64 -12.85 -9.06 -5.27 -1.49 2.30
2028.00 -28.61 -24.71 -20.81 -16.91 -13.01 -9.11 -5.21 -1.31 2.58
2029.00 -28.77 -24.79 -20.81 -16.83 -12.85 -8.87 -4.89 -0.91 3.06
2030.00 -29.18 -25.14 -21.10 -17.05 -13.01 -8.97 -4.92 -0.88 3.15
2031.00 -29.41 -25.33 -21.26 -17.18 -13.10 -9.02 -4.95 -0.87 3.19
2032.00 -29.68 -25.57 -21.47 -17.35 -13.25 -9.14 -5.03 -0.93 3.17
2033.00 -29.66 -25.51 -21.36 -17.21 -13.06 -8.90 -4.75 -0.60 3.54
2034.00 -29.84 -25.65 -21.46 -17.26 -13.06 -8.87 -4.67 -0.48 3.71
2035.00 -29.38 -25.17 -20.95 -16.74 -12.52 -8.31 -4.09 0.13 4.33
2036.00 -29.54 -25.31 -21.08 -16.84 -12.61 -8.38 -4.15 0.08 4.30
2037.00 -29.47 -25.23 -20.99 -16.75 -12.51 -8.28 -4.04 0.20 4.43
2038.00 -29.66 -25.40 -21.14 -16.88 -12.62 -8.36 -4.11 0.15 4.40
2039.00 -29.52 -25.25 -20.99 -16.72 -12.46 -8.19 -3.93 0.34 4.59
2040.00 -29.67 -25.40 -21.12 -16.84 -12.57 -8.29 -4.02 0.26 4.53
2041.00 -29.64 -25.37 -21.09 -16.81 -12.53 -8.26 -3.98 0.30 4.56
2042.00 -29.79 -25.51 -21.23 -16.94 -12.66 -8.37 -4.09 0.20 4.47
2043.00 -29.56 -25.27 -20.98 -16.68 -12.39 -8.10 -3.81 0.49 4.77
2044.00 -29.75 -25.44 -21.14 -16.83 -12.52 -8.22 -3.91 0.40 4.69
2045.00 -29.62 -25.31 -21.00 -16.69 -12.38 -8.07 -3.77 0.55 4.84
2046.00 -29.63 -25.31 -21.00 -16.69 -12.38 -8.06 -3.75 0.57 4.86
2047.00 -29.57 -25.26 -20.95 -16.64 -12.33 -8.02 -3.71 0.60 4.90
2048.00 -29.80 -25.49 -21.18 -16.86 -12.55 -8.24 -3.93 0.39 4.69
2049.00 -29.68 -25.37 -21.05 -16.73 -12.42 -8.11 -3.79 0.53 4.83
2050.00 -29.84 -25.52 -21.21 -16.89 -12.57 -8.25 -3.94 0.38 4.69
2051.00 -29.76 -25.45 -21.14 -16.82 -12.51 -8.20 -3.89 0.43 4.72
2052.00 -29.95 -25.64 -21.33 -17.01 -12.70 -8.39 -4.08 0.23 4.53
2053.00 -29.77 -25.47 -21.16 -16.86 -12.56 -8.26 -3.96 0.34 4.63
2054.00 -29.88 -25.59 -21.29 -16.99 -12.69 -8.39 -4.10 0.21 4.49
2055.00 -29.72 -25.43 -21.14 -16.84 -12.55 -8.26 -3.98 0.32 4.60
2056.00 -29.88 -25.59 -21.30 -17.01 -12.72 -8.43 -4.14 0.16 4.43
2057.00 -29.60 -25.32 -21.04 -16.76 -12.48 -8.20 -3.92 0.36 4.63
2058.00 -29.60 -25.32 -21.04 -16.76 -12.48 -8.20 -3.92 0.36 4.63
2059.00 -29.47 -25.21 -20.94 -16.67 -12.40 -8.14 -3.87 0.40 4.65
2060.00 -29.55 -25.29 -21.02 -16.76 -12.49 -8.23 -3.97 0.30 4.56
2061.00 -29.27 -25.02 -20.76 -16.50 -12.24 -7.98 -3.73 0.53 4.78
2062.00 -29.43 -25.17 -20.91 -16.65 -12.39 -8.14 -3.88 0.38 4.63
2063.00 -29.24 -24.99 -20.74 -16.49 -12.24 -7.99 -3.74 0.51 4.76
2064.00 -29.21 -24.97 -20.73 -16.49 -12.24 -8.00 -3.76 0.48 4.72
2065.00 -29.01 -24.78 -20.55 -16.32 -12.10 -7.87 -3.65 0.58 4.80
