# yearspad, alpred
# [0.3 0.4 0.5 0.6 0.7 0.8 0.9 1.  1.1]
1922.00 -35.16 -30.96 -26.77 -22.57 -18.38 -14.18 -9.98 -5.78 -1.59
1923.00 -35.38 -31.21 -27.03 -22.86 -18.68 -14.51 -10.33 -6.15 -1.98
1924.00 -35.91 -31.75 -27.60 -23.45 -19.30 -15.14 -10.99 -6.83 -2.68
1925.00 -36.05 -31.94 -27.84 -23.74 -19.64 -15.54 -11.44 -7.33 -3.23
1926.00 -35.81 -31.76 -27.71 -23.67 -19.62 -15.57 -11.52 -7.46 -3.41
1927.00 -35.59 -31.60 -27.62 -23.63 -19.64 -15.66 -11.67 -7.68 -3.70
1928.00 -35.34 -31.42 -27.51 -23.60 -19.68 -15.76 -11.85 -7.93 -4.01
1929.00 -34.87 -31.06 -27.24 -23.42 -19.60 -15.78 -11.96 -8.14 -4.33
1930.00 -32.82 -29.12 -25.42 -21.71 -18.01 -14.30 -10.59 -6.89 -3.18
1931.00 -31.81 -28.26 -24.71 -21.16 -17.61 -14.06 -10.51 -6.95 -3.40
1932.00 -30.11 -26.70 -23.30 -19.90 -16.49 -13.09 -9.68 -6.27 -2.87
1933.00 -28.68 -25.44 -22.21 -18.97 -15.74 -12.50 -9.26 -6.02 -2.79
1934.00 -27.84 -24.79 -21.73 -18.68 -15.63 -12.57 -9.52 -6.46 -3.41
1935.00 -26.00 -23.18 -20.37 -17.55 -14.74 -11.92 -9.10 -6.28 -3.47
1936.00 -23.65 -21.08 -18.52 -15.96 -13.39 -10.82 -8.26 -5.69 -3.13
1937.00 -21.57 -19.27 -16.98 -14.68 -12.38 -10.09 -7.79 -5.49 -3.19
1938.00 -19.33 -17.28 -15.24 -13.20 -11.15 -9.11 -7.06 -5.02 -2.97
1939.00 -17.23 -15.48 -13.72 -11.97 -10.22 -8.46 -6.71 -4.96 -3.20
1940.00 -13.95 -12.49 -11.02 -9.56 -8.10 -6.63 -5.17 -3.70 -2.24
1941.00 -11.39 -10.27 -9.16 -8.05 -6.93 -5.81 -4.70 -3.58 -2.46
1942.00 -8.55 -7.77 -7.00 -6.22 -5.45 -4.67 -3.89 -3.12 -2.34
1943.00 -5.91 -5.51 -5.11 -4.71 -4.31 -3.91 -3.51 -3.11 -2.70
1944.00 -2.31 -2.26 -2.21 -2.16 -2.11 -2.06 -2.01 -1.96 -1.91
1945.00 -0.81 -1.13 -1.45 -1.77 -2.09 -2.41 -2.73 -3.05 -3.37
1946.00 2.47 1.77 1.07 0.37 -0.33 -1.02 -1.72 -2.42 -3.12
1947.00 5.57 4.47 3.38 2.28 1.18 0.08 -1.01 -2.11 -3.21
1948.00 9.62 8.10 6.57 5.05 3.53 2.01 0.48 -1.04 -2.56
1949.00 12.84 10.90 8.95 7.01 5.07 3.13 1.19 -0.75 -2.69
1950.00 16.24 13.88 11.52 9.16 6.80 4.44 2.08 -0.29 -2.64
1951.00 19.38 16.62 13.87 11.12 8.36 5.61 2.86 0.11 -2.64
1952.00 21.57 18.36 15.15 11.94 8.74 5.53 2.32 -0.89 -4.09
1953.00 25.95 22.28 18.60 14.93 11.26 7.59 3.92 0.25 -3.42
1954.00 30.49 26.33 22.17 18.01 13.85 9.69 5.53 1.37 -2.79
1955.00 35.16 30.55 25.95 21.34 16.74 12.14 7.53 2.93 -1.67
1956.00 38.47 33.41 28.36 23.30 18.25 13.19 8.13 3.08 -1.98
1957.00 42.74 37.25 31.75 26.26 20.76 15.27 9.77 4.27 -1.22
1958.00 47.02 41.04 35.06 29.08 23.11 17.13 11.15 5.18 -0.80
1959.00 51.24 44.75 38.26 31.77 25.28 18.79 12.30 5.81 -0.68
1960.00 55.51 48.53 41.55 34.56 27.58 20.60 13.62 6.64 -0.34
1961.00 58.56 51.11 43.66 36.20 28.75 21.30 13.84 6.39 -1.06
1962.00 61.65 53.71 45.77 37.83 29.89 21.95 14.01 6.07 -1.87
1963.00 66.23 57.77 49.32 40.86 32.41 23.95 15.49 7.04 -1.42
1964.00 70.92 61.93 52.95 43.96 34.98 25.99 17.01 8.02 -0.97
1965.00 74.88 65.38 55.88 46.38 36.88 27.38 17.88 8.38 -1.11
1966.00 79.40 69.40 59.39 49.39 39.38 29.37 19.37 9.36 -0.65
1967.00 83.33 72.83 62.32 51.82 41.32 30.82 20.32 9.81 -0.69
1968.00 87.42 76.37 65.33 54.28 43.24 32.19 21.15 10.10 -0.94
1969.00 92.70 81.12 69.55 57.97 46.40 34.83 23.25 11.68 0.10
1970.00 134.58 134.59 134.59 134.59 134.59 134.59 134.60 134.60 134.60
1971.00 139.38 139.38 139.38 139.38 139.37 139.37 139.37 139.37 139.37
1972.00 149.16 149.16 149.17 149.17 149.18 149.18 149.18 149.19 149.19
1973.00 155.95 155.95 155.95 155.95 155.94 155.94 155.94 155.94 155.94
1974.00 159.59 159.59 159.59 159.59 159.59 159.59 159.59 159.59 159.59
1975.00 162.46 162.46 162.46 162.46 162.45 162.45 162.45 162.45 162.45
1976.00 166.62 166.62 166.63 166.63 166.64 166.64 166.65 166.65 166.66
1977.00 172.62 172.61 172.61 172.61 172.61 172.61 172.61 172.61 172.61
1978.00 151.16 151.16 151.17 151.17 151.17 151.17 151.17 151.18 151.18
1979.00 148.94 148.94 148.93 148.93 148.93 148.92 148.92 148.92 148.91
1980.00 146.93 146.93 146.93 146.93 146.93 146.93 146.93 146.93 146.92
1981.00 148.47 148.47 148.48 148.48 148.48 148.49 148.49 148.49 148.50
1982.00 147.64 147.64 147.65 147.65 147.66 147.66 147.67 147.67 147.67
1983.00 143.01 143.01 143.01 143.01 143.01 143.01 143.01 143.01 143.01
1984.00 137.83 137.82 137.81 137.81 137.80 137.80 137.79 137.78 137.78
1985.00 135.37 135.37 135.37 135.38 135.38 135.38 135.38 135.38 135.38
1986.00 137.51 137.51 137.51 137.51 137.51 137.52 137.52 137.52 137.52
1987.00 133.99 133.99 133.99 133.99 134.00 134.00 134.00 134.01 134.01
1988.00 128.95 129.03 129.11 129.18 129.26 129.34 129.42 129.49 129.57
1989.00 123.39 123.58 123.78 123.97 124.16 124.35 124.54 124.73 124.92
1990.00 118.13 118.43 118.73 119.03 119.33 119.64 119.94 120.24 120.54
1991.00 112.81 113.39 113.97 114.56 115.14 115.72 116.31 116.89 117.47
1992.00 108.45 109.41 110.37 111.33 112.30 113.26 114.22 115.19 116.15
1993.00 104.23 105.55 106.87 108.19 109.51 110.84 112.16 113.48 114.80
1994.00 98.94 100.63 102.32 104.01 105.71 107.40 109.09 110.78 112.47
1995.00 93.57 95.75 97.94 100.12 102.30 104.49 106.67 108.85 111.04
1996.00 88.21 90.69 93.16 95.64 98.12 100.59 103.07 105.55 108.02
1997.00 83.43 86.34 89.24 92.15 95.05 97.96 100.86 103.76 106.67
1998.00 79.59 82.79 86.00 89.20 92.41 95.62 98.82 102.03 105.24
1999.00 75.73 79.10 82.47 85.84 89.21 92.58 95.94 99.31 102.68
2000.00 69.65 73.01 76.37 79.72 83.08 86.43 89.79 93.14 96.50
2001.00 64.92 68.47 72.02 75.57 79.12 82.67 86.21 89.76 93.31
2002.00 61.14 64.96 68.77 72.59 76.41 80.23 84.04 87.86 91.68
2003.00 58.02 62.16 66.30 70.44 74.58 78.71 82.85 86.99 91.12
2004.00 51.98 56.05 60.12 64.18 68.25 72.32 76.39 80.46 84.53
2005.00 47.80 52.18 56.57 60.95 65.34 69.72 74.10 78.49 82.87
2006.00 43.16 47.82 52.47 57.12 61.78 66.43 71.08 75.74 80.39
2007.00 38.38 43.22 48.05 52.89 57.72 62.56 67.39 72.23 77.06
2008.00 34.55 39.38 44.20 49.03 53.85 58.68 63.50 68.33 73.15
2009.00 30.16 35.07 39.97 44.88 49.78 54.69 59.59 64.49 69.39
2010.00 25.14 29.94 34.74 39.53 44.33 49.13 53.92 58.72 63.51
2011.00 19.26 24.28 29.29 34.31 39.33 44.34 49.36 54.38 59.39
2012.00 15.77 21.02 26.27 31.51 36.76 42.01 47.26 52.51 57.76
2013.00 11.85 17.24 22.63 28.02 33.40 38.79 44.18 49.57 54.95
2014.00 8.36 13.87 19.37 24.87 30.38 35.88 41.39 46.89 52.39
2015.00 4.97 10.78 16.58 22.38 28.19 33.99 39.80 45.60 51.40
2016.00 2.19 8.22 14.25 20.27 26.30 32.33 38.36 44.39 50.41
2017.00 -1.46 4.74 10.94 17.14 23.34 29.54 35.74 41.94 48.13
2018.00 -16.72 -14.56 -12.39 -10.23 -8.07 -5.91 -3.75 -1.59 0.57
2019.00 -18.94 -16.52 -14.11 -11.69 -9.28 -6.86 -4.45 -2.03 0.38
2020.00 -21.07 -18.42 -15.77 -13.12 -10.47 -7.82 -5.17 -2.52 0.12
2021.00 -22.88 -20.01 -17.14 -14.28 -11.41 -8.54 -5.68 -2.81 0.05
2022.00 -25.15 -22.08 -19.02 -15.95 -12.88 -9.81 -6.74 -3.68 -0.61
2023.00 -26.79 -23.53 -20.27 -17.01 -13.75 -10.49 -7.23 -3.97 -0.71
2024.00 -28.06 -24.63 -21.20 -17.77 -14.34 -10.91 -7.49 -4.06 -0.63
2025.00 -29.51 -25.95 -22.39 -18.84 -15.28 -11.72 -8.16 -4.61 -1.06
2026.00 -29.13 -25.45 -21.78 -18.11 -14.44 -10.77 -7.10 -3.43 0.24
2027.00 -29.77 -26.00 -22.22 -18.45 -14.67 -10.90 -7.12 -3.35 0.43
2028.00 -30.83 -26.94 -23.05 -19.17 -15.28 -11.39 -7.51 -3.62 0.26
2029.00 -31.80 -27.83 -23.87 -19.91 -15.94 -11.98 -8.01 -4.05 -0.08
2030.00 -32.29 -28.26 -24.23 -20.21 -16.18 -12.16 -8.13 -4.10 -0.08
2031.00 -32.79 -28.73 -24.68 -20.62 -16.56 -12.50 -8.44 -4.38 -0.32
2032.00 -33.45 -29.36 -25.27 -21.18 -17.09 -13.00 -8.91 -4.82 -0.73
2033.00 -34.18 -30.05 -25.92 -21.79 -17.65 -13.52 -9.39 -5.25 -1.12
2034.00 -34.64 -30.47 -26.29 -22.12 -17.94 -13.76 -9.59 -5.41 -1.24
2035.00 -35.28 -31.09 -26.89 -22.70 -18.51 -14.31 -10.12 -5.93 -1.73
2036.00 -35.24 -31.03 -26.82 -22.61 -18.40 -14.19 -9.98 -5.77 -1.56
2037.00 -35.26 -31.04 -26.82 -22.60 -18.39 -14.17 -9.95 -5.74 -1.52
2038.00 -35.29 -31.05 -26.82 -22.58 -18.34 -14.10 -9.87 -5.63 -1.40
2039.00 -35.60 -31.36 -27.12 -22.88 -18.63 -14.39 -10.15 -5.91 -1.67
2040.00 -35.37 -31.12 -26.86 -22.61 -18.35 -14.10 -9.84 -5.59 -1.34
2041.00 -35.48 -31.22 -26.97 -22.71 -18.46 -14.20 -9.95 -5.69 -1.44
2042.00 -35.39 -31.12 -26.86 -22.60 -18.33 -14.07 -9.81 -5.54 -1.28
2043.00 -35.85 -31.58 -27.31 -23.04 -18.77 -14.50 -10.23 -5.96 -1.69
2044.00 -36.01 -31.72 -27.44 -23.16 -18.87 -14.59 -10.31 -6.02 -1.74
2045.00 -36.29 -32.00 -27.72 -23.43 -19.15 -14.86 -10.57 -6.29 -2.01
2046.00 -36.33 -32.04 -27.75 -23.46 -19.17 -14.88 -10.59 -6.30 -2.01
2047.00 -36.55 -32.27 -27.98 -23.69 -19.41 -15.12 -10.83 -6.55 -2.26
2048.00 -36.32 -32.03 -27.74 -23.45 -19.16 -14.87 -10.58 -6.29 -2.00
2049.00 -36.17 -31.88 -27.59 -23.30 -19.01 -14.71 -10.42 -6.13 -1.84
2050.00 -36.13 -31.84 -27.54 -23.25 -18.95 -14.66 -10.36 -6.07 -1.77
2051.00 -35.92 -31.63 -27.34 -23.05 -18.76 -14.47 -10.17 -5.88 -1.60
2052.00 -35.52 -31.23 -26.93 -22.64 -18.35 -14.06 -9.77 -5.48 -1.19
2053.00 -35.56 -31.28 -27.00 -22.72 -18.44 -14.16 -9.88 -5.60 -1.32
2054.00 -35.48 -31.20 -26.93 -22.65 -18.37 -14.09 -9.81 -5.54 -1.26
2055.00 -35.57 -31.31 -27.04 -22.77 -18.50 -14.23 -9.96 -5.68 -1.42
2056.00 -35.51 -31.24 -26.97 -22.70 -18.43 -14.16 -9.89 -5.61 -1.35
2057.00 -35.87 -31.61 -27.36 -23.10 -18.84 -14.58 -10.32 -6.06 -1.80
2058.00 -35.76 -31.50 -27.24 -22.98 -18.73 -14.47 -10.21 -5.95 -1.69
2059.00 -35.88 -31.63 -27.39 -23.14 -18.90 -14.65 -10.40 -6.16 -1.91
2060.00 -35.54 -31.30 -27.06 -22.81 -18.57 -14.32 -10.08 -5.83 -1.59
2061.00 -35.66 -31.42 -27.19 -22.95 -18.71 -14.47 -10.24 -6.00 -1.76
2062.00 -35.60 -31.36 -27.13 -22.89 -18.65 -14.41 -10.17 -5.94 -1.70
2063.00 -35.50 -31.27 -27.05 -22.82 -18.59 -14.35 -10.12 -5.89 -1.66
2064.00 -35.22 -31.00 -26.78 -22.56 -18.34 -14.11 -9.89 -5.67 -1.45
2065.00 -35.47 -31.26 -27.05 -22.85 -18.64 -14.43 -10.23 -6.02 -1.81
