# yearspad, alpred
# [0.3 0.4 0.5 0.6 0.7 0.8 0.9 1.  1.1]
1922.00 -25.97 -21.75 -17.53 -13.31 -9.09 -4.87 -0.65 3.57 7.79
1923.00 -24.75 -20.55 -16.35 -12.14 -7.94 -3.74 0.46 4.65 8.86
1924.00 -24.75 -20.57 -16.39 -12.21 -8.03 -3.85 0.33 4.51 8.69
1925.00 -24.25 -20.12 -15.99 -11.86 -7.73 -3.60 0.53 4.66 8.79
1926.00 -23.82 -19.74 -15.66 -11.58 -7.51 -3.43 0.65 4.72 8.81
1927.00 -23.81 -19.80 -15.79 -11.77 -7.76 -3.74 0.27 4.28 8.30
1928.00 -23.24 -19.29 -15.35 -11.40 -7.46 -3.52 0.42 4.37 8.31
1929.00 -22.40 -18.55 -14.71 -10.86 -7.01 -3.16 0.68 4.53 8.38
1930.00 -21.86 -18.12 -14.39 -10.66 -6.93 -3.20 0.53 4.25 7.99
1931.00 -20.78 -17.20 -13.63 -10.05 -6.47 -2.89 0.68 4.26 7.84
1932.00 -20.36 -16.93 -13.50 -10.07 -6.65 -3.22 0.21 3.63 7.06
1933.00 -19.28 -16.02 -12.76 -9.50 -6.24 -2.98 0.27 3.53 6.79
1934.00 -18.52 -15.45 -12.37 -9.30 -6.22 -3.14 -0.07 3.00 6.08
1935.00 -17.36 -14.52 -11.68 -8.85 -6.01 -3.17 -0.34 2.50 5.34
1936.00 -16.02 -13.44 -10.86 -8.27 -5.69 -3.11 -0.53 2.05 4.64
1937.00 -13.84 -11.53 -9.21 -6.90 -4.58 -2.26 0.05 2.36 4.68
1938.00 -13.09 -11.03 -8.97 -6.91 -4.85 -2.79 -0.73 1.33 3.39
1939.00 -10.84 -9.07 -7.30 -5.53 -3.76 -2.00 -0.23 1.54 3.31
1940.00 -8.58 -7.11 -5.63 -4.16 -2.68 -1.21 0.27 1.74 3.22
1941.00 -6.00 -4.87 -3.75 -2.62 -1.50 -0.37 0.75 1.88 3.01
1942.00 -3.80 -3.01 -2.23 -1.45 -0.66 0.12 0.90 1.69 2.47
1943.00 -1.58 -1.18 -0.77 -0.36 0.05 0.45 0.86 1.27 1.68
1944.00 0.70 0.76 0.81 0.86 0.92 0.97 1.02 1.07 1.13
1945.00 2.50 2.18 1.86 1.54 1.22 0.90 0.58 0.27 -0.05
1946.00 5.53 4.83 4.13 3.43 2.73 2.02 1.32 0.62 -0.08
1947.00 8.76 7.66 6.56 5.46 4.35 3.25 2.14 1.04 -0.06
1948.00 12.27 10.75 9.22 7.69 6.16 4.63 3.10 1.57 0.04
1949.00 14.73 12.78 10.83 8.88 6.93 4.98 3.03 1.08 -0.87
1950.00 17.91 15.53 13.16 10.79 8.42 6.04 3.67 1.30 -1.07
1951.00 20.41 17.64 14.87 12.10 9.33 6.56 3.79 1.02 -1.75
1952.00 22.59 19.36 16.14 12.91 9.68 6.46 3.23 0.00 -3.22
1953.00 25.12 21.42 17.73 14.04 10.34 6.65 2.96 -0.74 -4.43
1954.00 27.86 23.67 19.49 15.30 11.12 6.94 2.75 -1.43 -5.62
1955.00 30.76 26.12 21.49 16.85 12.22 7.59 2.95 -1.68 -6.31
1956.00 34.30 29.21 24.13 19.04 13.95 8.86 3.78 -1.31 -6.40
1957.00 37.28 31.75 26.22 20.69 15.15 9.62 4.09 -1.44 -6.97
1958.00 40.04 34.02 28.01 21.99 15.98 9.96 3.95 -2.07 -8.08
1959.00 43.26 36.73 30.20 23.67 17.14 10.61 4.08 -2.45 -8.98
1960.00 45.88 38.85 31.83 24.81 17.78 10.76 3.73 -3.29 -10.31
1961.00 48.62 41.12 33.62 26.13 18.63 11.13 3.64 -3.86 -11.36
1962.00 52.42 44.43 36.45 28.47 20.49 12.51 4.52 -3.46 -11.44
1963.00 55.91 47.41 38.91 30.41 21.92 13.42 4.92 -3.58 -12.08
1964.00 59.78 50.75 41.73 32.70 23.67 14.64 5.61 -3.41 -12.44
1965.00 63.09 53.55 44.01 34.47 24.93 15.38 5.84 -3.70 -13.24
1966.00 66.45 56.41 46.36 36.31 26.26 16.21 6.16 -3.88 -13.93
1967.00 68.95 58.40 47.86 37.31 26.77 16.22 5.68 -4.87 -15.41
1968.00 71.86 60.78 49.69 38.61 27.52 16.44 5.36 -5.73 -16.81
1969.00 73.22 61.60 49.98 38.37 26.75 15.13 3.52 -8.10 -19.72
1970.00 113.79 113.79 113.80 113.80 113.80 113.80 113.80 113.80 113.81
1971.00 103.05 103.05 103.05 103.05 103.05 103.05 103.04 103.04 103.04
1972.00 110.99 110.99 110.99 111.00 111.00 111.00 111.01 111.01 111.01
1973.00 115.16 115.16 115.16 115.16 115.16 115.15 115.15 115.15 115.15
1974.00 118.63 118.63 118.63 118.63 118.63 118.63 118.63 118.63 118.63
1975.00 123.38 123.38 123.38 123.38 123.38 123.38 123.37 123.37 123.37
1976.00 127.66 127.67 127.67 127.68 127.68 127.69 127.69 127.70 127.70
1977.00 127.88 127.88 127.88 127.88 127.88 127.88 127.88 127.88 127.88
1978.00 127.11 127.11 127.11 127.11 127.11 127.12 127.12 127.12 127.12
1979.00 126.42 126.42 126.41 126.41 126.41 126.40 126.40 126.40 126.39
1980.00 127.17 127.17 127.16 127.16 127.16 127.16 127.16 127.16 127.16
1981.00 131.93 131.93 131.94 131.94 131.94 131.95 131.95 131.95 131.95
1982.00 130.87 130.87 130.88 130.88 130.89 130.89 130.90 130.90 130.91
1983.00 127.58 127.58 127.58 127.58 127.58 127.58 127.59 127.59 127.59
1984.00 121.67 121.67 121.66 121.66 121.65 121.64 121.64 121.63 121.63
1985.00 115.70 115.71 115.71 115.71 115.71 115.71 115.71 115.71 115.71
1986.00 109.44 109.44 109.44 109.44 109.44 109.45 109.45 109.45 109.45
1987.00 105.19 105.19 105.19 105.20 105.20 105.20 105.21 105.21 105.21
1988.00 99.59 99.66 99.74 99.82 99.90 99.98 100.05 100.13 100.21
1989.00 94.94 95.14 95.35 95.55 95.75 95.95 96.15 96.36 96.56
1990.00 90.08 90.38 90.69 90.99 91.30 91.60 91.91 92.21 92.52
1991.00 86.69 87.28 87.87 88.46 89.04 89.63 90.22 90.81 91.40
1992.00 83.89 84.86 85.84 86.81 87.78 88.76 89.73 90.70 91.68
1993.00 80.08 81.41 82.75 84.08 85.41 86.74 88.07 89.40 90.73
1994.00 76.83 78.54 80.24 81.95 83.66 85.37 87.07 88.78 90.49
1995.00 73.83 76.05 78.26 80.48 82.69 84.91 87.12 89.34 91.55
1996.00 69.78 72.29 74.80 77.31 79.83 82.34 84.85 87.36 89.87
1997.00 66.01 68.95 71.89 74.83 77.77 80.71 83.65 86.59 89.53
1998.00 62.80 66.05 69.30 72.55 75.81 79.06 82.31 85.56 88.81
1999.00 59.14 62.56 65.98 69.39 72.81 76.23 79.65 83.06 86.48
2000.00 54.59 57.99 61.39 64.79 68.18 71.58 74.98 78.38 81.78
2001.00 51.34 54.93 58.52 62.11 65.70 69.29 72.88 76.47 80.06
2002.00 47.51 51.37 55.23 59.10 62.96 66.83 70.69 74.55 78.42
2003.00 44.47 48.65 52.83 57.01 61.19 65.37 69.55 73.73 77.91
2004.00 38.81 42.93 47.04 51.16 55.28 59.40 63.51 67.63 71.74
2005.00 35.93 40.36 44.80 49.23 53.67 58.10 62.54 66.97 71.40
2006.00 32.60 37.31 42.02 46.73 51.44 56.15 60.86 65.57 70.28
2007.00 29.85 34.76 39.66 44.58 49.49 54.40 59.31 64.22 69.12
2008.00 26.23 31.10 35.96 40.83 45.69 50.56 55.42 60.29 65.15
2009.00 23.77 28.72 33.67 38.62 43.57 48.52 53.47 58.42 63.36
2010.00 19.29 24.13 28.96 33.80 38.63 43.47 48.31 53.14 57.97
2011.00 16.27 21.34 26.40 31.47 36.53 41.60 46.66 51.73 56.79
2012.00 13.05 18.33 23.62 28.91 34.20 39.48 44.77 50.06 55.34
2013.00 10.38 15.82 21.26 26.69 32.13 37.57 43.01 48.45 53.88
2014.00 8.00 13.55 19.11 24.66 30.22 35.77 41.33 46.88 52.44
2015.00 5.57 11.42 17.28 23.14 28.99 34.85 40.71 46.56 52.42
2016.00 3.40 9.49 15.58 21.66 27.75 33.84 39.92 46.01 52.09
2017.00 1.30 7.56 13.82 20.08 26.34 32.61 38.87 45.13 51.39
2018.00 -14.12 -11.94 -9.77 -7.60 -5.43 -3.25 -1.08 1.09 3.26
2019.00 -15.22 -12.79 -10.36 -7.93 -5.50 -3.07 -0.64 1.79 4.21
2020.00 -16.93 -14.26 -11.60 -8.93 -6.26 -3.60 -0.93 1.74 4.40
2021.00 -18.86 -15.98 -13.10 -10.22 -7.34 -4.45 -1.57 1.31 4.19
2022.00 -20.40 -17.32 -14.23 -11.15 -8.06 -4.98 -1.89 1.19 4.27
2023.00 -21.80 -18.52 -15.24 -11.97 -8.69 -5.41 -2.13 1.14 4.42
2024.00 -23.11 -19.66 -16.21 -12.77 -9.32 -5.87 -2.43 1.02 4.46
2025.00 -24.01 -20.44 -16.86 -13.29 -9.71 -6.14 -2.56 1.01 4.58
2026.00 -24.83 -21.15 -17.46 -13.77 -10.09 -6.40 -2.71 0.97 4.66
2027.00 -25.29 -21.50 -17.71 -13.92 -10.12 -6.33 -2.54 1.25 5.04
2028.00 -26.10 -22.20 -18.30 -14.39 -10.49 -6.59 -2.69 1.21 5.11
2029.00 -26.74 -22.76 -18.78 -14.80 -10.82 -6.83 -2.85 1.12 5.10
2030.00 -27.11 -23.07 -19.03 -14.98 -10.94 -6.90 -2.85 1.18 5.22
2031.00 -27.17 -23.09 -19.01 -14.94 -10.86 -6.78 -2.70 1.37 5.44
2032.00 -27.29 -23.18 -19.07 -14.96 -10.86 -6.74 -2.64 1.47 5.58
2033.00 -26.91 -22.76 -18.61 -14.45 -10.30 -6.14 -1.99 2.16 6.31
2034.00 -26.86 -22.66 -18.47 -14.27 -10.08 -5.88 -1.68 2.51 6.71
2035.00 -26.69 -22.47 -18.26 -14.04 -9.82 -5.61 -1.39 2.82 7.04
2036.00 -26.85 -22.62 -18.39 -14.15 -9.92 -5.69 -1.45 2.77 7.00
2037.00 -26.81 -22.57 -18.34 -14.10 -9.86 -5.62 -1.38 2.86 7.10
2038.00 -26.87 -22.61 -18.35 -14.09 -9.84 -5.58 -1.32 2.94 7.19
2039.00 -26.88 -22.61 -18.35 -14.08 -9.82 -5.55 -1.29 2.97 7.24
2040.00 -27.06 -22.79 -18.51 -14.23 -9.96 -5.68 -1.41 2.87 7.14
2041.00 -26.79 -22.51 -18.23 -13.96 -9.68 -5.40 -1.12 3.15 7.42
2042.00 -26.74 -22.46 -18.17 -13.89 -9.60 -5.32 -1.03 3.25 7.53
2043.00 -26.84 -22.55 -18.26 -13.97 -9.68 -5.38 -1.09 3.20 7.49
2044.00 -26.82 -22.52 -18.21 -13.91 -9.60 -5.29 -0.99 3.31 7.62
2045.00 -26.70 -22.39 -18.09 -13.78 -9.47 -5.16 -0.85 3.45 7.76
2046.00 -26.92 -22.61 -18.30 -13.99 -9.68 -5.36 -1.05 3.26 7.57
2047.00 -26.89 -22.58 -18.27 -13.96 -9.65 -5.34 -1.03 3.28 7.59
2048.00 -26.99 -22.68 -18.36 -14.05 -9.74 -5.42 -1.11 3.20 7.51
2049.00 -27.02 -22.71 -18.40 -14.08 -9.77 -5.45 -1.14 3.17 7.49
2050.00 -27.30 -22.99 -18.67 -14.35 -10.04 -5.72 -1.40 2.91 7.23
2051.00 -27.24 -22.92 -18.61 -14.30 -9.99 -5.68 -1.37 2.94 7.25
2052.00 -27.39 -23.08 -18.77 -14.46 -10.15 -5.83 -1.52 2.78 7.10
2053.00 -27.19 -22.89 -18.59 -14.29 -9.99 -5.69 -1.39 2.91 7.21
2054.00 -27.37 -23.08 -18.78 -14.48 -10.18 -5.88 -1.59 2.71 7.01
2055.00 -27.36 -23.07 -18.78 -14.49 -10.20 -5.91 -1.62 2.67 6.96
2056.00 -27.21 -22.92 -18.63 -14.34 -10.05 -5.76 -1.47 2.82 7.11
2057.00 -27.01 -22.73 -18.45 -14.16 -9.88 -5.60 -1.32 2.95 7.24
2058.00 -27.14 -22.86 -18.58 -14.30 -10.02 -5.74 -1.46 2.82 7.10
2059.00 -26.73 -22.47 -18.20 -13.93 -9.66 -5.39 -1.13 3.14 7.41
2060.00 -26.76 -22.50 -18.23 -13.96 -9.70 -5.43 -1.17 3.09 7.36
2061.00 -26.82 -22.56 -18.30 -14.04 -9.78 -5.52 -1.27 2.99 7.25
2062.00 -26.73 -22.47 -18.21 -13.95 -9.69 -5.43 -1.17 3.09 7.35
2063.00 -26.59 -22.34 -18.08 -13.83 -9.58 -5.33 -1.07 3.18 7.43
2064.00 -26.47 -22.23 -17.98 -13.74 -9.50 -5.25 -1.01 3.23 7.48
2065.00 -26.28 -22.05 -17.82 -13.59 -9.36 -5.13 -0.90 3.33 7.56
