# yearspad, alpred
# [0.3 0.4 0.5 0.6 0.7 0.8 0.9 1.  1.1]
1922.00 -45.12 -41.05 -36.98 -32.90 -28.83 -24.76 -20.69 -16.62 -12.55
1923.00 -45.46 -41.41 -37.36 -33.31 -29.26 -25.21 -21.16 -17.11 -13.06
1924.00 -46.67 -42.64 -38.61 -34.58 -30.55 -26.52 -22.49 -18.46 -14.43
1925.00 -47.78 -43.80 -39.82 -35.84 -31.86 -27.89 -23.91 -19.93 -15.95
1926.00 -48.59 -44.67 -40.74 -36.81 -32.88 -28.96 -25.03 -21.10 -17.18
1927.00 -49.57 -45.71 -41.84 -37.98 -34.11 -30.25 -26.38 -22.52 -18.65
1928.00 -49.61 -45.82 -42.02 -38.22 -34.42 -30.62 -26.83 -23.03 -19.23
1929.00 -49.29 -45.59 -41.88 -38.17 -34.46 -30.75 -27.05 -23.34 -19.63
1930.00 -48.97 -45.37 -41.77 -38.17 -34.57 -30.97 -27.37 -23.77 -20.18
1931.00 -47.88 -44.42 -40.96 -37.51 -34.05 -30.60 -27.14 -23.69 -20.23
1932.00 -47.06 -43.75 -40.43 -37.11 -33.79 -30.47 -27.16 -23.84 -20.52
1933.00 -45.94 -42.79 -39.63 -36.47 -33.31 -30.15 -26.99 -23.83 -20.68
1934.00 -45.00 -42.01 -39.02 -36.02 -33.03 -30.05 -27.05 -24.06 -21.08
1935.00 -43.30 -40.53 -37.75 -34.98 -32.20 -29.43 -26.66 -23.89 -21.12
1936.00 -40.37 -37.83 -35.29 -32.75 -30.21 -27.67 -25.12 -22.58 -20.04
1937.00 -37.83 -35.53 -33.24 -30.94 -28.65 -26.36 -24.06 -21.77 -19.47
1938.00 -35.00 -32.93 -30.86 -28.80 -26.73 -24.67 -22.60 -20.53 -18.47
1939.00 -31.58 -29.77 -27.96 -26.16 -24.35 -22.55 -20.74 -18.93 -17.13
1940.00 -27.65 -26.11 -24.57 -23.04 -21.50 -19.96 -18.43 -16.89 -15.36
1941.00 -23.43 -22.22 -21.00 -19.79 -18.57 -17.35 -16.14 -14.92 -13.71
1942.00 -20.14 -19.25 -18.34 -17.45 -16.55 -15.65 -14.75 -13.85 -12.95
1943.00 -16.87 -16.31 -15.76 -15.21 -14.66 -14.11 -13.56 -13.00 -12.46
1944.00 -13.31 -13.09 -12.86 -12.64 -12.42 -12.20 -11.98 -11.76 -11.55
1945.00 -9.66 -9.78 -9.90 -10.02 -10.14 -10.26 -10.39 -10.51 -10.63
1946.00 -5.43 -5.90 -6.38 -6.86 -7.34 -7.81 -8.29 -8.77 -9.25
1947.00 -0.45 -1.30 -2.14 -3.00 -3.85 -4.70 -5.55 -6.40 -7.25
1948.00 3.30 2.04 0.78 -0.47 -1.73 -2.99 -4.25 -5.51 -6.77
1949.00 7.76 6.10 4.45 2.79 1.13 -0.53 -2.19 -3.84 -5.50
1950.00 11.30 9.24 7.18 5.11 3.05 0.98 -1.08 -3.15 -5.21
1951.00 14.29 11.84 9.39 6.94 4.49 2.04 -0.42 -2.87 -5.32
1952.00 17.81 14.91 12.01 9.12 6.22 3.32 0.43 -2.47 -5.37
1953.00 22.28 18.93 15.57 12.22 8.86 5.50 2.14 -1.21 -4.57
1954.00 27.77 23.93 20.10 16.26 12.42 8.59 4.75 0.91 -2.92
1955.00 32.76 28.49 24.21 19.94 15.67 11.39 7.12 2.85 -1.43
1956.00 38.71 33.99 29.27 24.56 19.83 15.12 10.40 5.68 0.96
1957.00 44.35 39.19 34.02 28.86 23.69 18.53 13.36 8.20 3.03
1958.00 49.36 43.71 38.05 32.41 26.76 21.11 15.46 9.81 4.16
1959.00 55.18 49.01 42.84 36.67 30.50 24.33 18.16 11.99 5.82
1960.00 60.81 54.14 47.47 40.80 34.13 27.46 20.79 14.12 7.44
1961.00 65.51 58.35 51.20 44.05 36.89 29.74 22.58 15.43 8.28
1962.00 70.68 63.03 55.37 47.72 40.06 32.41 24.76 17.11 9.45
1963.00 77.04 68.86 60.67 52.49 44.30 36.12 27.93 19.75 11.56
1964.00 82.93 74.19 65.45 56.71 47.97 39.23 30.49 21.76 13.02
1965.00 88.05 78.77 69.48 60.20 50.92 41.64 32.36 23.08 13.79
1966.00 93.53 83.70 73.88 64.06 54.23 44.41 34.58 24.76 14.94
1967.00 98.88 88.53 78.17 67.82 57.47 47.12 36.77 26.41 16.06
1968.00 104.35 93.43 82.50 71.58 60.65 49.73 38.80 27.88 16.95
1969.00 111.47 99.98 88.50 77.01 65.52 54.04 42.55 31.06 19.57
1970.00 155.78 155.78 155.79 155.79 155.79 155.80 155.80 155.80 155.80
1971.00 163.62 163.62 163.62 163.62 163.61 163.61 163.61 163.61 163.61
1972.00 179.52 179.52 179.52 179.53 179.53 179.54 179.54 179.54 179.55
1973.00 201.72 201.72 201.72 201.71 201.71 201.71 201.71 201.71 201.71
1974.00 212.39 212.39 212.39 212.39 212.39 212.39 212.39 212.39 212.40
1975.00 222.98 222.98 222.98 222.97 222.97 222.97 222.97 222.97 222.96
1976.00 230.81 230.81 230.82 230.82 230.82 230.83 230.83 230.84 230.84
1977.00 229.34 229.34 229.34 229.34 229.35 229.35 229.35 229.35 229.35
1978.00 224.65 224.65 224.65 224.65 224.65 224.65 224.66 224.66 224.66
1979.00 215.04 215.03 215.03 215.03 215.02 215.02 215.02 215.01 215.01
1980.00 215.25 215.25 215.25 215.25 215.25 215.25 215.25 215.25 215.25
1981.00 209.78 209.78 209.79 209.79 209.79 209.80 209.80 209.80 209.81
1982.00 210.44 210.44 210.45 210.45 210.46 210.46 210.47 210.47 210.48
1983.00 200.99 200.99 200.99 200.99 200.99 200.99 200.99 200.99 200.99
1984.00 183.44 183.43 183.43 183.42 183.42 183.41 183.41 183.40 183.39
1985.00 182.39 182.39 182.39 182.39 182.39 182.39 182.39 182.39 182.39
1986.00 179.71 179.71 179.71 179.71 179.71 179.71 179.71 179.71 179.71
1987.00 171.22 171.22 171.22 171.23 171.23 171.23 171.24 171.24 171.24
1988.00 164.00 164.11 164.22 164.34 164.45 164.56 164.68 164.79 164.90
1989.00 156.74 157.01 157.28 157.55 157.82 158.09 158.36 158.63 158.90
1990.00 149.38 149.77 150.15 150.54 150.92 151.31 151.69 152.08 152.46
1991.00 143.36 144.07 144.78 145.49 146.20 146.91 147.62 148.34 149.05
1992.00 137.67 138.79 139.91 141.03 142.16 143.28 144.40 145.52 146.65
1993.00 130.80 132.31 133.81 135.32 136.83 138.33 139.84 141.35 142.85
1994.00 123.04 124.94 126.84 128.74 130.64 132.54 134.44 136.34 138.24
1995.00 116.14 118.55 120.96 123.37 125.78 128.19 130.60 133.01 135.42
1996.00 108.91 111.61 114.31 117.01 119.71 122.41 125.11 127.81 130.51
1997.00 102.00 105.12 108.23 111.34 114.46 117.57 120.69 123.81 126.92
1998.00 96.41 99.87 103.33 106.79 110.25 113.71 117.16 120.62 124.08
1999.00 91.09 94.72 98.36 101.99 105.62 109.26 112.89 116.53 120.16
2000.00 83.83 87.46 91.09 94.71 98.33 101.96 105.59 109.21 112.84
2001.00 77.87 81.68 85.50 89.30 93.12 96.93 100.75 104.56 108.37
2002.00 72.79 76.89 80.99 85.08 89.18 93.28 97.38 101.48 105.58
2003.00 66.64 70.93 75.23 79.52 83.82 88.12 92.41 96.71 101.01
2004.00 60.26 64.48 68.69 72.90 77.12 81.34 85.55 89.77 93.98
2005.00 54.83 59.32 63.83 68.32 72.83 77.33 81.83 86.34 90.84
2006.00 49.98 54.81 59.65 64.48 69.31 74.15 78.98 83.82 88.65
2007.00 44.96 49.98 55.01 60.03 65.05 70.08 75.10 80.13 85.15
2008.00 40.07 45.02 49.98 54.94 59.89 64.85 69.81 74.77 79.73
2009.00 35.18 40.22 45.27 50.31 55.35 60.39 65.43 70.48 75.52
2010.00 27.98 32.90 37.82 42.74 47.67 52.59 57.52 62.44 67.37
2011.00 22.43 27.56 32.69 37.82 42.96 48.09 53.22 58.36 63.49
2012.00 16.74 22.07 27.41 32.75 38.09 43.43 48.77 54.11 59.45
2013.00 11.73 17.19 22.66 28.13 33.59 39.06 44.53 50.00 55.47
2014.00 6.87 12.42 17.99 23.55 29.10 34.67 40.23 45.79 51.35
2015.00 2.53 8.37 14.22 20.07 25.91 31.76 37.60 43.45 49.30
2016.00 -2.55 3.49 9.54 15.58 21.62 27.66 33.70 39.74 45.78
2017.00 -7.15 -0.96 5.23 11.41 17.60 23.79 29.97 36.16 42.35
2018.00 -23.47 -21.29 -19.11 -16.94 -14.76 -12.59 -10.41 -8.23 -6.05
2019.00 -26.75 -24.34 -21.93 -19.52 -17.11 -14.70 -12.29 -9.88 -7.47
2020.00 -30.78 -28.16 -25.53 -22.91 -20.29 -17.66 -15.04 -12.41 -9.79
2021.00 -34.28 -31.47 -28.65 -25.83 -23.01 -20.19 -17.37 -14.55 -11.73
2022.00 -37.00 -34.00 -30.99 -27.99 -24.98 -21.98 -18.97 -15.97 -12.96
2023.00 -39.72 -36.54 -33.36 -30.18 -27.00 -23.82 -20.64 -17.45 -14.27
2024.00 -41.47 -38.14 -34.80 -31.46 -28.12 -24.79 -21.45 -18.11 -14.77
2025.00 -42.53 -39.07 -35.61 -32.15 -28.70 -25.24 -21.78 -18.32 -14.86
2026.00 -42.99 -39.43 -35.86 -32.30 -28.73 -25.17 -21.61 -18.04 -14.48
2027.00 -43.01 -39.35 -35.68 -32.02 -28.35 -24.69 -21.02 -17.36 -13.69
2028.00 -44.07 -40.30 -36.52 -32.75 -28.98 -25.21 -21.44 -17.67 -13.89
2029.00 -44.27 -40.42 -36.58 -32.73 -28.88 -25.04 -21.19 -17.34 -13.50
2030.00 -44.33 -40.42 -36.52 -32.62 -28.72 -24.81 -20.91 -17.01 -13.10
2031.00 -44.62 -40.68 -36.75 -32.81 -28.88 -24.94 -21.01 -17.08 -13.14
2032.00 -44.32 -40.35 -36.38 -32.41 -28.44 -24.47 -20.50 -16.54 -12.56
2033.00 -44.59 -40.58 -36.58 -32.57 -28.56 -24.55 -20.54 -16.53 -12.52
2034.00 -45.10 -41.05 -37.00 -32.95 -28.90 -24.85 -20.80 -16.75 -12.70
2035.00 -45.10 -41.03 -36.96 -32.90 -28.83 -24.76 -20.70 -16.63 -12.56
2036.00 -45.10 -41.02 -36.94 -32.86 -28.77 -24.69 -20.61 -16.53 -12.45
2037.00 -44.99 -40.90 -36.81 -32.73 -28.64 -24.55 -20.46 -16.38 -12.29
2038.00 -45.10 -40.99 -36.89 -32.78 -28.67 -24.57 -20.46 -16.36 -12.25
2039.00 -45.02 -40.91 -36.80 -32.68 -28.57 -24.46 -20.35 -16.24 -12.12
2040.00 -44.88 -40.76 -36.63 -32.51 -28.39 -24.26 -20.14 -16.02 -11.89
2041.00 -44.95 -40.83 -36.71 -32.58 -28.46 -24.34 -20.21 -16.09 -11.97
2042.00 -45.10 -40.97 -36.84 -32.71 -28.58 -24.45 -20.32 -16.19 -12.05
2043.00 -45.43 -41.30 -37.16 -33.02 -28.88 -24.74 -20.60 -16.47 -12.32
2044.00 -46.18 -42.03 -37.89 -33.73 -29.58 -25.43 -21.28 -17.13 -12.98
2045.00 -46.54 -42.38 -38.23 -34.08 -29.93 -25.78 -21.62 -17.47 -13.32
2046.00 -46.99 -42.83 -38.68 -34.52 -30.37 -26.21 -22.06 -17.90 -13.75
2047.00 -47.33 -43.18 -39.03 -34.87 -30.72 -26.57 -22.42 -18.27 -14.12
2048.00 -47.46 -43.31 -39.15 -35.00 -30.84 -26.69 -22.54 -18.38 -14.23
2049.00 -47.50 -43.34 -39.19 -35.03 -30.88 -26.72 -22.57 -18.41 -14.26
2050.00 -47.40 -43.24 -39.09 -34.93 -30.77 -26.61 -22.45 -18.30 -14.14
2051.00 -47.02 -42.87 -38.72 -34.56 -30.41 -26.26 -22.10 -17.95 -13.80
2052.00 -46.69 -42.53 -38.38 -34.22 -30.07 -25.92 -21.76 -17.61 -13.45
2053.00 -46.46 -42.31 -38.17 -34.03 -29.88 -25.74 -21.60 -17.46 -13.31
2054.00 -46.18 -42.04 -37.90 -33.75 -29.61 -25.47 -21.33 -17.19 -13.05
2055.00 -46.10 -41.96 -37.83 -33.69 -29.56 -25.42 -21.29 -17.16 -13.02
2056.00 -46.10 -41.96 -37.83 -33.69 -29.56 -25.42 -21.29 -17.15 -13.02
2057.00 -45.83 -41.71 -37.58 -33.46 -29.33 -25.21 -21.08 -16.96 -12.83
2058.00 -45.84 -41.72 -37.59 -33.47 -29.34 -25.22 -21.09 -16.97 -12.84
2059.00 -45.73 -41.62 -37.51 -33.39 -29.28 -25.17 -21.06 -16.95 -12.83
2060.00 -45.60 -41.48 -37.37 -33.26 -29.15 -25.04 -20.93 -16.82 -12.71
2061.00 -45.44 -41.34 -37.23 -33.13 -29.02 -24.92 -20.81 -16.71 -12.61
2062.00 -45.32 -41.21 -37.10 -32.99 -28.89 -24.78 -20.68 -16.57 -12.47
2063.00 -45.09 -40.99 -36.89 -32.79 -28.69 -24.59 -20.49 -16.39 -12.29
2064.00 -44.99 -40.90 -36.80 -32.71 -28.61 -24.52 -20.43 -16.33 -12.24
2065.00 -44.96 -40.88 -36.80 -32.72 -28.64 -24.56 -20.48 -16.40 -12.32
