# yearspad, alpred
# [0.3 0.4 0.5 0.6 0.7 0.8 0.9 1.  1.1]
1922.00 -29.00 -24.78 -20.56 -16.34 -12.12 -7.90 -3.68 0.54 4.75
1923.00 -28.81 -24.61 -20.42 -16.22 -12.02 -7.83 -3.63 0.57 4.77
1924.00 -28.87 -24.70 -20.52 -16.34 -12.17 -7.99 -3.81 0.37 4.54
1925.00 -28.46 -24.34 -20.21 -16.09 -11.97 -7.84 -3.71 0.41 4.54
1926.00 -28.38 -24.31 -20.24 -16.17 -12.09 -8.02 -3.94 0.13 4.20
1927.00 -28.05 -24.04 -20.03 -16.03 -12.02 -8.01 -4.00 0.01 4.01
1928.00 -28.03 -24.09 -20.16 -16.22 -12.29 -8.35 -4.41 -0.47 3.46
1929.00 -27.69 -23.85 -20.02 -16.18 -12.35 -8.51 -4.67 -0.83 3.00
1930.00 -27.47 -23.75 -20.03 -16.31 -12.59 -8.87 -5.15 -1.43 2.28
1931.00 -26.59 -23.02 -19.46 -15.90 -12.34 -8.77 -5.21 -1.64 1.92
1932.00 -26.17 -22.76 -19.35 -15.93 -12.52 -9.11 -5.69 -2.28 1.13
1933.00 -25.31 -22.07 -18.83 -15.58 -12.34 -9.10 -5.85 -2.61 0.63
1934.00 -24.49 -21.43 -18.37 -15.31 -12.25 -9.19 -6.13 -3.07 -0.01
1935.00 -22.76 -19.94 -17.12 -14.29 -11.48 -8.65 -5.83 -3.01 -0.19
1936.00 -21.32 -18.75 -16.19 -13.62 -11.06 -8.49 -5.93 -3.36 -0.80
1937.00 -19.40 -17.10 -14.80 -12.50 -10.21 -7.91 -5.61 -3.31 -1.02
1938.00 -17.81 -15.77 -13.73 -11.68 -9.65 -7.60 -5.56 -3.52 -1.48
1939.00 -15.75 -14.00 -12.25 -10.50 -8.75 -7.00 -5.25 -3.50 -1.75
1940.00 -13.92 -12.46 -11.01 -9.55 -8.10 -6.64 -5.19 -3.73 -2.28
1941.00 -11.38 -10.28 -9.17 -8.07 -6.96 -5.85 -4.75 -3.64 -2.54
1942.00 -9.16 -8.40 -7.64 -6.88 -6.12 -5.35 -4.59 -3.82 -3.06
1943.00 -6.24 -5.85 -5.46 -5.08 -4.69 -4.30 -3.91 -3.52 -3.14
1944.00 -3.91 -3.88 -3.85 -3.82 -3.79 -3.75 -3.72 -3.69 -3.66
1945.00 -0.91 -1.24 -1.58 -1.92 -2.26 -2.59 -2.93 -3.26 -3.60
1946.00 1.49 0.76 0.04 -0.68 -1.40 -2.12 -2.85 -3.56 -4.29
1947.00 4.53 3.41 2.29 1.16 0.04 -1.08 -2.21 -3.33 -4.45
1948.00 7.31 5.75 4.20 2.65 1.09 -0.46 -2.01 -3.56 -5.11
1949.00 10.56 8.59 6.62 4.65 2.67 0.70 -1.27 -3.24 -5.21
1950.00 13.02 10.62 8.23 5.83 3.43 1.04 -1.36 -3.75 -6.15
1951.00 15.82 13.02 10.23 7.44 4.65 1.85 -0.94 -3.73 -6.52
1952.00 18.74 15.49 12.25 9.00 5.75 2.51 -0.74 -3.98 -7.23
1953.00 22.04 18.33 14.62 10.91 7.20 3.49 -0.22 -3.93 -7.64
1954.00 25.26 21.06 16.86 12.66 8.45 4.25 0.05 -4.15 -8.35
1955.00 28.27 23.62 18.97 14.32 9.67 5.02 0.37 -4.28 -8.93
1956.00 31.22 26.11 21.01 15.90 10.80 5.69 0.59 -4.52 -9.62
1957.00 33.85 28.30 22.75 17.21 11.66 6.11 0.56 -4.99 -10.53
1958.00 37.25 31.22 25.18 19.15 13.12 7.09 1.06 -4.97 -11.01
1959.00 40.87 34.32 27.78 21.24 14.69 8.15 1.61 -4.93 -11.47
1960.00 44.30 37.26 30.22 23.19 16.15 9.11 2.07 -4.96 -12.00
1961.00 47.42 39.92 32.41 24.90 17.39 9.89 2.38 -5.12 -12.63
1962.00 51.04 43.04 35.05 27.05 19.06 11.06 3.07 -4.92 -12.92
1963.00 54.61 46.10 37.59 29.08 20.57 12.07 3.56 -4.95 -13.46
1964.00 58.33 49.29 40.25 31.21 22.18 13.14 4.10 -4.94 -13.98
1965.00 61.79 52.24 42.69 33.14 23.59 14.04 4.49 -5.05 -14.60
1966.00 65.15 55.09 45.04 34.98 24.92 14.87 4.81 -5.25 -15.30
1967.00 68.28 57.73 47.18 36.62 26.07 15.52 4.97 -5.58 -16.13
1968.00 72.02 60.93 49.85 38.76 27.67 16.58 5.50 -5.59 -16.68
1969.00 75.56 63.94 52.33 40.71 29.10 17.48 5.86 -5.75 -17.37
1970.00 115.90 115.90 115.90 115.90 115.91 115.91 115.91 115.91 115.92
1971.00 119.81 119.81 119.81 119.81 119.80 119.80 119.80 119.80 119.80
1972.00 125.26 125.26 125.27 125.27 125.27 125.28 125.28 125.28 125.29
1973.00 126.71 126.71 126.71 126.70 126.70 126.70 126.70 126.70 126.70
1974.00 129.92 129.93 129.93 129.93 129.93 129.93 129.93 129.93 129.93
1975.00 133.62 133.62 133.62 133.61 133.61 133.61 133.61 133.61 133.61
1976.00 139.55 139.55 139.56 139.56 139.57 139.57 139.58 139.58 139.59
1977.00 140.01 140.02 140.02 140.02 140.02 140.02 140.02 140.02 140.02
1978.00 142.65 142.65 142.65 142.65 142.66 142.66 142.66 142.66 142.66
1979.00 140.17 140.17 140.17 140.16 140.16 140.16 140.15 140.15 140.14
1980.00 143.77 143.77 143.77 143.77 143.77 143.77 143.77 143.77 143.77
1981.00 143.98 143.99 143.99 143.99 144.00 144.00 144.00 144.01 144.01
1982.00 143.78 143.79 143.79 143.80 143.80 143.81 143.81 143.81 143.82
1983.00 133.78 133.78 133.78 133.78 133.78 133.78 133.78 133.78 133.78
1984.00 128.91 128.91 128.90 128.89 128.89 128.88 128.87 128.87 128.86
1985.00 124.99 125.00 125.00 125.00 125.00 125.00 125.00 125.00 125.00
1986.00 121.19 121.19 121.19 121.19 121.19 121.19 121.19 121.19 121.20
1987.00 116.50 116.50 116.51 116.51 116.51 116.51 116.52 116.52 116.52
1988.00 111.86 111.94 112.03 112.11 112.19 112.27 112.36 112.44 112.52
1989.00 106.78 106.99 107.20 107.41 107.62 107.83 108.04 108.25 108.46
1990.00 101.82 102.13 102.43 102.74 103.05 103.36 103.67 103.98 104.29
1991.00 97.53 98.11 98.68 99.26 99.84 100.41 100.99 101.56 102.14
1992.00 93.94 94.89 95.84 96.79 97.74 98.69 99.64 100.59 101.54
1993.00 89.91 91.23 92.54 93.85 95.16 96.48 97.79 99.10 100.41
1994.00 86.10 87.78 89.47 91.16 92.84 94.53 96.21 97.90 99.59
1995.00 82.48 84.67 86.86 89.06 91.25 93.45 95.64 97.83 100.02
1996.00 78.39 80.87 83.36 85.84 88.33 90.81 93.30 95.78 98.27
1997.00 75.02 77.93 80.85 83.77 86.68 89.60 92.51 95.43 98.35
1998.00 71.72 74.95 78.17 81.40 84.63 87.86 91.09 94.32 97.55
1999.00 67.21 70.59 73.98 77.37 80.76 84.14 87.53 90.91 94.30
2000.00 61.99 65.34 68.70 72.05 75.41 78.76 82.12 85.47 88.83
2001.00 57.68 61.27 64.85 68.43 72.01 75.59 79.17 82.75 86.33
2002.00 53.87 57.69 61.52 65.35 69.17 73.00 76.83 80.65 84.48
2003.00 50.57 54.71 58.84 62.98 67.12 71.26 75.39 79.53 83.66
2004.00 46.10 50.16 54.22 58.28 62.35 66.41 70.47 74.53 78.59
2005.00 42.40 46.77 51.13 55.50 59.86 64.23 68.59 72.95 77.32
2006.00 38.83 43.49 48.16 52.83 57.49 62.16 66.83 71.49 76.16
2007.00 35.50 40.34 45.18 50.02 54.87 59.71 64.55 69.39 74.23
2008.00 31.37 36.16 40.95 45.74 50.53 55.32 60.11 64.90 69.69
2009.00 27.66 32.54 37.42 42.30 47.18 52.06 56.94 61.81 66.69
2010.00 22.80 27.57 32.34 37.11 41.89 46.66 51.43 56.20 60.97
2011.00 19.58 24.56 29.55 34.53 39.52 44.50 49.49 54.47 59.46
2012.00 16.00 21.23 26.45 31.68 36.90 42.12 47.35 52.57 57.79
2013.00 13.28 18.65 24.01 29.38 34.75 40.12 45.48 50.85 56.21
2014.00 9.99 15.49 20.99 26.49 31.98 37.48 42.97 48.47 53.96
2015.00 7.55 13.34 19.12 24.90 30.68 36.46 42.24 48.01 53.79
2016.00 4.22 10.26 16.30 22.34 28.38 34.42 40.46 46.50 52.54
2017.00 1.55 7.76 13.96 20.17 26.38 32.59 38.79 45.00 51.20
2018.00 -14.06 -11.89 -9.73 -7.56 -5.39 -3.23 -1.06 1.10 3.26
2019.00 -15.98 -13.56 -11.14 -8.72 -6.30 -3.88 -1.46 0.96 3.37
2020.00 -18.17 -15.51 -12.85 -10.19 -7.54 -4.88 -2.22 0.43 3.09
2021.00 -19.63 -16.75 -13.88 -11.00 -8.13 -5.26 -2.38 0.49 3.36
2022.00 -21.45 -18.37 -15.30 -12.22 -9.14 -6.06 -2.98 0.09 3.17
2023.00 -22.93 -19.66 -16.39 -13.12 -9.84 -6.57 -3.30 -0.04 3.23
2024.00 -24.51 -21.06 -17.62 -14.18 -10.74 -7.30 -3.86 -0.42 3.02
2025.00 -25.36 -21.79 -18.22 -14.65 -11.08 -7.51 -3.94 -0.37 3.20
2026.00 -26.43 -22.75 -19.07 -15.38 -11.70 -8.02 -4.34 -0.66 3.02
2027.00 -27.17 -23.38 -19.59 -15.81 -12.02 -8.23 -4.45 -0.67 3.12
2028.00 -28.14 -24.24 -20.34 -16.44 -12.54 -8.64 -4.75 -0.85 3.04
2029.00 -28.48 -24.50 -20.52 -16.54 -12.56 -8.59 -4.61 -0.63 3.34
2030.00 -28.97 -24.93 -20.89 -16.85 -12.81 -8.76 -4.72 -0.69 3.35
2031.00 -28.67 -24.59 -20.52 -16.44 -12.36 -8.29 -4.21 -0.14 3.93
2032.00 -28.81 -24.70 -20.59 -16.48 -12.37 -8.26 -4.15 -0.05 4.06
2033.00 -28.81 -24.65 -20.50 -16.34 -12.19 -8.04 -3.88 0.27 4.42
2034.00 -29.01 -24.81 -20.62 -16.42 -12.23 -8.03 -3.83 0.36 4.55
2035.00 -28.83 -24.61 -20.39 -16.17 -11.96 -7.74 -3.52 0.69 4.90
2036.00 -28.96 -24.72 -20.49 -16.26 -12.02 -7.79 -3.56 0.67 4.90
2037.00 -28.89 -24.64 -20.40 -16.16 -11.92 -7.68 -3.44 0.80 5.03
2038.00 -29.13 -24.87 -20.61 -16.35 -12.09 -7.82 -3.56 0.69 4.95
2039.00 -29.03 -24.76 -20.49 -16.23 -11.96 -7.69 -3.43 0.84 5.10
2040.00 -29.28 -25.00 -20.72 -16.44 -12.17 -7.89 -3.61 0.67 4.94
2041.00 -29.12 -24.84 -20.56 -16.28 -12.00 -7.72 -3.44 0.83 5.10
2042.00 -29.28 -24.99 -20.71 -16.42 -12.13 -7.85 -3.56 0.72 5.00
2043.00 -29.21 -24.91 -20.62 -16.33 -12.03 -7.74 -3.44 0.85 5.14
2044.00 -29.44 -25.13 -20.82 -16.51 -12.21 -7.90 -3.59 0.71 5.02
2045.00 -29.30 -24.99 -20.68 -16.37 -12.06 -7.75 -3.44 0.87 5.18
2046.00 -29.49 -25.17 -20.86 -16.55 -12.23 -7.92 -3.60 0.71 5.02
2047.00 -29.36 -25.05 -20.74 -16.43 -12.12 -7.80 -3.49 0.82 5.12
2048.00 -29.61 -25.30 -20.98 -16.67 -12.35 -8.04 -3.72 0.59 4.90
2049.00 -29.58 -25.26 -20.95 -16.63 -12.32 -8.00 -3.68 0.63 4.94
2050.00 -29.80 -25.48 -21.16 -16.84 -12.52 -8.20 -3.88 0.44 4.75
2051.00 -29.74 -25.43 -21.12 -16.80 -12.49 -8.18 -3.86 0.45 4.76
2052.00 -29.94 -25.62 -21.31 -17.00 -12.68 -8.37 -4.06 0.26 4.57
2053.00 -29.74 -25.43 -21.13 -16.83 -12.53 -8.22 -3.92 0.38 4.68
2054.00 -29.80 -25.50 -21.20 -16.90 -12.60 -8.30 -4.00 0.30 4.59
2055.00 -29.61 -25.31 -21.02 -16.73 -12.44 -8.14 -3.85 0.44 4.73
2056.00 -29.63 -25.33 -21.04 -16.75 -12.45 -8.16 -3.86 0.43 4.72
2057.00 -29.35 -25.06 -20.78 -16.50 -12.21 -7.93 -3.65 0.64 4.92
2058.00 -29.43 -25.14 -20.86 -16.58 -12.30 -8.01 -3.73 0.55 4.83
2059.00 -29.14 -24.87 -20.60 -16.33 -12.06 -7.79 -3.52 0.75 5.02
2060.00 -29.22 -24.95 -20.69 -16.42 -12.15 -7.88 -3.61 0.65 4.92
2061.00 -29.04 -24.78 -20.52 -16.26 -12.00 -7.73 -3.47 0.79 5.05
2062.00 -29.22 -24.95 -20.69 -16.43 -12.17 -7.91 -3.65 0.62 4.87
2063.00 -29.06 -24.80 -20.55 -16.29 -12.04 -7.79 -3.53 0.72 4.97
2064.00 -29.15 -24.90 -20.66 -16.41 -12.17 -7.92 -3.67 0.57 4.81
2065.00 -28.88 -24.65 -20.42 -16.19 -11.96 -7.73 -3.50 0.73 4.96
