# yearspad, alpred
# [0.3 0.4 0.5 0.6 0.7 0.8 0.9 1.  1.1]
1922.00 -29.58 -25.37 -21.15 -16.94 -12.73 -8.52 -4.31 -0.10 4.12
1923.00 -28.70 -24.51 -20.32 -16.13 -11.93 -7.74 -3.55 0.64 4.84
1924.00 -27.65 -23.47 -19.30 -15.12 -10.95 -6.78 -2.60 1.57 5.75
1925.00 -27.08 -22.95 -18.83 -14.70 -10.58 -6.46 -2.34 1.79 5.91
1926.00 -26.24 -22.16 -18.09 -14.02 -9.95 -5.87 -1.80 2.27 6.34
1927.00 -25.42 -21.41 -17.40 -13.39 -9.38 -5.37 -1.36 2.65 6.66
1928.00 -23.78 -19.84 -15.90 -11.95 -8.01 -4.07 -0.13 3.81 7.76
1929.00 -22.75 -18.91 -15.06 -11.22 -7.37 -3.53 0.32 4.16 8.01
1930.00 -21.30 -17.57 -13.84 -10.11 -6.38 -2.65 1.08 4.81 8.54
1931.00 -19.85 -16.27 -12.69 -9.11 -5.53 -1.96 1.62 5.20 8.78
1932.00 -18.92 -15.49 -12.06 -8.63 -5.20 -1.77 1.66 5.09 8.52
1933.00 -17.48 -14.21 -10.95 -7.69 -4.43 -1.16 2.10 5.36 8.62
1934.00 -15.65 -12.56 -9.48 -6.40 -3.32 -0.24 2.84 5.92 9.00
1935.00 -14.27 -11.43 -8.58 -5.74 -2.90 -0.06 2.78 5.62 8.47
1936.00 -12.46 -9.87 -7.28 -4.69 -2.10 0.48 3.07 5.66 8.25
1937.00 -11.06 -8.74 -6.42 -4.10 -1.78 0.54 2.86 5.18 7.50
1938.00 -9.37 -7.31 -5.24 -3.17 -1.11 0.96 3.02 5.09 7.16
1939.00 -8.18 -6.41 -4.63 -2.86 -1.09 0.68 2.46 4.23 6.00
1940.00 -6.10 -4.62 -3.14 -1.66 -0.18 1.30 2.78 4.25 5.73
1941.00 -3.56 -2.43 -1.30 -0.17 0.96 2.09 3.21 4.34 5.48
1942.00 -0.98 -0.19 0.60 1.39 2.18 2.96 3.75 4.54 5.33
1943.00 0.31 0.72 1.13 1.54 1.95 2.36 2.77 3.18 3.59
1944.00 2.71 2.77 2.82 2.88 2.93 2.99 3.04 3.10 3.16
1945.00 5.05 4.73 4.42 4.10 3.79 3.47 3.16 2.84 2.53
1946.00 7.88 7.18 6.48 5.79 5.09 4.39 3.69 2.99 2.30
1947.00 10.88 9.79 8.69 7.59 6.49 5.39 4.29 3.19 2.09
1948.00 14.22 12.69 11.17 9.64 8.12 6.59 5.06 3.53 2.01
1949.00 17.04 15.10 13.15 11.20 9.26 7.31 5.36 3.42 1.47
1950.00 19.61 17.24 14.87 12.51 10.14 7.77 5.40 3.03 0.66
1951.00 23.12 20.36 17.60 14.83 12.07 9.30 6.54 3.77 1.01
1952.00 26.96 23.75 20.53 17.31 14.09 10.88 7.66 4.44 1.22
1953.00 30.14 26.46 22.78 19.09 15.41 11.72 8.04 4.35 0.67
1954.00 33.08 28.91 24.73 20.56 16.38 12.21 8.03 3.86 -0.32
1955.00 36.25 31.62 27.00 22.38 17.75 13.13 8.50 3.88 -0.74
1956.00 39.69 34.61 29.53 24.46 19.38 14.30 9.22 4.14 -0.93
1957.00 42.95 37.43 31.90 26.38 20.86 15.33 9.81 4.29 -1.23
1958.00 46.26 40.26 34.25 28.25 22.24 16.23 10.23 4.22 -1.78
1959.00 49.47 42.95 36.43 29.92 23.40 16.88 10.36 3.84 -2.68
1960.00 52.56 45.54 38.53 31.52 24.51 17.50 10.48 3.47 -3.54
1961.00 56.08 48.60 41.11 33.63 26.15 18.66 11.18 3.69 -3.79
1962.00 59.65 51.68 43.71 35.74 27.77 19.80 11.83 3.86 -4.11
1963.00 63.47 54.98 46.49 38.01 29.52 21.04 12.55 4.06 -4.42
1964.00 67.55 58.53 49.52 40.51 31.49 22.48 13.47 4.45 -4.56
1965.00 70.98 61.45 51.93 42.40 32.88 23.35 13.82 4.30 -5.23
1966.00 74.28 64.25 54.22 44.18 34.15 24.12 14.08 4.05 -5.98
1967.00 78.27 67.74 57.21 46.69 36.16 25.63 15.10 4.58 -5.95
1968.00 81.97 70.91 59.84 48.78 37.71 26.65 15.58 4.52 -6.55
1969.00 85.00 73.41 61.81 50.22 38.63 27.03 15.44 3.84 -7.75
1970.00 124.20 124.20 124.20 124.20 124.20 124.21 124.21 124.21 124.21
1971.00 121.39 121.39 121.39 121.39 121.39 121.38 121.38 121.38 121.38
1972.00 118.02 118.02 118.03 118.03 118.03 118.04 118.04 118.04 118.05
1973.00 121.21 121.21 121.21 121.21 121.20 121.20 121.20 121.20 121.20
1974.00 124.25 124.25 124.25 124.25 124.25 124.25 124.25 124.25 124.25
1975.00 125.95 125.95 125.94 125.94 125.94 125.94 125.94 125.93 125.93
1976.00 117.07 117.08 117.08 117.09 117.09 117.10 117.10 117.11 117.11
1977.00 118.91 118.91 118.91 118.91 118.91 118.91 118.91 118.91 118.92
1978.00 120.43 120.43 120.43 120.44 120.44 120.44 120.44 120.44 120.44
1979.00 118.25 118.25 118.25 118.24 118.24 118.24 118.23 118.23 118.23
1980.00 120.51 120.51 120.51 120.51 120.51 120.51 120.51 120.51 120.50
1981.00 123.16 123.17 123.17 123.17 123.18 123.18 123.18 123.19 123.19
1982.00 122.27 122.28 122.28 122.29 122.29 122.30 122.30 122.31 122.31
1983.00 119.79 119.79 119.79 119.80 119.80 119.80 119.80 119.80 119.80
1984.00 116.05 116.05 116.04 116.04 116.03 116.02 116.02 116.01 116.01
1985.00 117.18 117.18 117.18 117.18 117.18 117.18 117.19 117.19 117.19
1986.00 115.79 115.79 115.79 115.79 115.79 115.79 115.79 115.79 115.79
1987.00 113.77 113.77 113.78 113.78 113.78 113.78 113.79 113.79 113.79
1988.00 108.82 108.90 108.98 109.06 109.14 109.21 109.29 109.37 109.45
1989.00 103.87 104.07 104.28 104.48 104.68 104.88 105.09 105.29 105.49
1990.00 98.91 99.22 99.54 99.85 100.16 100.47 100.78 101.10 101.41
1991.00 95.19 95.79 96.39 96.99 97.59 98.20 98.80 99.40 100.00
1992.00 91.17 92.16 93.15 94.14 95.12 96.11 97.10 98.09 99.08
1993.00 86.89 88.25 89.60 90.96 92.32 93.68 95.03 96.39 97.75
1994.00 82.74 84.49 86.23 87.97 89.72 91.46 93.20 94.95 96.69
1995.00 79.37 81.62 83.87 86.13 88.38 90.63 92.89 95.14 97.39
1996.00 75.88 78.44 80.99 83.54 86.09 88.64 91.20 93.75 96.30
1997.00 72.65 75.65 78.64 81.64 84.64 87.64 90.64 93.64 96.64
1998.00 68.37 71.68 74.99 78.30 81.61 84.93 88.24 91.55 94.86
1999.00 64.31 67.79 71.26 74.73 78.21 81.68 85.16 88.63 92.10
2000.00 59.72 63.18 66.63 70.08 73.53 76.98 80.44 83.89 87.34
2001.00 55.76 59.41 63.05 66.70 70.34 73.99 77.63 81.28 84.92
2002.00 51.86 55.78 59.69 63.61 67.53 71.44 75.36 79.28 83.19
2003.00 48.44 52.65 56.87 61.08 65.30 69.52 73.73 77.95 82.16
2004.00 43.39 47.54 51.69 55.84 60.00 64.15 68.30 72.45 76.60
2005.00 39.20 43.66 48.13 52.59 57.06 61.52 65.99 70.46 74.92
2006.00 36.02 40.76 45.50 50.24 54.98 59.72 64.46 69.20 73.94
2007.00 32.62 37.56 42.50 47.43 52.37 57.31 62.24 67.18 72.11
2008.00 28.37 33.26 38.14 43.03 47.92 52.81 57.70 62.58 67.47
2009.00 24.12 29.10 34.08 39.06 44.04 49.02 54.00 58.98 63.96
2010.00 19.91 24.77 29.63 34.49 39.36 44.22 49.08 53.94 58.79
2011.00 16.77 21.85 26.94 32.02 37.10 42.18 47.26 52.34 57.42
2012.00 13.84 19.15 24.46 29.77 35.08 40.39 45.70 51.00 56.31
2013.00 11.28 16.74 22.20 27.65 33.11 38.57 44.03 49.49 54.94
2014.00 9.23 14.81 20.39 25.97 31.56 37.14 42.72 48.30 53.88
2015.00 6.63 12.52 18.40 24.29 30.17 36.06 41.94 47.83 53.71
2016.00 4.16 10.27 16.38 22.49 28.60 34.71 40.82 46.92 53.03
2017.00 1.89 8.17 14.45 20.74 27.02 33.30 39.59 45.87 52.15
2018.00 -12.64 -10.47 -8.29 -6.12 -3.94 -1.76 0.41 2.59 4.76
2019.00 -13.84 -11.41 -8.98 -6.55 -4.11 -1.68 0.75 3.18 5.61
2020.00 -15.10 -12.43 -9.76 -7.09 -4.42 -1.75 0.92 3.59 6.26
2021.00 -16.69 -13.80 -10.91 -8.03 -5.14 -2.26 0.63 3.51 6.40
2022.00 -17.99 -14.91 -11.81 -8.73 -5.64 -2.55 0.54 3.63 6.71
2023.00 -19.69 -16.41 -13.13 -9.85 -6.56 -3.28 -0.00 3.28 6.56
2024.00 -20.22 -16.77 -13.32 -9.87 -6.41 -2.96 0.49 3.94 7.39
2025.00 -21.57 -17.99 -14.41 -10.83 -7.24 -3.66 -0.08 3.49 7.07
2026.00 -23.05 -19.36 -15.66 -11.97 -8.28 -4.59 -0.90 2.79 6.48
2027.00 -24.15 -20.36 -16.56 -12.77 -8.98 -5.18 -1.39 2.40 6.19
2028.00 -25.22 -21.32 -17.42 -13.51 -9.61 -5.70 -1.80 2.10 6.00
2029.00 -26.38 -22.40 -18.42 -14.44 -10.46 -6.47 -2.49 1.49 5.47
2030.00 -27.18 -23.14 -19.09 -15.05 -11.00 -6.96 -2.92 1.12 5.16
2031.00 -27.93 -23.86 -19.78 -15.70 -11.63 -7.55 -3.48 0.60 4.67
2032.00 -28.35 -24.25 -20.14 -16.03 -11.93 -7.82 -3.71 0.39 4.49
2033.00 -29.22 -25.07 -20.92 -16.77 -12.62 -8.47 -4.32 -0.18 3.97
2034.00 -29.53 -25.34 -21.15 -16.96 -12.76 -8.57 -4.38 -0.19 4.00
2035.00 -29.80 -25.59 -21.37 -17.16 -12.95 -8.74 -4.53 -0.32 3.88
2036.00 -30.04 -25.81 -21.58 -17.36 -13.13 -8.91 -4.68 -0.46 3.77
2037.00 -30.39 -26.16 -21.93 -17.70 -13.46 -9.23 -5.00 -0.77 3.46
2038.00 -30.32 -26.07 -21.82 -17.57 -13.32 -9.06 -4.81 -0.56 3.69
2039.00 -30.48 -26.22 -21.96 -17.70 -13.44 -9.19 -4.93 -0.67 3.58
2040.00 -30.44 -26.17 -21.90 -17.63 -13.36 -9.09 -4.82 -0.55 3.72
2041.00 -30.58 -26.31 -22.04 -17.77 -13.50 -9.23 -4.96 -0.69 3.58
2042.00 -30.38 -26.11 -21.83 -17.55 -13.27 -8.99 -4.72 -0.44 3.84
2043.00 -30.44 -26.15 -21.86 -17.58 -13.30 -9.01 -4.72 -0.44 3.84
2044.00 -30.41 -26.11 -21.81 -17.51 -13.21 -8.91 -4.61 -0.32 3.98
2045.00 -30.37 -26.07 -21.77 -17.47 -13.17 -8.86 -4.56 -0.27 4.03
2046.00 -30.04 -25.74 -21.43 -17.12 -12.82 -8.51 -4.20 0.10 4.40
2047.00 -30.06 -25.76 -21.45 -17.15 -12.85 -8.54 -4.24 0.06 4.36
2048.00 -30.06 -25.76 -21.45 -17.14 -12.84 -8.53 -4.22 0.08 4.39
2049.00 -30.07 -25.77 -21.45 -17.15 -12.84 -8.53 -4.22 0.08 4.39
2050.00 -29.95 -25.64 -21.32 -17.01 -12.70 -8.39 -4.08 0.23 4.54
2051.00 -30.18 -25.87 -21.56 -17.26 -12.95 -8.65 -4.34 -0.04 4.26
2052.00 -30.10 -25.80 -21.49 -17.18 -12.88 -8.57 -4.27 0.03 4.34
2053.00 -30.13 -25.84 -21.54 -17.25 -12.95 -8.66 -4.36 -0.07 4.22
2054.00 -30.12 -25.83 -21.54 -17.25 -12.95 -8.66 -4.37 -0.08 4.21
2055.00 -30.46 -26.18 -21.89 -17.61 -13.32 -9.04 -4.76 -0.48 3.81
2056.00 -30.37 -26.09 -21.80 -17.52 -13.23 -8.95 -4.66 -0.38 3.91
2057.00 -30.36 -26.08 -21.81 -17.53 -13.26 -8.98 -4.71 -0.44 3.84
2058.00 -30.25 -25.98 -21.70 -17.43 -13.15 -8.88 -4.61 -0.34 3.94
2059.00 -30.41 -26.15 -21.88 -17.62 -13.36 -9.10 -4.84 -0.59 3.68
2060.00 -30.33 -26.07 -21.81 -17.55 -13.29 -9.03 -4.78 -0.52 3.74
2061.00 -30.36 -26.11 -21.86 -17.61 -13.35 -9.10 -4.85 -0.60 3.65
2062.00 -30.26 -26.01 -21.75 -17.50 -13.24 -8.99 -4.74 -0.49 3.77
2063.00 -30.32 -26.07 -21.83 -17.58 -13.34 -9.09 -4.85 -0.60 3.64
2064.00 -29.87 -25.64 -21.40 -17.16 -12.92 -8.68 -4.45 -0.21 4.03
2065.00 -29.81 -25.58 -21.36 -17.14 -12.91 -8.69 -4.47 -0.25 3.97
