# yearspad, alpred
# [0.3 0.4 0.5 0.6 0.7 0.8 0.9 1.  1.1]
1922.00 -30.88 -26.66 -22.44 -18.22 -14.00 -9.78 -5.56 -1.33 2.88
1923.00 -30.84 -26.64 -22.44 -18.25 -14.05 -9.85 -5.65 -1.45 2.74
1924.00 -30.72 -26.54 -22.36 -18.18 -14.00 -9.83 -5.65 -1.47 2.71
1925.00 -30.74 -26.61 -22.49 -18.36 -14.24 -10.11 -5.99 -1.86 2.26
1926.00 -30.66 -26.59 -22.52 -18.45 -14.37 -10.30 -6.23 -2.15 1.91
1927.00 -30.18 -26.17 -22.16 -18.15 -14.14 -10.14 -6.13 -2.12 1.89
1928.00 -28.89 -24.95 -21.01 -17.08 -13.14 -9.20 -5.26 -1.32 2.62
1929.00 -28.10 -24.26 -20.42 -16.58 -12.74 -8.90 -5.06 -1.22 2.62
1930.00 -26.84 -23.11 -19.39 -15.67 -11.94 -8.22 -4.49 -0.77 2.95
1931.00 -25.67 -22.11 -18.54 -14.97 -11.40 -7.83 -4.26 -0.69 2.88
1932.00 -24.87 -21.45 -18.03 -14.61 -11.19 -7.77 -4.35 -0.93 2.48
1933.00 -23.81 -20.57 -17.32 -14.07 -10.82 -7.57 -4.32 -1.07 2.18
1934.00 -22.09 -19.02 -15.96 -12.89 -9.83 -6.76 -3.69 -0.62 2.44
1935.00 -20.57 -17.74 -14.92 -12.09 -9.27 -6.44 -3.61 -0.78 2.04
1936.00 -18.61 -16.04 -13.47 -10.90 -8.33 -5.76 -3.19 -0.61 1.95
1937.00 -16.80 -14.50 -12.20 -9.90 -7.60 -5.29 -2.99 -0.69 1.61
1938.00 -14.92 -12.88 -10.84 -8.79 -6.75 -4.70 -2.66 -0.61 1.43
1939.00 -12.85 -11.10 -9.35 -7.60 -5.85 -4.10 -2.35 -0.60 1.15
1940.00 -10.63 -9.18 -7.73 -6.27 -4.82 -3.36 -1.91 -0.45 1.00
1941.00 -8.07 -6.96 -5.86 -4.76 -3.65 -2.55 -1.45 -0.34 0.76
1942.00 -5.47 -4.71 -3.95 -3.19 -2.43 -1.67 -0.91 -0.15 0.61
1943.00 -4.11 -3.73 -3.35 -2.97 -2.59 -2.21 -1.83 -1.45 -1.07
1944.00 -1.59 -1.56 -1.54 -1.52 -1.49 -1.47 -1.45 -1.42 -1.40
1945.00 1.05 0.70 0.35 0.00 -0.35 -0.69 -1.04 -1.39 -1.74
1946.00 4.40 3.67 2.94 2.20 1.47 0.74 0.01 -0.72 -1.45
1947.00 7.23 6.10 4.96 3.83 2.69 1.55 0.42 -0.72 -1.85
1948.00 10.65 9.09 7.53 5.96 4.40 2.84 1.27 -0.29 -1.85
1949.00 12.89 10.90 8.92 6.93 4.94 2.96 0.97 -1.01 -3.00
1950.00 15.31 12.90 10.49 8.08 5.66 3.26 0.85 -1.56 -3.97
1951.00 18.01 15.20 12.39 9.58 6.77 3.97 1.16 -1.64 -4.45
1952.00 21.85 18.59 15.33 12.07 8.81 5.55 2.29 -0.97 -4.23
1953.00 25.42 21.69 17.97 14.24 10.52 6.79 3.07 -0.66 -4.38
1954.00 28.80 24.58 20.37 16.16 11.94 7.73 3.51 -0.70 -4.92
1955.00 32.73 28.07 23.41 18.74 14.08 9.42 4.76 0.10 -4.56
1956.00 36.21 31.10 25.99 20.87 15.76 10.65 5.53 0.42 -4.69
1957.00 39.44 33.88 28.33 22.77 17.21 11.66 6.10 0.55 -5.01
1958.00 42.75 36.71 30.68 24.64 18.60 12.57 6.53 0.49 -5.54
1959.00 45.98 39.44 32.89 26.34 19.79 13.24 6.69 0.14 -6.41
1960.00 48.93 41.89 34.85 27.81 20.77 13.73 6.69 -0.35 -7.39
1961.00 52.62 45.11 37.60 30.09 22.58 15.08 7.57 0.06 -7.45
1962.00 56.30 48.31 40.32 32.32 24.33 16.34 8.35 0.36 -7.64
1963.00 60.03 51.52 43.02 34.51 26.00 17.50 8.99 0.49 -8.02
1964.00 64.11 55.08 46.04 37.01 27.98 18.95 9.91 0.88 -8.15
1965.00 67.35 57.81 48.27 38.72 29.18 19.64 10.10 0.56 -8.99
1966.00 70.44 60.39 50.34 40.29 30.25 20.20 10.15 0.10 -9.94
1967.00 74.33 63.79 53.25 42.71 32.17 21.64 11.10 0.56 -9.98
1968.00 78.59 67.52 56.44 45.37 34.29 23.22 12.15 1.07 -10.00
1969.00 82.64 71.04 59.44 47.84 36.24 24.64 13.04 1.44 -10.16
1970.00 123.48 123.48 123.48 123.48 123.49 123.49 123.49 123.49 123.49
1971.00 126.74 126.74 126.74 126.74 126.73 126.73 126.73 126.73 126.73
1972.00 133.19 133.20 133.20 133.20 133.21 133.21 133.21 133.22 133.22
1973.00 137.35 137.35 137.35 137.35 137.34 137.34 137.34 137.34 137.34
1974.00 144.70 144.70 144.70 144.70 144.70 144.70 144.70 144.70 144.70
1975.00 145.96 145.95 145.95 145.95 145.95 145.95 145.94 145.94 145.94
1976.00 137.22 137.23 137.23 137.24 137.25 137.25 137.26 137.26 137.27
1977.00 135.72 135.72 135.72 135.72 135.72 135.72 135.72 135.72 135.72
1978.00 134.08 134.08 134.08 134.08 134.09 134.09 134.09 134.09 134.09
1979.00 131.93 131.93 131.92 131.92 131.91 131.91 131.91 131.90 131.90
1980.00 131.57 131.57 131.57 131.57 131.57 131.57 131.57 131.57 131.57
1981.00 136.96 136.96 136.97 136.97 136.97 136.98 136.98 136.98 136.98
1982.00 131.32 131.33 131.33 131.34 131.34 131.35 131.35 131.36 131.36
1983.00 128.18 128.18 128.18 128.19 128.19 128.19 128.19 128.19 128.19
1984.00 122.55 122.54 122.54 122.53 122.53 122.52 122.51 122.51 122.50
1985.00 121.93 121.93 121.93 121.93 121.93 121.93 121.93 121.94 121.94
1986.00 121.76 121.76 121.76 121.76 121.76 121.76 121.76 121.76 121.76
1987.00 119.27 119.28 119.28 119.28 119.28 119.29 119.29 119.29 119.29
1988.00 114.61 114.70 114.78 114.86 114.95 115.03 115.11 115.19 115.28
1989.00 109.95 110.15 110.35 110.56 110.76 110.96 111.17 111.37 111.57
1990.00 105.22 105.53 105.85 106.16 106.47 106.78 107.09 107.41 107.72
1991.00 101.61 102.21 102.81 103.41 104.01 104.60 105.20 105.80 106.40
1992.00 97.37 98.36 99.34 100.33 101.31 102.30 103.28 104.27 105.26
1993.00 92.61 93.97 95.32 96.68 98.04 99.40 100.75 102.11 103.47
1994.00 88.00 89.73 91.46 93.19 94.92 96.65 98.38 100.10 101.84
1995.00 83.79 86.03 88.27 90.52 92.76 95.00 97.24 99.48 101.73
1996.00 79.77 82.31 84.85 87.39 89.93 92.46 95.00 97.54 100.08
1997.00 76.62 79.59 82.56 85.54 88.51 91.48 94.45 97.42 100.39
1998.00 72.66 75.94 79.22 82.50 85.77 89.05 92.33 95.60 98.88
1999.00 68.57 72.00 75.44 78.87 82.30 85.74 89.17 92.60 96.04
2000.00 64.15 67.59 71.02 74.46 77.89 81.33 84.76 88.19 91.63
2001.00 59.86 63.48 67.10 70.72 74.34 77.95 81.57 85.19 88.81
2002.00 55.55 59.44 63.33 67.23 71.12 75.02 78.91 82.80 86.70
2003.00 52.11 56.30 60.49 64.68 68.86 73.05 77.24 81.43 85.62
2004.00 46.85 50.97 55.09 59.21 63.32 67.44 71.56 75.67 79.79
2005.00 43.16 47.59 52.02 56.46 60.89 65.32 69.75 74.18 78.61
2006.00 39.68 44.39 49.10 53.80 58.51 63.22 67.93 72.63 77.34
2007.00 36.62 41.52 46.43 51.33 56.24 61.14 66.05 70.95 75.85
2008.00 32.12 36.99 41.85 46.72 51.58 56.45 61.31 66.18 71.04
2009.00 27.43 32.38 37.34 42.30 47.26 52.22 57.17 62.13 67.09
2010.00 22.36 27.19 32.03 36.87 41.70 46.54 51.38 56.21 61.05
2011.00 18.50 23.56 28.61 33.67 38.73 43.79 48.85 53.91 58.97
2012.00 15.16 20.44 25.73 31.02 36.31 41.59 46.88 52.16 57.45
2013.00 12.07 17.51 22.95 28.38 33.82 39.26 44.70 50.13 55.57
2014.00 9.65 15.21 20.77 26.32 31.88 37.43 42.99 48.54 54.10
2015.00 6.51 12.37 18.23 24.09 29.95 35.81 41.67 47.52 53.38
2016.00 3.79 9.87 15.96 22.04 28.13 34.21 40.30 46.38 52.46
2017.00 0.80 7.06 13.32 19.58 25.84 32.10 38.36 44.61 50.87
2018.00 -14.14 -11.97 -9.81 -7.65 -5.48 -3.32 -1.16 1.00 3.17
2019.00 -15.98 -13.56 -11.14 -8.72 -6.30 -3.87 -1.45 0.96 3.38
2020.00 -17.93 -15.27 -12.61 -9.95 -7.29 -4.63 -1.97 0.69 3.35
2021.00 -19.80 -16.93 -14.05 -11.17 -8.30 -5.42 -2.54 0.33 3.21
2022.00 -21.24 -18.16 -15.08 -12.00 -8.91 -5.83 -2.75 0.33 3.41
2023.00 -22.76 -19.49 -16.21 -12.94 -9.66 -6.39 -3.11 0.16 3.44
2024.00 -23.21 -19.76 -16.31 -12.86 -9.42 -5.97 -2.52 0.92 4.37
2025.00 -23.94 -20.36 -16.78 -13.20 -9.62 -6.04 -2.47 1.11 4.69
2026.00 -24.98 -21.29 -17.60 -13.91 -10.22 -6.52 -2.83 0.85 4.54
2027.00 -25.91 -22.11 -18.32 -14.52 -10.73 -6.93 -3.14 0.66 4.45
2028.00 -26.66 -22.76 -18.85 -14.94 -11.04 -7.13 -3.22 0.68 4.59
2029.00 -27.80 -23.81 -19.83 -15.84 -11.85 -7.87 -3.88 0.10 4.08
2030.00 -28.25 -24.20 -20.15 -16.10 -12.06 -8.01 -3.96 0.08 4.13
2031.00 -28.81 -24.73 -20.65 -16.56 -12.48 -8.40 -4.32 -0.24 3.84
2032.00 -29.16 -25.04 -20.93 -16.81 -12.70 -8.59 -4.47 -0.36 3.75
2033.00 -29.83 -25.67 -21.52 -17.36 -13.20 -9.05 -4.89 -0.73 3.42
2034.00 -30.30 -26.10 -21.90 -17.70 -13.50 -9.30 -5.10 -0.90 3.29
2035.00 -30.51 -26.29 -22.07 -17.85 -13.63 -9.41 -5.19 -0.98 3.24
2036.00 -30.69 -26.46 -22.22 -17.98 -13.75 -9.51 -5.28 -1.04 3.19
2037.00 -30.98 -26.73 -22.49 -18.25 -14.01 -9.76 -5.52 -1.28 2.96
2038.00 -30.85 -26.59 -22.33 -18.07 -13.80 -9.54 -5.28 -1.02 3.24
2039.00 -31.00 -26.73 -22.46 -18.19 -13.93 -9.66 -5.39 -1.12 3.14
2040.00 -30.92 -26.64 -22.36 -18.08 -13.80 -9.52 -5.24 -0.96 3.31
2041.00 -31.08 -26.80 -22.52 -18.24 -13.96 -9.68 -5.39 -1.11 3.16
2042.00 -31.13 -26.84 -22.55 -18.26 -13.98 -9.69 -5.40 -1.11 3.17
2043.00 -31.37 -27.08 -22.78 -18.49 -14.19 -9.89 -5.60 -1.30 2.99
2044.00 -31.46 -27.15 -22.84 -18.53 -14.22 -9.91 -5.60 -1.30 3.01
2045.00 -31.71 -27.40 -23.08 -18.77 -14.46 -10.15 -5.84 -1.52 2.78
2046.00 -31.46 -27.14 -22.82 -18.51 -14.19 -9.87 -5.56 -1.24 3.07
2047.00 -31.47 -27.16 -22.84 -18.53 -14.22 -9.90 -5.59 -1.28 3.04
2048.00 -31.46 -27.14 -22.82 -18.50 -14.19 -9.87 -5.55 -1.23 3.08
2049.00 -31.39 -27.07 -22.75 -18.43 -14.11 -9.79 -5.47 -1.15 3.16
2050.00 -31.13 -26.81 -22.49 -18.16 -13.84 -9.52 -5.20 -0.87 3.44
2051.00 -31.19 -26.87 -22.55 -18.24 -13.92 -9.60 -5.29 -0.97 3.34
2052.00 -31.06 -26.74 -22.43 -18.11 -13.79 -9.47 -5.16 -0.84 3.48
2053.00 -31.01 -26.70 -22.40 -18.09 -13.78 -9.48 -5.17 -0.86 3.44
2054.00 -31.06 -26.75 -22.45 -18.15 -13.84 -9.54 -5.23 -0.93 3.37
2055.00 -31.27 -26.98 -22.68 -18.38 -14.09 -9.79 -5.49 -1.20 3.09
2056.00 -31.19 -26.89 -22.59 -18.30 -14.00 -9.70 -5.41 -1.11 3.18
2057.00 -31.24 -26.95 -22.67 -18.38 -14.09 -9.81 -5.52 -1.24 3.04
2058.00 -31.07 -26.78 -22.49 -18.21 -13.92 -9.64 -5.35 -1.07 3.21
2059.00 -31.18 -26.90 -22.63 -18.36 -14.09 -9.82 -5.55 -1.27 2.99
2060.00 -31.13 -26.86 -22.59 -18.33 -14.06 -9.79 -5.52 -1.25 3.02
2061.00 -31.10 -26.84 -22.58 -18.31 -14.05 -9.79 -5.53 -1.26 3.00
2062.00 -30.94 -26.68 -22.41 -18.15 -13.89 -9.62 -5.36 -1.09 3.16
2063.00 -31.06 -26.81 -22.55 -18.30 -14.04 -9.79 -5.54 -1.28 2.97
2064.00 -30.71 -26.47 -22.22 -17.97 -13.73 -9.48 -5.23 -0.98 3.26
2065.00 -30.81 -26.58 -22.34 -18.11 -13.88 -9.65 -5.42 -1.19 3.04
