# yearspad, alpred
# [0.3 0.4 0.5 0.6 0.7 0.8 0.9 1.  1.1]
1922.00 -32.69 -28.48 -24.27 -20.06 -15.85 -11.65 -7.44 -3.22 0.99
1923.00 -32.43 -28.24 -24.05 -19.86 -15.67 -11.48 -7.29 -3.10 1.09
1924.00 -32.19 -28.03 -23.86 -19.69 -15.52 -11.35 -7.18 -3.01 1.16
1925.00 -31.94 -27.83 -23.71 -19.59 -15.48 -11.36 -7.24 -3.12 1.00
1926.00 -31.49 -27.42 -23.36 -19.29 -15.23 -11.16 -7.10 -3.03 1.04
1927.00 -30.59 -26.59 -22.59 -18.58 -14.58 -10.58 -6.58 -2.57 1.43
1928.00 -30.25 -26.31 -22.38 -18.45 -14.52 -10.59 -6.66 -2.72 1.21
1929.00 -29.48 -25.64 -21.81 -17.97 -14.14 -10.30 -6.47 -2.63 1.20
1930.00 -28.23 -24.51 -20.79 -17.07 -13.35 -9.63 -5.91 -2.19 1.53
1931.00 -27.19 -23.63 -20.06 -16.50 -12.94 -9.37 -5.81 -2.24 1.33
1932.00 -26.06 -22.64 -19.23 -15.81 -12.39 -8.98 -5.56 -2.14 1.27
1933.00 -24.41 -21.16 -17.91 -14.66 -11.41 -8.17 -4.92 -1.67 1.58
1934.00 -23.16 -20.10 -17.03 -13.97 -10.90 -7.84 -4.77 -1.71 1.36
1935.00 -21.52 -18.70 -15.87 -13.05 -10.22 -7.39 -4.57 -1.74 1.09
1936.00 -19.99 -17.42 -14.85 -12.28 -9.71 -7.14 -4.56 -1.99 0.58
1937.00 -17.47 -15.17 -12.86 -10.56 -8.26 -5.95 -3.65 -1.34 0.96
1938.00 -15.28 -13.23 -11.19 -9.14 -7.09 -5.04 -2.99 -0.94 1.11
1939.00 -13.64 -11.89 -10.13 -8.38 -6.62 -4.86 -3.11 -1.35 0.41
1940.00 -11.24 -9.78 -8.32 -6.86 -5.40 -3.93 -2.47 -1.01 0.46
1941.00 -8.80 -7.69 -6.57 -5.46 -4.35 -3.24 -2.13 -1.01 0.10
1942.00 -6.76 -5.99 -5.22 -4.45 -3.68 -2.91 -2.14 -1.37 -0.60
1943.00 -3.44 -3.05 -2.65 -2.26 -1.86 -1.47 -1.08 -0.68 -0.28
1944.00 -0.91 -0.87 -0.83 -0.79 -0.75 -0.71 -0.67 -0.63 -0.59
1945.00 1.96 1.63 1.30 0.97 0.64 0.31 -0.02 -0.35 -0.68
1946.00 4.31 3.59 2.88 2.17 1.45 0.74 0.02 -0.69 -1.40
1947.00 7.51 6.39 5.28 4.16 3.05 1.93 0.82 -0.30 -1.41
1948.00 10.92 9.38 7.84 6.29 4.75 3.21 1.67 0.13 -1.41
1949.00 14.03 12.07 10.10 8.14 6.18 4.22 2.25 0.29 -1.67
1950.00 17.20 14.81 12.43 10.04 7.66 5.28 2.89 0.51 -1.88
1951.00 20.87 18.09 15.31 12.53 9.75 6.97 4.19 1.41 -1.37
1952.00 23.90 20.66 17.43 14.20 10.96 7.73 4.49 1.26 -1.97
1953.00 26.67 22.97 19.27 15.57 11.87 8.17 4.47 0.77 -2.93
1954.00 31.13 26.94 22.75 18.56 14.38 10.19 6.00 1.81 -2.38
1955.00 34.81 30.17 25.54 20.90 16.26 11.63 6.99 2.36 -2.28
1956.00 38.49 33.40 28.31 23.22 18.13 13.05 7.96 2.87 -2.22
1957.00 41.60 36.07 30.54 25.00 19.47 13.94 8.40 2.87 -2.66
1958.00 45.63 39.62 33.60 27.59 21.57 15.56 9.54 3.53 -2.48
1959.00 48.92 42.39 35.86 29.33 22.81 16.28 9.75 3.23 -3.30
1960.00 52.62 45.60 38.59 31.57 24.55 17.53 10.51 3.50 -3.52
1961.00 56.76 49.28 41.79 34.30 26.82 19.33 11.84 4.36 -3.13
1962.00 60.45 52.47 44.50 36.53 28.56 20.59 12.61 4.64 -3.33
1963.00 64.00 55.51 47.02 38.54 30.05 21.56 13.07 4.59 -3.90
1964.00 67.97 58.96 49.94 40.92 31.91 22.89 13.88 4.86 -4.15
1965.00 72.41 62.89 53.36 43.83 34.31 24.78 15.25 5.73 -3.80
1966.00 76.39 66.36 56.33 46.30 36.27 26.24 16.21 6.18 -3.86
1967.00 80.19 69.66 59.14 48.61 38.09 27.57 17.04 6.52 -4.00
1968.00 84.12 73.06 62.00 50.94 39.88 28.82 17.76 6.70 -4.36
1969.00 87.73 76.14 64.56 52.97 41.38 29.80 18.21 6.62 -4.97
1970.00 128.49 128.50 128.50 128.50 128.50 128.50 128.51 128.51 128.51
1971.00 133.18 133.18 133.18 133.18 133.17 133.17 133.17 133.17 133.17
1972.00 136.50 136.50 136.50 136.51 136.51 136.51 136.52 136.52 136.52
1973.00 138.02 138.02 138.02 138.02 138.02 138.01 138.01 138.01 138.01
1974.00 142.05 142.05 142.05 142.05 142.05 142.05 142.05 142.05 142.05
1975.00 140.76 140.76 140.75 140.75 140.75 140.75 140.75 140.75 140.75
1976.00 144.88 144.89 144.89 144.89 144.90 144.90 144.91 144.91 144.92
1977.00 145.55 145.55 145.55 145.55 145.55 145.56 145.56 145.56 145.56
1978.00 143.87 143.87 143.87 143.87 143.88 143.88 143.88 143.88 143.88
1979.00 138.59 138.59 138.59 138.58 138.58 138.58 138.57 138.57 138.57
1980.00 141.14 141.14 141.14 141.14 141.14 141.14 141.14 141.14 141.14
1981.00 138.93 138.94 138.94 138.94 138.95 138.95 138.95 138.96 138.96
1982.00 139.47 139.47 139.48 139.48 139.49 139.49 139.50 139.50 139.51
1983.00 135.45 135.45 135.45 135.45 135.45 135.46 135.46 135.46 135.46
1984.00 135.37 135.36 135.35 135.35 135.34 135.34 135.33 135.32 135.32
1985.00 127.90 127.90 127.90 127.90 127.90 127.90 127.90 127.90 127.90
1986.00 119.21 119.21 119.21 119.21 119.21 119.21 119.21 119.22 119.22
1987.00 124.85 124.86 124.86 124.86 124.86 124.87 124.87 124.87 124.87
1988.00 118.96 119.03 119.10 119.17 119.25 119.32 119.39 119.46 119.53
1989.00 114.55 114.74 114.92 115.11 115.30 115.49 115.68 115.86 116.05
1990.00 109.40 109.69 109.99 110.29 110.58 110.88 111.17 111.47 111.76
1991.00 104.73 105.30 105.87 106.44 107.02 107.59 108.16 108.74 109.31
1992.00 100.14 101.10 102.05 103.00 103.95 104.90 105.86 106.81 107.76
1993.00 96.26 97.59 98.91 100.23 101.55 102.87 104.19 105.51 106.83
1994.00 91.98 93.69 95.40 97.10 98.81 100.52 102.23 103.93 105.64
1995.00 87.91 90.13 92.34 94.56 96.77 98.98 101.20 103.41 105.63
1996.00 83.05 85.57 88.08 90.59 93.10 95.61 98.12 100.63 103.13
1997.00 79.17 82.10 85.04 87.97 90.91 93.84 96.78 99.71 102.65
1998.00 75.30 78.56 81.81 85.07 88.32 91.57 94.83 98.08 101.33
1999.00 70.80 74.22 77.65 81.08 84.51 87.94 91.36 94.79 98.22
2000.00 65.99 69.40 72.80 76.21 79.62 83.02 86.43 89.84 93.24
2001.00 61.27 64.86 68.46 72.05 75.65 79.24 82.84 86.43 90.02
2002.00 56.89 60.76 64.63 68.50 72.37 76.24 80.11 83.98 87.85
2003.00 53.24 57.40 61.56 65.72 69.88 74.04 78.20 82.36 86.52
2004.00 48.24 52.33 56.42 60.52 64.61 68.70 72.79 76.89 80.98
2005.00 44.29 48.70 53.10 57.51 61.92 66.32 70.73 75.14 79.54
2006.00 40.65 45.35 50.05 54.74 59.44 64.13 68.83 73.53 78.22
2007.00 36.55 41.45 46.35 51.25 56.15 61.06 65.96 70.86 75.76
2008.00 31.36 36.21 41.07 45.93 50.79 55.65 60.50 65.36 70.22
2009.00 27.99 32.93 37.87 42.81 47.76 52.70 57.64 62.58 67.52
2010.00 23.20 28.01 32.83 37.65 42.47 47.28 52.10 56.92 61.73
2011.00 19.28 24.33 29.37 34.41 39.45 44.50 49.54 54.58 59.62
2012.00 14.96 20.23 25.50 30.77 36.04 41.31 46.58 51.85 57.12
2013.00 12.30 17.72 23.14 28.56 33.98 39.40 44.82 50.23 55.65
2014.00 8.47 14.00 19.53 25.07 30.60 36.13 41.66 47.20 52.72
2015.00 6.24 12.07 17.91 23.74 29.58 35.41 41.25 47.08 52.92
2016.00 3.45 9.51 15.56 21.62 27.67 33.73 39.79 45.84 51.89
2017.00 0.74 6.97 13.19 19.42 25.64 31.87 38.09 44.32 50.54
2018.00 -15.07 -12.90 -10.73 -8.57 -6.40 -4.24 -2.07 0.09 2.26
2019.00 -17.41 -14.99 -12.57 -10.15 -7.73 -5.30 -2.88 -0.46 1.95
2020.00 -18.68 -16.02 -13.36 -10.70 -8.04 -5.38 -2.72 -0.06 2.60
2021.00 -20.32 -17.44 -14.56 -11.69 -8.81 -5.93 -3.06 -0.18 2.69
2022.00 -22.21 -19.13 -16.05 -12.97 -9.89 -6.81 -3.73 -0.65 2.43
2023.00 -23.43 -20.15 -16.88 -13.61 -10.33 -7.06 -3.79 -0.52 2.75
2024.00 -24.69 -21.24 -17.80 -14.36 -10.91 -7.47 -4.03 -0.59 2.85
2025.00 -26.21 -22.64 -19.07 -15.50 -11.93 -8.36 -4.79 -1.22 2.35
2026.00 -27.01 -23.32 -19.64 -15.96 -12.27 -8.59 -4.90 -1.22 2.46
2027.00 -27.79 -24.00 -20.21 -16.42 -12.64 -8.85 -5.06 -1.27 2.51
2028.00 -28.62 -24.72 -20.82 -16.92 -13.02 -9.12 -5.22 -1.32 2.57
2029.00 -29.54 -25.56 -21.58 -17.60 -13.63 -9.65 -5.67 -1.69 2.28
2030.00 -30.60 -26.56 -22.52 -18.48 -14.45 -10.41 -6.37 -2.33 1.70
2031.00 -30.66 -26.58 -22.51 -18.44 -14.37 -10.29 -6.22 -2.15 1.92
2032.00 -31.42 -27.31 -23.21 -19.10 -15.00 -10.90 -6.79 -2.69 1.41
2033.00 -31.70 -27.55 -23.41 -19.26 -15.11 -10.97 -6.82 -2.67 1.47
2034.00 -31.58 -27.39 -23.19 -19.00 -14.81 -10.62 -6.43 -2.24 1.94
2035.00 -32.37 -28.16 -23.95 -19.74 -15.53 -11.32 -7.11 -2.91 1.30
2036.00 -32.74 -28.51 -24.29 -20.06 -15.84 -11.61 -7.39 -3.17 1.05
2037.00 -32.64 -28.40 -24.17 -19.94 -15.71 -11.48 -7.25 -3.01 1.21
2038.00 -32.83 -28.58 -24.33 -20.08 -15.83 -11.58 -7.32 -3.07 1.17
2039.00 -32.91 -28.65 -24.39 -20.14 -15.88 -11.62 -7.37 -3.11 1.14
2040.00 -33.22 -28.95 -24.68 -20.41 -16.14 -11.88 -7.61 -3.34 0.93
2041.00 -33.06 -28.79 -24.52 -20.25 -15.98 -11.71 -7.45 -3.18 1.09
2042.00 -33.13 -28.85 -24.58 -20.30 -16.02 -11.75 -7.47 -3.19 1.08
2043.00 -33.24 -28.96 -24.68 -20.39 -16.11 -11.82 -7.54 -3.25 1.03
2044.00 -33.26 -28.96 -24.66 -20.36 -16.07 -11.77 -7.47 -3.17 1.12
2045.00 -33.21 -28.91 -24.60 -20.30 -16.01 -11.70 -7.40 -3.10 1.19
2046.00 -33.41 -29.10 -24.80 -20.49 -16.19 -11.89 -7.58 -3.28 1.03
2047.00 -33.32 -29.01 -24.71 -20.41 -16.11 -11.81 -7.51 -3.20 1.10
2048.00 -33.26 -28.96 -24.65 -20.35 -16.04 -11.74 -7.43 -3.12 1.18
2049.00 -33.16 -28.85 -24.55 -20.24 -15.93 -11.62 -7.32 -3.01 1.30
2050.00 -33.24 -28.93 -24.62 -20.31 -16.00 -11.69 -7.38 -3.07 1.24
2051.00 -33.30 -29.00 -24.69 -20.39 -16.09 -11.78 -7.48 -3.17 1.13
2052.00 -33.21 -28.90 -24.60 -20.29 -15.99 -11.68 -7.38 -3.07 1.23
2053.00 -33.12 -28.82 -24.53 -20.24 -15.94 -11.65 -7.36 -3.06 1.23
2054.00 -33.24 -28.95 -24.66 -20.37 -16.08 -11.79 -7.50 -3.20 1.08
2055.00 -33.13 -28.85 -24.56 -20.28 -16.00 -11.71 -7.43 -3.15 1.14
2056.00 -33.07 -28.78 -24.50 -20.21 -15.93 -11.65 -7.36 -3.07 1.21
2057.00 -33.09 -28.81 -24.54 -20.27 -15.99 -11.72 -7.44 -3.17 1.10
2058.00 -33.22 -28.95 -24.67 -20.40 -16.13 -11.86 -7.58 -3.31 0.96
2059.00 -32.97 -28.71 -24.45 -20.19 -15.93 -11.67 -7.41 -3.15 1.11
2060.00 -32.98 -28.73 -24.47 -20.21 -15.95 -11.69 -7.44 -3.18 1.08
2061.00 -32.94 -28.69 -24.44 -20.19 -15.94 -11.69 -7.44 -3.18 1.07
2062.00 -33.04 -28.79 -24.54 -20.28 -16.03 -11.78 -7.53 -3.28 0.97
2063.00 -32.86 -28.62 -24.38 -20.13 -15.89 -11.64 -7.40 -3.15 1.09
2064.00 -32.92 -28.68 -24.44 -20.21 -15.97 -11.74 -7.50 -3.27 0.97
2065.00 -32.83 -28.61 -24.39 -20.17 -15.95 -11.73 -7.51 -3.29 0.93
