# yearspad, alpred
# [0.3 0.4 0.5 0.6 0.7 0.8 0.9 1.  1.1]
1922.00 -32.12 -27.91 -23.69 -19.48 -15.27 -11.06 -6.85 -2.64 1.58
1923.00 -31.31 -27.12 -22.93 -18.74 -14.55 -10.35 -6.16 -1.97 2.22
1924.00 -31.10 -26.93 -22.76 -18.59 -14.42 -10.25 -6.07 -1.90 2.27
1925.00 -30.49 -26.37 -22.25 -18.13 -14.01 -9.89 -5.77 -1.64 2.48
1926.00 -30.23 -26.17 -22.10 -18.03 -13.96 -9.89 -5.82 -1.75 2.31
1927.00 -29.34 -25.33 -21.33 -17.32 -13.31 -9.31 -5.30 -1.29 2.71
1928.00 -28.70 -24.77 -20.83 -16.90 -12.96 -9.03 -5.09 -1.16 2.78
1929.00 -27.80 -23.96 -20.13 -16.29 -12.45 -8.61 -4.77 -0.93 2.90
1930.00 -26.96 -23.24 -19.52 -15.80 -12.08 -8.36 -4.63 -0.91 2.81
1931.00 -25.79 -22.22 -18.65 -15.09 -11.52 -7.95 -4.38 -0.81 2.75
1932.00 -24.83 -21.41 -17.99 -14.58 -11.16 -7.74 -4.32 -0.90 2.52
1933.00 -23.09 -19.84 -16.59 -13.34 -10.09 -6.84 -3.59 -0.34 2.91
1934.00 -21.67 -18.60 -15.53 -12.46 -9.39 -6.33 -3.26 -0.19 2.88
1935.00 -19.53 -16.70 -13.87 -11.04 -8.21 -5.38 -2.55 0.28 3.11
1936.00 -18.25 -15.68 -13.10 -10.53 -7.95 -5.38 -2.80 -0.23 2.34
1937.00 -16.08 -13.77 -11.46 -9.16 -6.85 -4.55 -2.24 0.07 2.37
1938.00 -14.84 -12.78 -10.73 -8.68 -6.64 -4.59 -2.54 -0.48 1.56
1939.00 -12.69 -10.93 -9.17 -7.41 -5.65 -3.90 -2.14 -0.38 1.38
1940.00 -10.46 -9.00 -7.53 -6.07 -4.60 -3.14 -1.68 -0.21 1.25
1941.00 -7.47 -6.35 -5.24 -4.12 -3.01 -1.90 -0.78 0.33 1.45
1942.00 -5.33 -4.56 -3.79 -3.01 -2.24 -1.47 -0.70 0.07 0.84
1943.00 -2.74 -2.34 -1.94 -1.55 -1.15 -0.76 -0.36 0.03 0.43
1944.00 -0.17 -0.13 -0.09 -0.05 -0.01 0.03 0.07 0.11 0.15
1945.00 2.95 2.62 2.29 1.96 1.63 1.30 0.97 0.64 0.31
1946.00 5.80 5.09 4.38 3.66 2.95 2.24 1.53 0.81 0.10
1947.00 8.97 7.86 6.74 5.63 4.51 3.40 2.28 1.17 0.05
1948.00 11.97 10.43 8.88 7.34 5.80 4.25 2.71 1.17 -0.38
1949.00 14.93 12.97 11.01 9.04 7.08 5.11 3.15 1.18 -0.78
1950.00 17.87 15.49 13.10 10.72 8.33 5.94 3.55 1.17 -1.22
1951.00 21.86 19.08 16.30 13.52 10.74 7.96 5.18 2.39 -0.39
1952.00 25.41 22.18 18.94 15.71 12.47 9.24 6.00 2.77 -0.47
1953.00 29.02 25.31 21.61 17.91 14.21 10.51 6.81 3.11 -0.59
1954.00 32.02 27.82 23.63 19.44 15.25 11.06 6.87 2.67 -1.52
1955.00 35.42 30.78 26.14 21.50 16.86 12.22 7.58 2.94 -1.70
1956.00 38.90 33.80 28.71 23.62 18.52 13.43 8.34 3.24 -1.85
1957.00 42.31 36.77 31.23 25.70 20.16 14.63 9.09 3.55 -1.98
1958.00 46.02 40.00 33.98 27.97 21.95 15.93 9.92 3.90 -2.12
1959.00 49.90 43.37 36.84 30.31 23.78 17.25 10.72 4.19 -2.34
1960.00 53.75 46.73 39.71 32.69 25.67 18.65 11.63 4.61 -2.41
1961.00 57.39 49.90 42.41 34.92 27.43 19.94 12.45 4.95 -2.54
1962.00 61.40 53.43 45.45 37.48 29.51 21.53 13.56 5.59 -2.39
1963.00 65.26 56.77 48.28 39.79 31.30 22.81 14.32 5.83 -2.66
1964.00 69.07 60.05 51.04 42.02 33.00 23.98 14.97 5.95 -3.07
1965.00 72.48 62.95 53.42 43.89 34.36 24.83 15.30 5.77 -3.76
1966.00 76.42 66.38 56.35 46.32 36.29 26.25 16.22 6.19 -3.84
1967.00 80.35 69.82 59.30 48.77 38.24 27.72 17.19 6.67 -3.86
1968.00 84.79 73.73 62.67 51.61 40.55 29.49 18.43 7.37 -3.69
1969.00 88.00 76.41 64.82 53.23 41.64 30.05 18.46 6.87 -4.72
1970.00 128.50 128.51 128.51 128.51 128.51 128.52 128.52 128.52 128.52
1971.00 126.20 126.19 126.19 126.19 126.19 126.19 126.19 126.18 126.18
1972.00 131.39 131.40 131.40 131.40 131.41 131.41 131.41 131.42 131.42
1973.00 133.71 133.71 133.71 133.71 133.71 133.71 133.71 133.71 133.70
1974.00 138.71 138.71 138.71 138.71 138.71 138.71 138.71 138.71 138.71
1975.00 136.83 136.83 136.83 136.83 136.83 136.83 136.82 136.82 136.82
1976.00 138.05 138.06 138.06 138.07 138.07 138.08 138.08 138.09 138.09
1977.00 140.28 140.28 140.28 140.28 140.28 140.28 140.28 140.28 140.28
1978.00 141.77 141.78 141.78 141.78 141.78 141.78 141.78 141.78 141.79
1979.00 140.90 140.89 140.89 140.88 140.88 140.88 140.87 140.87 140.87
1980.00 140.70 140.70 140.70 140.70 140.70 140.70 140.70 140.70 140.70
1981.00 139.48 139.48 139.48 139.49 139.49 139.49 139.50 139.50 139.50
1982.00 137.22 137.23 137.23 137.24 137.24 137.25 137.25 137.26 137.26
1983.00 128.42 128.42 128.42 128.43 128.43 128.43 128.43 128.43 128.43
1984.00 128.18 128.18 128.17 128.16 128.16 128.15 128.14 128.14 128.13
1985.00 126.61 126.61 126.61 126.61 126.62 126.62 126.62 126.62 126.62
1986.00 126.45 126.45 126.45 126.45 126.45 126.45 126.45 126.45 126.45
1987.00 122.09 122.10 122.10 122.10 122.11 122.11 122.11 122.11 122.12
1988.00 117.35 117.43 117.50 117.58 117.66 117.74 117.81 117.89 117.97
1989.00 112.15 112.35 112.54 112.73 112.93 113.12 113.31 113.51 113.70
1990.00 107.25 107.55 107.84 108.14 108.44 108.73 109.03 109.32 109.62
1991.00 102.72 103.30 103.88 104.46 105.04 105.61 106.19 106.77 107.35
1992.00 98.51 99.48 100.44 101.40 102.36 103.32 104.28 105.24 106.20
1993.00 93.71 95.03 96.34 97.66 98.98 100.29 101.61 102.93 104.24
1994.00 89.40 91.07 92.75 94.42 96.10 97.77 99.44 101.12 102.79
1995.00 86.11 88.36 90.60 92.85 95.09 97.34 99.58 101.83 104.07
1996.00 82.05 84.59 87.13 89.67 92.21 94.75 97.29 99.83 102.36
1997.00 78.05 81.03 84.02 87.00 89.98 92.96 95.94 98.92 101.90
1998.00 73.87 77.16 80.45 83.74 87.03 90.32 93.61 96.90 100.19
1999.00 69.07 72.50 75.93 79.36 82.79 86.21 89.64 93.07 96.50
2000.00 63.77 67.17 70.56 73.96 77.36 80.76 84.15 87.55 90.95
2001.00 59.41 63.01 66.60 70.19 73.79 77.38 80.97 84.56 88.16
2002.00 55.35 59.22 63.09 66.95 70.82 74.69 78.55 82.42 86.29
2003.00 52.02 56.18 60.34 64.50 68.66 72.82 76.98 81.14 85.30
2004.00 46.74 50.83 54.93 59.02 63.12 67.21 71.31 75.40 79.50
2005.00 43.21 47.64 52.07 56.50 60.93 65.36 69.79 74.22 78.65
2006.00 39.35 44.06 48.77 53.48 58.19 62.90 67.61 72.32 77.02
2007.00 35.71 40.61 45.52 50.43 55.33 60.24 65.14 70.05 74.95
2008.00 30.64 35.49 40.36 45.21 50.07 54.93 59.79 64.65 69.51
2009.00 26.40 31.34 36.28 41.22 46.16 51.10 56.04 60.98 65.92
2010.00 21.53 26.35 31.18 36.00 40.82 45.64 50.46 55.29 60.11
2011.00 18.37 23.41 28.46 33.51 38.56 43.61 48.66 53.71 58.76
2012.00 15.02 20.29 25.57 30.84 36.12 41.39 46.67 51.94 57.22
2013.00 12.33 17.75 23.17 28.60 34.02 39.45 44.87 50.29 55.72
2014.00 8.90 14.44 19.98 25.52 31.05 36.59 42.13 47.67 53.21
2015.00 6.07 11.91 17.75 23.58 29.42 35.26 41.10 46.94 52.78
2016.00 2.63 8.69 14.75 20.81 26.87 32.94 39.00 45.06 51.12
2017.00 0.39 6.62 12.86 19.09 25.33 31.56 37.80 44.03 50.27
2018.00 -14.88 -12.72 -10.55 -8.38 -6.22 -4.05 -1.88 0.28 2.45
2019.00 -16.30 -13.88 -11.45 -9.03 -6.60 -4.18 -1.76 0.67 3.09
2020.00 -18.44 -15.78 -13.12 -10.46 -7.80 -5.14 -2.48 0.18 2.84
2021.00 -19.84 -16.96 -14.08 -11.21 -8.33 -5.45 -2.57 0.31 3.18
2022.00 -21.85 -18.77 -15.68 -12.60 -9.52 -6.44 -3.36 -0.28 2.80
2023.00 -22.96 -19.69 -16.41 -13.14 -9.86 -6.58 -3.31 -0.03 3.24
2024.00 -24.45 -21.00 -17.56 -14.11 -10.67 -7.23 -3.78 -0.34 3.11
2025.00 -25.68 -22.10 -18.53 -14.96 -11.38 -7.81 -4.24 -0.66 2.91
2026.00 -27.08 -23.39 -19.71 -16.03 -12.34 -8.66 -4.97 -1.29 2.39
2027.00 -28.05 -24.26 -20.47 -16.68 -12.89 -9.10 -5.32 -1.53 2.26
2028.00 -28.97 -25.07 -21.17 -17.27 -13.37 -9.47 -5.57 -1.67 2.23
2029.00 -29.49 -25.50 -21.52 -17.55 -13.57 -9.59 -5.61 -1.63 2.35
2030.00 -30.20 -26.16 -22.12 -18.08 -14.04 -10.00 -5.96 -1.92 2.12
2031.00 -30.23 -26.15 -22.08 -18.01 -13.93 -9.86 -5.78 -1.71 2.36
2032.00 -31.05 -26.95 -22.84 -18.74 -14.63 -10.53 -6.42 -2.32 1.79
2033.00 -31.43 -27.28 -23.13 -18.98 -14.83 -10.68 -6.54 -2.39 1.76
2034.00 -32.00 -27.81 -23.61 -19.43 -15.23 -11.04 -6.85 -2.66 1.53
2035.00 -32.07 -27.85 -23.64 -19.43 -15.22 -11.01 -6.80 -2.59 1.62
2036.00 -32.46 -28.23 -24.00 -19.78 -15.55 -11.33 -7.10 -2.88 1.35
2037.00 -32.50 -28.27 -24.03 -19.80 -15.57 -11.34 -7.10 -2.87 1.36
2038.00 -32.71 -28.45 -24.20 -19.95 -15.70 -11.44 -7.19 -2.94 1.31
2039.00 -32.54 -28.28 -24.02 -19.76 -15.50 -11.24 -6.99 -2.73 1.53
2040.00 -32.82 -28.55 -24.28 -20.01 -15.74 -11.47 -7.20 -2.93 1.34
2041.00 -32.63 -28.36 -24.09 -19.82 -15.55 -11.27 -7.00 -2.73 1.54
2042.00 -32.74 -28.46 -24.18 -19.90 -15.62 -11.34 -7.07 -2.79 1.49
2043.00 -32.67 -28.39 -24.10 -19.81 -15.53 -11.24 -6.96 -2.67 1.62
2044.00 -32.86 -28.56 -24.26 -19.96 -15.66 -11.36 -7.06 -2.76 1.54
2045.00 -32.61 -28.31 -24.00 -19.70 -15.40 -11.10 -6.79 -2.49 1.81
2046.00 -32.74 -28.44 -24.13 -19.82 -15.52 -11.21 -6.90 -2.60 1.71
2047.00 -32.65 -28.34 -24.04 -19.74 -15.43 -11.13 -6.82 -2.52 1.78
2048.00 -32.93 -28.63 -24.32 -20.01 -15.71 -11.40 -7.09 -2.78 1.52
2049.00 -32.76 -28.45 -24.14 -19.83 -15.52 -11.21 -6.91 -2.60 1.71
2050.00 -32.96 -28.65 -24.34 -20.03 -15.72 -11.41 -7.10 -2.79 1.52
2051.00 -32.80 -28.49 -24.19 -19.88 -15.58 -11.27 -6.96 -2.66 1.65
2052.00 -32.94 -28.63 -24.32 -20.02 -15.72 -11.41 -7.10 -2.80 1.51
2053.00 -32.64 -28.34 -24.04 -19.75 -15.45 -11.16 -6.86 -2.56 1.73
2054.00 -32.82 -28.53 -24.23 -19.94 -15.65 -11.36 -7.07 -2.77 1.52
2055.00 -32.73 -28.44 -24.15 -19.87 -15.58 -11.30 -7.01 -2.73 1.56
2056.00 -32.76 -28.48 -24.19 -19.91 -15.62 -11.33 -7.05 -2.76 1.52
2057.00 -32.51 -28.24 -23.96 -19.69 -15.41 -11.13 -6.86 -2.58 1.69
2058.00 -32.75 -28.48 -24.20 -19.93 -15.65 -11.38 -7.10 -2.83 1.45
2059.00 -32.62 -28.35 -24.09 -19.83 -15.57 -11.31 -7.05 -2.78 1.48
2060.00 -32.77 -28.51 -24.25 -19.99 -15.73 -11.47 -7.21 -2.95 1.31
2061.00 -32.59 -28.34 -24.09 -19.83 -15.58 -11.33 -7.08 -2.82 1.43
2062.00 -32.73 -28.48 -24.22 -19.97 -15.72 -11.47 -7.21 -2.96 1.29
2063.00 -32.43 -28.18 -23.94 -19.69 -15.45 -11.20 -6.95 -2.71 1.54
2064.00 -32.39 -28.16 -23.92 -19.68 -15.44 -11.21 -6.97 -2.73 1.51
2065.00 -32.15 -27.93 -23.70 -19.48 -15.26 -11.04 -6.81 -2.59 1.63
