# yearspad, alpred
# [0.3 0.4 0.5 0.6 0.7 0.8 0.9 1.  1.1]
1922.00 -25.37 -21.16 -16.94 -12.72 -8.50 -4.28 -0.06 4.16 8.37
1923.00 -25.67 -21.47 -17.27 -13.07 -8.87 -4.67 -0.48 3.72 7.91
1924.00 -23.65 -19.47 -15.29 -11.10 -6.92 -2.74 1.44 5.62 9.80
1925.00 -24.16 -20.04 -15.91 -11.77 -7.64 -3.51 0.62 4.74 8.87
1926.00 -23.38 -19.30 -15.22 -11.14 -7.06 -2.98 1.10 5.17 9.25
1927.00 -22.76 -18.75 -14.73 -10.71 -6.70 -2.68 1.34 5.35 9.37
1928.00 -22.85 -18.90 -14.96 -11.01 -7.06 -3.11 0.83 4.77 8.71
1929.00 -22.39 -18.54 -14.70 -10.85 -7.00 -3.15 0.70 4.55 8.39
1930.00 -21.05 -17.32 -13.58 -9.85 -6.11 -2.38 1.36 5.09 8.82
1931.00 -20.95 -17.37 -13.79 -10.21 -6.64 -3.05 0.53 4.10 7.68
1932.00 -19.31 -15.88 -12.45 -9.02 -5.58 -2.14 1.29 4.72 8.14
1933.00 -19.49 -16.23 -12.97 -9.71 -6.44 -3.18 0.08 3.34 6.60
1934.00 -17.45 -14.37 -11.29 -8.21 -5.13 -2.04 1.04 4.12 7.20
1935.00 -16.59 -13.75 -10.91 -8.07 -5.22 -2.38 0.46 3.30 6.14
1936.00 -15.35 -12.76 -10.17 -7.58 -4.99 -2.40 0.19 2.77 5.36
1937.00 -14.44 -12.13 -9.81 -7.49 -5.17 -2.85 -0.53 1.78 4.09
1938.00 -11.88 -9.81 -7.74 -5.68 -3.61 -1.54 0.52 2.59 4.65
1939.00 -12.71 -10.94 -9.17 -7.41 -5.64 -3.87 -2.10 -0.33 1.43
1940.00 -10.27 -8.80 -7.32 -5.85 -4.37 -2.89 -1.41 0.06 1.53
1941.00 -8.56 -7.44 -6.31 -5.19 -4.06 -2.93 -1.81 -0.69 0.43
1942.00 -6.08 -5.30 -4.52 -3.73 -2.95 -2.16 -1.38 -0.60 0.18
1943.00 -4.23 -3.82 -3.41 -3.01 -2.60 -2.19 -1.78 -1.38 -0.98
1944.00 -2.27 -2.22 -2.17 -2.12 -2.07 -2.01 -1.96 -1.92 -1.87
1945.00 -0.13 -0.45 -0.77 -1.09 -1.41 -1.72 -2.04 -2.36 -2.69
1946.00 1.36 0.65 -0.05 -0.76 -1.46 -2.16 -2.87 -3.57 -4.28
1947.00 3.60 2.49 1.38 0.27 -0.83 -1.94 -3.05 -4.16 -5.27
1948.00 7.03 5.50 3.96 2.43 0.89 -0.64 -2.17 -3.71 -5.25
1949.00 9.66 7.71 5.75 3.79 1.84 -0.12 -2.07 -4.03 -5.99
1950.00 11.37 8.99 6.61 4.22 1.84 -0.53 -2.92 -5.30 -7.68
1951.00 14.43 11.65 8.87 6.10 3.32 0.55 -2.23 -5.01 -7.79
1952.00 17.85 14.63 11.40 8.17 4.94 1.71 -1.52 -4.75 -7.98
1953.00 19.70 16.00 12.30 8.60 4.91 1.21 -2.49 -6.19 -9.89
1954.00 22.85 18.67 14.48 10.29 6.10 1.91 -2.28 -6.47 -10.66
1955.00 24.84 20.20 15.55 10.91 6.27 1.63 -3.01 -7.65 -12.29
1956.00 27.23 22.14 17.04 11.95 6.85 1.76 -3.34 -8.44 -13.53
1957.00 30.17 24.63 19.09 13.54 8.00 2.46 -3.08 -8.62 -14.16
1958.00 33.44 27.42 21.39 15.37 9.34 3.32 -2.70 -8.73 -14.75
1959.00 36.33 29.79 23.26 16.72 10.18 3.64 -2.90 -9.44 -15.98
1960.00 39.45 32.42 25.39 18.35 11.32 4.29 -2.74 -9.77 -16.81
1961.00 42.13 34.63 27.12 19.62 12.11 4.61 -2.90 -10.40 -17.91
1962.00 44.69 36.70 28.71 20.71 12.72 4.73 -3.26 -11.25 -19.25
1963.00 48.47 39.96 31.45 22.94 14.43 5.92 -2.59 -11.10 -19.61
1964.00 51.09 42.05 33.00 23.96 14.92 5.88 -3.16 -12.20 -21.25
1965.00 54.97 45.41 35.86 26.30 16.75 7.19 -2.36 -11.92 -21.47
1966.00 57.14 47.08 37.02 26.95 16.89 6.82 -3.24 -13.30 -23.37
1967.00 60.75 50.19 39.63 29.07 18.51 7.96 -2.60 -13.16 -23.72
1968.00 63.51 52.41 41.31 30.21 19.11 8.01 -3.09 -14.19 -25.29
1969.00 67.26 55.63 44.00 32.37 20.75 9.12 -2.51 -14.14 -25.76
1970.00 104.39 104.39 104.40 104.40 104.40 104.40 104.41 104.41 104.41
1971.00 115.99 115.99 115.98 115.98 115.98 115.98 115.97 115.97 115.97
1972.00 97.20 97.20 97.21 97.21 97.22 97.22 97.22 97.23 97.23
1973.00 106.75 106.75 106.75 106.75 106.75 106.74 106.74 106.74 106.74
1974.00 110.53 110.53 110.53 110.53 110.53 110.53 110.53 110.53 110.53
1975.00 111.56 111.56 111.56 111.56 111.56 111.56 111.55 111.55 111.55
1976.00 116.64 116.65 116.65 116.66 116.66 116.67 116.67 116.68 116.68
1977.00 117.23 117.23 117.23 117.23 117.23 117.23 117.23 117.23 117.24
1978.00 118.86 118.86 118.86 118.87 118.87 118.87 118.87 118.87 118.87
1979.00 118.30 118.30 118.29 118.29 118.29 118.28 118.28 118.28 118.27
1980.00 117.74 117.74 117.74 117.74 117.74 117.74 117.74 117.74 117.74
1981.00 120.76 120.76 120.77 120.77 120.77 120.78 120.78 120.78 120.79
1982.00 119.33 119.34 119.34 119.35 119.35 119.36 119.36 119.37 119.37
1983.00 113.26 113.26 113.27 113.27 113.27 113.27 113.27 113.27 113.27
1984.00 110.84 110.84 110.83 110.83 110.82 110.81 110.81 110.80 110.79
1985.00 112.87 112.87 112.87 112.87 112.87 112.87 112.87 112.87 112.87
1986.00 104.95 104.95 104.95 104.95 104.95 104.95 104.95 104.95 104.96
1987.00 108.71 108.71 108.72 108.72 108.72 108.72 108.73 108.73 108.73
1988.00 103.30 103.41 103.51 103.61 103.72 103.82 103.93 104.03 104.14
1989.00 99.15 99.37 99.59 99.81 100.03 100.25 100.47 100.69 100.91
1990.00 94.48 94.80 95.12 95.45 95.77 96.09 96.42 96.74 97.07
1991.00 90.86 91.46 92.08 92.69 93.30 93.91 94.52 95.13 95.74
1992.00 87.49 88.48 89.48 90.48 91.47 92.47 93.47 94.46 95.46
1993.00 84.84 86.20 87.56 88.92 90.28 91.64 93.00 94.35 95.71
1994.00 80.37 82.09 83.82 85.55 87.28 89.01 90.74 92.47 94.19
1995.00 77.84 80.08 82.32 84.56 86.80 89.04 91.28 93.52 95.76
1996.00 74.46 77.00 79.54 82.08 84.62 87.16 89.70 92.24 94.79
1997.00 71.59 74.55 77.52 80.48 83.45 86.41 89.38 92.35 95.31
1998.00 67.73 71.01 74.28 77.55 80.83 84.10 87.37 90.64 93.92
1999.00 63.43 66.86 70.30 73.73 77.17 80.60 84.03 87.47 90.90
2000.00 59.13 62.55 65.97 69.39 72.81 76.23 79.64 83.06 86.48
2001.00 54.95 58.56 62.17 65.78 69.39 73.00 76.61 80.22 83.83
2002.00 52.39 56.28 60.17 64.06 67.95 71.83 75.72 79.61 83.50
2003.00 49.07 53.24 57.41 61.58 65.75 69.92 74.09 78.26 82.43
2004.00 45.75 49.85 53.95 58.05 62.15 66.25 70.34 74.45 78.55
2005.00 40.66 45.09 49.52 53.94 58.36 62.79 67.21 71.64 76.06
2006.00 38.34 43.06 47.79 52.51 57.24 61.96 66.68 71.41 76.13
2007.00 35.22 40.14 45.07 49.99 54.92 59.84 64.76 69.69 74.61
2008.00 31.07 35.95 40.83 45.71 50.59 55.47 60.34 65.22 70.10
2009.00 27.41 32.37 37.33 42.29 47.26 52.22 57.18 62.14 67.10
2010.00 24.16 29.01 33.86 38.70 43.55 48.39 53.23 58.08 62.93
2011.00 20.50 25.56 30.62 35.68 40.73 45.79 50.84 55.90 60.96
2012.00 18.08 23.40 28.71 34.02 39.33 44.64 49.95 55.26 60.58
2013.00 15.17 20.62 26.06 31.51 36.95 42.40 47.84 53.29 58.74
2014.00 13.05 18.63 24.22 29.80 35.39 40.97 46.55 52.14 57.72
2015.00 10.93 16.82 22.70 28.59 34.48 40.36 46.25 52.14 58.03
2016.00 7.90 14.02 20.13 26.24 32.35 38.46 44.57 50.69 56.80
2017.00 5.50 11.79 18.07 24.36 30.64 36.93 43.21 49.50 55.78
2018.00 -8.66 -6.47 -4.28 -2.10 0.09 2.27 4.46 6.64 8.83
2019.00 -11.69 -9.25 -6.82 -4.38 -1.94 0.50 2.93 5.37 7.81
2020.00 -11.24 -8.56 -5.88 -3.20 -0.52 2.16 4.83 7.51 10.19
2021.00 -13.27 -10.38 -7.48 -4.59 -1.69 1.20 4.09 6.98 9.88
2022.00 -14.88 -11.78 -8.69 -5.59 -2.49 0.60 3.70 6.79 9.89
2023.00 -16.51 -13.22 -9.93 -6.64 -3.35 -0.06 3.22 6.51 9.81
2024.00 -17.56 -14.10 -10.64 -7.19 -3.73 -0.28 3.18 6.64 10.10
2025.00 -19.09 -15.50 -11.92 -8.33 -4.74 -1.16 2.42 6.01 9.60
2026.00 -19.92 -16.23 -12.53 -8.83 -5.14 -1.45 2.25 5.94 9.64
2027.00 -21.61 -17.81 -14.01 -10.21 -6.41 -2.62 1.18 4.98 8.78
2028.00 -21.66 -17.75 -13.84 -9.93 -6.02 -2.12 1.79 5.70 9.61
2029.00 -23.02 -19.03 -15.04 -11.05 -7.07 -3.08 0.90 4.89 8.88
2030.00 -23.49 -19.44 -15.40 -11.35 -7.30 -3.25 0.79 4.84 8.89
2031.00 -23.71 -19.62 -15.54 -11.46 -7.38 -3.30 0.78 4.86 8.95
2032.00 -23.98 -19.87 -15.75 -11.64 -7.52 -3.41 0.70 4.81 8.93
2033.00 -25.10 -20.94 -16.79 -12.63 -8.48 -4.32 -0.17 3.98 8.14
2034.00 -24.61 -20.41 -16.21 -12.01 -7.81 -3.62 0.58 4.78 8.98
2035.00 -25.45 -21.24 -17.02 -12.80 -8.59 -4.37 -0.16 4.06 8.28
2036.00 -25.25 -21.02 -16.78 -12.55 -8.32 -4.09 0.14 4.37 8.61
2037.00 -25.87 -21.64 -17.40 -13.16 -8.92 -4.68 -0.45 3.79 8.03
2038.00 -25.72 -21.46 -17.21 -12.95 -8.69 -4.43 -0.18 4.08 8.34
2039.00 -25.94 -21.68 -17.41 -13.15 -8.88 -4.62 -0.36 3.90 8.17
2040.00 -25.83 -21.56 -17.29 -13.01 -8.73 -4.46 -0.19 4.09 8.37
2041.00 -26.20 -21.93 -17.65 -13.37 -9.10 -4.82 -0.55 3.72 8.00
2042.00 -25.60 -21.31 -17.03 -12.74 -8.46 -4.17 0.11 4.39 8.68
2043.00 -25.86 -21.57 -17.28 -12.99 -8.70 -4.40 -0.12 4.17 8.47
2044.00 -25.76 -21.46 -17.16 -12.85 -8.54 -4.24 0.06 4.37 8.67
2045.00 -25.86 -21.55 -17.25 -12.94 -8.63 -4.32 -0.02 4.29 8.60
2046.00 -25.43 -21.12 -16.81 -12.49 -8.18 -3.87 0.44 4.75 9.06
2047.00 -25.91 -21.61 -17.30 -12.99 -8.68 -4.37 -0.06 4.24 8.55
2048.00 -25.63 -21.32 -17.01 -12.69 -8.38 -4.07 0.24 4.55 8.87
2049.00 -26.04 -21.73 -17.42 -13.10 -8.79 -4.47 -0.16 4.15 8.47
2050.00 -25.71 -21.39 -17.08 -12.76 -8.44 -4.12 0.19 4.50 8.82
2051.00 -26.34 -22.03 -17.73 -13.41 -9.10 -4.79 -0.48 3.83 8.14
2052.00 -25.90 -21.59 -17.28 -12.97 -8.66 -4.34 -0.03 4.27 8.59
2053.00 -26.19 -21.90 -17.60 -13.29 -9.00 -4.69 -0.40 3.90 8.20
2054.00 -25.67 -21.38 -17.08 -12.77 -8.48 -4.18 0.12 4.41 8.71
2055.00 -26.14 -21.85 -17.57 -13.27 -8.98 -4.69 -0.40 3.88 8.18
2056.00 -25.92 -21.63 -17.34 -13.04 -8.75 -4.46 -0.17 4.12 8.41
2057.00 -25.95 -21.68 -17.40 -13.11 -8.83 -4.55 -0.27 4.01 8.29
2058.00 -25.68 -21.41 -17.13 -12.84 -8.56 -4.28 -0.00 4.28 8.56
2059.00 -26.20 -21.94 -17.67 -13.40 -9.14 -4.87 -0.60 3.66 7.93
2060.00 -25.58 -21.31 -17.05 -12.78 -8.51 -4.24 0.02 4.28 8.55
2061.00 -26.01 -21.75 -17.50 -13.23 -8.98 -4.71 -0.46 3.80 8.06
2062.00 -25.95 -21.70 -17.44 -13.18 -8.92 -4.66 -0.40 3.86 8.12
2063.00 -26.00 -21.75 -17.50 -13.24 -8.99 -4.74 -0.49 3.76 8.01
2064.00 -25.63 -21.39 -17.15 -12.90 -8.66 -4.41 -0.17 4.07 8.32
2065.00 -25.65 -21.43 -17.20 -12.97 -8.74 -4.51 -0.28 3.95 8.18
