# yearspad, alpred
# [0.3 0.4 0.5 0.6 0.7 0.8 0.9 1.  1.1]
1922.00 -32.23 -28.01 -23.80 -19.58 -15.37 -11.15 -6.93 -2.72 1.49
1923.00 -32.20 -28.00 -23.81 -19.62 -15.42 -11.23 -7.03 -2.84 1.35
1924.00 -31.93 -27.76 -23.59 -19.41 -15.24 -11.06 -6.89 -2.71 1.46
1925.00 -31.63 -27.51 -23.39 -19.27 -15.15 -11.02 -6.90 -2.78 1.34
1926.00 -31.26 -27.19 -23.12 -19.06 -14.99 -10.91 -6.84 -2.78 1.29
1927.00 -30.63 -26.62 -22.62 -18.61 -14.61 -10.60 -6.59 -2.59 1.41
1928.00 -30.31 -26.38 -22.45 -18.51 -14.58 -10.65 -6.71 -2.78 1.15
1929.00 -29.77 -25.93 -22.10 -18.26 -14.43 -10.59 -6.75 -2.92 0.91
1930.00 -29.02 -25.30 -21.59 -17.87 -14.15 -10.43 -6.71 -2.99 0.72
1931.00 -28.18 -24.62 -21.06 -17.50 -13.94 -10.37 -6.81 -3.25 0.31
1932.00 -27.17 -23.75 -20.34 -16.93 -13.52 -10.11 -6.69 -3.28 0.13
1933.00 -25.99 -22.74 -19.50 -16.26 -13.02 -9.78 -6.53 -3.29 -0.05
1934.00 -24.76 -21.71 -18.65 -15.59 -12.53 -9.47 -6.41 -3.36 -0.30
1935.00 -23.13 -20.31 -17.49 -14.68 -11.86 -9.04 -6.22 -3.40 -0.59
1936.00 -21.53 -18.97 -16.41 -13.85 -11.29 -8.73 -6.16 -3.60 -1.04
1937.00 -19.89 -17.60 -15.31 -13.02 -10.73 -8.43 -6.14 -3.85 -1.56
1938.00 -18.19 -16.16 -14.13 -12.09 -10.06 -8.02 -5.98 -3.95 -1.92
1939.00 -16.68 -14.93 -13.20 -11.45 -9.71 -7.97 -6.23 -4.49 -2.75
1940.00 -14.79 -13.35 -11.90 -10.46 -9.02 -7.57 -6.12 -4.68 -3.24
1941.00 -12.50 -11.40 -10.31 -9.22 -8.13 -7.03 -5.94 -4.85 -3.76
1942.00 -10.28 -9.53 -8.79 -8.04 -7.29 -6.54 -5.79 -5.04 -4.29
1943.00 -7.55 -7.18 -6.81 -6.44 -6.07 -5.69 -5.32 -4.95 -4.58
1944.00 -5.09 -5.07 -5.06 -5.04 -5.03 -5.01 -4.99 -4.97 -4.96
1945.00 -2.22 -2.57 -2.93 -3.28 -3.64 -3.99 -4.34 -4.69 -5.05
1946.00 0.25 -0.49 -1.23 -1.97 -2.70 -3.44 -4.18 -4.91 -5.65
1947.00 3.10 1.96 0.81 -0.33 -1.47 -2.60 -3.74 -4.88 -6.02
1948.00 5.89 4.32 2.75 1.18 -0.38 -1.95 -3.52 -5.09 -6.65
1949.00 8.95 6.96 4.97 2.98 0.99 -1.00 -2.98 -4.97 -6.96
1950.00 11.83 9.42 7.01 4.60 2.19 -0.22 -2.63 -5.04 -7.45
1951.00 15.11 12.31 9.50 6.70 3.89 1.09 -1.71 -4.52 -7.32
1952.00 18.60 15.34 12.08 8.83 5.57 2.32 -0.94 -4.20 -7.45
1953.00 22.11 18.39 14.67 10.95 7.23 3.51 -0.21 -3.93 -7.65
1954.00 25.88 21.67 17.46 13.26 9.05 4.84 0.63 -3.58 -7.79
1955.00 29.08 24.42 19.76 15.10 10.45 5.79 1.14 -3.52 -8.18
1956.00 32.14 27.03 21.92 16.81 11.70 6.60 1.49 -3.62 -8.73
1957.00 35.28 29.73 24.18 18.63 13.08 7.53 1.98 -3.57 -9.12
1958.00 38.94 32.91 26.88 20.84 14.81 8.78 2.75 -3.28 -9.31
1959.00 42.67 36.13 29.58 23.04 16.50 9.96 3.42 -3.12 -9.67
1960.00 46.67 39.63 32.60 25.57 18.54 11.51 4.48 -2.55 -9.59
1961.00 50.36 42.86 35.36 27.86 20.36 12.86 5.37 -2.13 -9.63
1962.00 53.76 45.77 37.79 29.80 21.82 13.83 5.85 -2.14 -10.12
1963.00 57.48 48.98 40.48 31.98 23.48 14.98 6.48 -2.02 -10.52
1964.00 61.19 52.17 43.14 34.11 25.09 16.06 7.03 -1.99 -11.02
1965.00 64.90 55.37 45.83 36.29 26.75 17.22 7.68 -1.86 -11.39
1966.00 68.56 58.52 48.48 38.43 28.39 18.34 8.30 -1.74 -11.79
1967.00 72.47 61.94 51.40 40.86 30.32 19.78 9.24 -1.29 -11.83
1968.00 76.61 65.53 54.46 43.38 32.31 21.23 10.16 -0.92 -12.00
1969.00 80.96 69.36 57.76 46.16 34.55 22.95 11.35 -0.25 -11.85
1970.00 121.32 121.32 121.33 121.33 121.33 121.33 121.34 121.34 121.34
1971.00 127.54 127.54 127.54 127.54 127.54 127.53 127.53 127.53 127.53
1972.00 130.01 130.01 130.02 130.02 130.02 130.03 130.03 130.03 130.04
1973.00 132.11 132.11 132.11 132.10 132.10 132.10 132.10 132.10 132.10
1974.00 135.37 135.37 135.37 135.37 135.37 135.37 135.37 135.37 135.37
1975.00 135.64 135.64 135.64 135.64 135.64 135.63 135.63 135.63 135.63
1976.00 139.49 139.50 139.50 139.51 139.51 139.52 139.52 139.53 139.53
1977.00 140.79 140.79 140.79 140.79 140.79 140.79 140.79 140.79 140.79
1978.00 141.78 141.78 141.78 141.78 141.78 141.78 141.79 141.79 141.79
1979.00 140.23 140.23 140.23 140.22 140.22 140.22 140.21 140.21 140.21
1980.00 142.06 142.06 142.06 142.06 142.06 142.06 142.06 142.06 142.05
1981.00 140.51 140.51 140.52 140.52 140.52 140.53 140.53 140.53 140.54
1982.00 139.65 139.65 139.66 139.66 139.67 139.67 139.68 139.68 139.69
1983.00 134.12 134.12 134.12 134.12 134.12 134.12 134.13 134.13 134.13
1984.00 130.04 130.03 130.03 130.02 130.01 130.01 130.00 129.99 129.99
1985.00 129.21 129.21 129.22 129.22 129.22 129.22 129.22 129.22 129.22
1986.00 128.80 128.80 128.80 128.80 128.80 128.80 128.80 128.80 128.80
1987.00 128.64 128.64 128.65 128.65 128.65 128.65 128.66 128.66 128.66
1988.00 123.97 124.05 124.13 124.21 124.28 124.36 124.44 124.52 124.60
1989.00 119.27 119.47 119.67 119.86 120.06 120.26 120.46 120.65 120.85
1990.00 114.11 114.41 114.71 115.02 115.32 115.62 115.92 116.23 116.53
1991.00 109.35 109.92 110.50 111.07 111.65 112.22 112.80 113.37 113.95
1992.00 104.90 105.85 106.80 107.75 108.69 109.64 110.59 111.54 112.49
1993.00 100.62 101.93 103.23 104.54 105.84 107.15 108.45 109.76 111.07
1994.00 96.06 97.74 99.42 101.10 102.78 104.46 106.14 107.82 109.50
1995.00 92.08 94.26 96.44 98.61 100.79 102.96 105.14 107.31 109.49
1996.00 87.82 90.29 92.76 95.23 97.69 100.16 102.62 105.09 107.56
1997.00 84.15 87.05 89.95 92.86 95.76 98.66 101.56 104.46 107.36
1998.00 80.12 83.32 86.53 89.74 92.95 96.16 99.36 102.57 105.78
1999.00 75.41 78.78 82.14 85.51 88.87 92.24 95.60 98.96 102.33
2000.00 70.01 73.35 76.70 80.04 83.38 86.73 90.07 93.41 96.75
2001.00 65.15 68.69 72.23 75.77 79.31 82.84 86.38 89.92 93.45
2002.00 61.30 65.13 68.96 72.78 76.61 80.43 84.26 88.08 91.91
2003.00 57.66 61.75 65.85 69.94 74.03 78.12 82.21 86.30 90.39
2004.00 53.12 57.14 61.17 65.19 69.21 73.23 77.25 81.27 85.29
2005.00 49.21 53.55 57.89 62.23 66.56 70.90 75.23 79.57 83.91
2006.00 45.16 49.77 54.38 58.99 63.60 68.20 72.81 77.42 82.03
2007.00 41.11 45.92 50.73 55.54 60.35 65.16 69.97 74.78 79.59
2008.00 36.21 40.97 45.73 50.49 55.25 60.01 64.77 69.52 74.28
2009.00 31.97 36.81 41.66 46.50 51.34 56.18 61.02 65.86 70.71
2010.00 26.86 31.59 36.33 41.06 45.79 50.51 55.24 59.97 64.70
2011.00 23.22 28.18 33.13 38.09 43.04 47.99 52.94 57.90 62.85
2012.00 19.69 24.87 30.06 35.24 40.42 45.60 50.78 55.96 61.15
2013.00 16.73 22.07 27.40 32.74 38.07 43.40 48.73 54.06 59.40
2014.00 13.18 18.64 24.10 29.55 35.01 40.46 45.92 51.37 56.83
2015.00 10.50 16.26 22.02 27.78 33.54 39.30 45.06 50.82 56.57
2016.00 7.06 13.04 19.03 25.01 30.99 36.97 42.94 48.92 54.90
2017.00 3.93 10.09 16.25 22.41 28.58 34.73 40.89 47.05 53.21
2018.00 -11.28 -9.12 -6.95 -4.79 -2.62 -0.46 1.70 3.86 6.02
2019.00 -13.46 -11.04 -8.62 -6.20 -3.78 -1.36 1.05 3.47 5.88
2020.00 -15.31 -12.65 -9.99 -7.33 -4.67 -2.02 0.64 3.29 5.95
2021.00 -17.06 -14.18 -11.30 -8.43 -5.55 -2.68 0.19 3.06 5.93
2022.00 -18.96 -15.88 -12.80 -9.72 -6.64 -3.56 -0.48 2.59 5.67
2023.00 -20.59 -17.32 -14.04 -10.77 -7.49 -4.22 -0.95 2.32 5.59
2024.00 -22.23 -18.78 -15.34 -11.89 -8.45 -5.01 -1.57 1.87 5.32
2025.00 -23.75 -20.17 -16.60 -13.02 -9.45 -5.88 -2.31 1.26 4.83
2026.00 -25.02 -21.34 -17.65 -13.97 -10.28 -6.60 -2.92 0.76 4.45
2027.00 -26.24 -22.45 -18.66 -14.87 -11.08 -7.29 -3.51 0.28 4.06
2028.00 -27.41 -23.51 -19.61 -15.71 -11.81 -7.91 -4.01 -0.12 3.78
2029.00 -28.27 -24.29 -20.31 -16.33 -12.35 -8.37 -4.39 -0.42 3.56
2030.00 -29.04 -25.00 -20.96 -16.91 -12.87 -8.83 -4.79 -0.75 3.28
2031.00 -29.43 -25.35 -21.27 -17.19 -13.12 -9.04 -4.97 -0.90 3.17
2032.00 -30.02 -25.91 -21.80 -17.69 -13.58 -9.48 -5.37 -1.27 2.84
2033.00 -30.69 -26.53 -22.38 -18.23 -14.08 -9.93 -5.78 -1.63 2.51
2034.00 -31.26 -27.06 -22.87 -18.67 -14.48 -10.29 -6.09 -1.91 2.28
2035.00 -31.76 -27.55 -23.34 -19.12 -14.91 -10.70 -6.49 -2.28 1.93
2036.00 -32.01 -27.78 -23.55 -19.32 -15.09 -10.86 -6.63 -2.41 1.82
2037.00 -32.10 -27.86 -23.62 -19.38 -15.15 -10.91 -6.68 -2.44 1.79
2038.00 -32.31 -28.05 -23.80 -19.54 -15.28 -11.03 -6.77 -2.52 1.73
2039.00 -32.35 -28.08 -23.82 -19.56 -15.30 -11.03 -6.77 -2.51 1.74
2040.00 -32.44 -28.17 -23.89 -19.62 -15.34 -11.07 -6.79 -2.52 1.75
2041.00 -32.45 -28.17 -23.89 -19.62 -15.34 -11.07 -6.79 -2.52 1.75
2042.00 -32.51 -28.22 -23.94 -19.65 -15.37 -11.08 -6.80 -2.52 1.76
2043.00 -32.50 -28.21 -23.92 -19.62 -15.33 -11.04 -6.75 -2.46 1.82
2044.00 -32.62 -28.31 -24.01 -19.70 -15.40 -11.09 -6.79 -2.49 1.81
2045.00 -32.61 -28.30 -23.99 -19.68 -15.37 -11.06 -6.76 -2.45 1.85
2046.00 -32.62 -28.30 -23.99 -19.68 -15.37 -11.05 -6.74 -2.43 1.88
2047.00 -32.61 -28.29 -23.98 -19.67 -15.36 -11.05 -6.74 -2.44 1.87
2048.00 -32.67 -28.36 -24.05 -19.73 -15.42 -11.10 -6.79 -2.48 1.83
2049.00 -32.69 -28.37 -24.06 -19.74 -15.42 -11.11 -6.79 -2.48 1.83
2050.00 -32.74 -28.42 -24.10 -19.78 -15.46 -11.14 -6.82 -2.51 1.80
2051.00 -32.74 -28.42 -24.11 -19.80 -15.49 -11.17 -6.86 -2.55 1.76
2052.00 -32.70 -28.39 -24.08 -19.76 -15.45 -11.14 -6.82 -2.51 1.80
2053.00 -32.66 -28.35 -24.05 -19.75 -15.45 -11.14 -6.84 -2.54 1.76
2054.00 -32.63 -28.33 -24.03 -19.73 -15.43 -11.13 -6.83 -2.53 1.76
2055.00 -32.55 -28.26 -23.97 -19.68 -15.39 -11.09 -6.80 -2.51 1.78
2056.00 -32.61 -28.31 -24.02 -19.73 -15.44 -11.14 -6.85 -2.56 1.73
2057.00 -32.56 -28.28 -24.00 -19.71 -15.43 -11.15 -6.87 -2.59 1.69
2058.00 -32.59 -28.30 -24.03 -19.74 -15.46 -11.18 -6.90 -2.62 1.66
2059.00 -32.59 -28.32 -24.05 -19.78 -15.52 -11.25 -6.98 -2.71 1.55
2060.00 -32.61 -28.34 -24.08 -19.81 -15.55 -11.28 -7.01 -2.75 1.51
2061.00 -32.53 -28.27 -24.01 -19.75 -15.50 -11.24 -6.98 -2.72 1.53
2062.00 -32.60 -28.34 -24.08 -19.82 -15.56 -11.30 -7.05 -2.79 1.46
2063.00 -32.48 -28.23 -23.98 -19.73 -15.48 -11.22 -6.97 -2.72 1.52
2064.00 -32.43 -28.18 -23.94 -19.70 -15.46 -11.21 -6.97 -2.73 1.51
2065.00 -32.29 -28.06 -23.84 -19.61 -15.38 -11.15 -6.93 -2.70 1.52
