# yearspad, alpred
# [0.3 0.4 0.5 0.6 0.7 0.8 0.9 1.  1.1]
1922.00 -24.21 -19.97 -15.73 -11.48 -7.24 -3.00 1.24 5.47 9.71
1923.00 -24.91 -20.69 -16.47 -12.25 -8.03 -3.81 0.40 4.62 8.83
1924.00 -25.28 -21.08 -16.88 -12.68 -8.49 -4.29 -0.10 4.09 8.28
1925.00 -25.46 -21.31 -17.17 -13.02 -8.88 -4.74 -0.60 3.54 7.67
1926.00 -25.53 -21.44 -17.35 -13.26 -9.17 -5.08 -0.99 3.09 7.17
1927.00 -25.25 -21.22 -17.20 -13.17 -9.15 -5.13 -1.11 2.91 6.93
1928.00 -25.32 -21.36 -17.41 -13.46 -9.51 -5.55 -1.61 2.34 6.28
1929.00 -25.41 -21.56 -17.71 -13.85 -10.00 -6.15 -2.31 1.54 5.38
1930.00 -25.48 -21.74 -18.01 -14.28 -10.55 -6.82 -3.10 0.63 4.35
1931.00 -25.38 -21.81 -18.24 -14.67 -11.10 -7.53 -3.96 -0.40 3.17
1932.00 -25.06 -21.64 -18.22 -14.80 -11.38 -7.97 -4.55 -1.14 2.27
1933.00 -24.64 -21.39 -18.15 -14.90 -11.65 -8.41 -5.16 -1.92 1.32
1934.00 -24.21 -21.15 -18.09 -15.03 -11.97 -8.91 -5.86 -2.80 0.25
1935.00 -23.31 -20.49 -17.68 -14.86 -12.04 -9.23 -6.42 -3.61 -0.80
1936.00 -22.14 -19.58 -17.03 -14.47 -11.91 -9.36 -6.81 -4.26 -1.71
1937.00 -21.18 -18.90 -16.62 -14.33 -12.05 -9.77 -7.49 -5.21 -2.93
1938.00 -19.51 -17.49 -15.47 -13.44 -11.42 -9.39 -7.37 -5.36 -3.34
1939.00 -18.01 -16.28 -14.55 -12.82 -11.09 -9.36 -7.64 -5.91 -4.19
1940.00 -16.82 -15.39 -13.96 -12.53 -11.10 -9.68 -8.25 -6.83 -5.41
1941.00 -15.38 -14.30 -13.23 -12.15 -11.08 -10.00 -8.93 -7.86 -6.79
1942.00 -13.99 -13.26 -12.53 -11.80 -11.08 -10.35 -9.63 -8.90 -8.19
1943.00 -11.86 -11.51 -11.17 -10.82 -10.47 -10.13 -9.78 -9.44 -9.10
1944.00 -9.80 -9.82 -9.83 -9.84 -9.85 -9.87 -9.88 -9.90 -9.92
1945.00 -7.21 -7.59 -7.98 -8.36 -8.74 -9.13 -9.51 -9.90 -10.29
1946.00 -5.29 -6.06 -6.83 -7.60 -8.37 -9.14 -9.92 -10.69 -11.47
1947.00 -3.32 -4.50 -5.68 -6.85 -8.03 -9.21 -10.38 -11.57 -12.75
1948.00 -1.77 -3.38 -4.99 -6.59 -8.20 -9.81 -11.42 -13.04 -14.65
1949.00 0.58 -1.46 -3.49 -5.52 -7.56 -9.59 -11.62 -13.66 -15.70
1950.00 2.64 0.19 -2.27 -4.73 -7.18 -9.64 -12.10 -14.56 -17.02
1951.00 4.69 1.84 -1.02 -3.87 -6.73 -9.58 -12.44 -15.30 -18.16
1952.00 7.22 3.91 0.60 -2.71 -6.02 -9.33 -12.64 -15.95 -19.26
1953.00 9.87 6.09 2.32 -1.46 -5.24 -9.01 -12.79 -16.57 -20.35
1954.00 12.86 8.59 4.32 0.06 -4.21 -8.48 -12.75 -17.01 -21.29
1955.00 15.47 10.76 6.04 1.32 -3.39 -8.11 -12.82 -17.54 -22.26
1956.00 17.64 12.47 7.30 2.13 -3.04 -8.21 -13.38 -18.55 -23.72
1957.00 19.68 14.07 8.46 2.84 -2.77 -8.39 -14.00 -19.62 -25.23
1958.00 22.03 15.93 9.83 3.74 -2.36 -8.45 -14.55 -20.65 -26.75
1959.00 24.59 17.98 11.37 4.77 -1.84 -8.45 -15.06 -21.67 -28.28
1960.00 27.57 20.47 13.37 6.27 -0.83 -7.93 -15.03 -22.13 -29.23
1961.00 30.45 22.89 15.32 7.76 0.19 -7.38 -14.94 -22.51 -30.08
1962.00 32.83 24.78 16.73 8.68 0.62 -7.43 -15.48 -23.53 -31.59
1963.00 35.47 26.91 18.34 9.77 1.21 -7.36 -15.93 -24.49 -33.06
1964.00 38.02 28.93 19.83 10.74 1.64 -7.45 -16.55 -25.64 -34.74
1965.00 40.71 31.10 21.50 11.90 2.29 -7.31 -16.92 -26.52 -36.13
1966.00 43.49 33.38 23.27 13.16 3.05 -7.06 -17.17 -27.28 -37.39
1967.00 46.46 35.86 25.26 14.66 4.06 -6.54 -17.14 -27.74 -38.34
1968.00 49.51 38.38 27.24 16.11 4.97 -6.16 -17.30 -28.43 -39.57
1969.00 53.59 41.93 30.27 18.61 6.96 -4.70 -16.36 -28.02 -39.68
1970.00 93.51 93.52 93.52 93.52 93.52 93.53 93.53 93.53 93.53
1971.00 105.32 105.32 105.32 105.32 105.31 105.31 105.31 105.31 105.31
1972.00 112.05 112.06 112.06 112.06 112.07 112.07 112.07 112.08 112.08
1973.00 114.98 114.98 114.98 114.98 114.98 114.98 114.98 114.97 114.97
1974.00 117.08 117.08 117.08 117.08 117.08 117.08 117.08 117.08 117.08
1975.00 116.86 116.85 116.85 116.85 116.85 116.85 116.85 116.84 116.84
1976.00 120.89 120.89 120.90 120.90 120.91 120.91 120.92 120.92 120.93
1977.00 122.11 122.11 122.11 122.11 122.11 122.12 122.12 122.12 122.12
1978.00 124.86 124.87 124.87 124.87 124.87 124.87 124.87 124.87 124.88
1979.00 123.94 123.94 123.93 123.93 123.93 123.92 123.92 123.91 123.91
1980.00 126.94 126.94 126.94 126.94 126.94 126.94 126.94 126.94 126.93
1981.00 125.33 125.33 125.34 125.34 125.34 125.35 125.35 125.35 125.36
1982.00 125.76 125.77 125.77 125.78 125.78 125.79 125.79 125.80 125.80
1983.00 122.27 122.27 122.27 122.27 122.27 122.27 122.27 122.27 122.28
1984.00 116.46 116.45 116.45 116.44 116.43 116.43 116.42 116.42 116.41
1985.00 115.29 115.30 115.30 115.30 115.30 115.30 115.30 115.30 115.30
1986.00 113.18 113.18 113.18 113.18 113.18 113.18 113.18 113.18 113.18
1987.00 110.00 110.00 110.00 110.00 110.01 110.01 110.01 110.01 110.02
1988.00 106.39 106.46 106.54 106.61 106.68 106.76 106.83 106.91 106.98
1989.00 102.54 102.72 102.91 103.09 103.28 103.46 103.65 103.83 104.02
1990.00 98.43 98.72 99.02 99.31 99.60 99.90 100.19 100.48 100.78
1991.00 94.42 94.98 95.54 96.10 96.66 97.21 97.77 98.33 98.89
1992.00 90.70 91.64 92.57 93.51 94.45 95.38 96.32 97.26 98.20
1993.00 87.33 88.62 89.91 91.20 92.49 93.77 95.06 96.35 97.64
1994.00 83.77 85.43 87.09 88.75 90.40 92.06 93.72 95.38 97.03
1995.00 80.64 82.80 84.96 87.12 89.28 91.44 93.60 95.76 97.92
1996.00 77.24 79.69 82.14 84.60 87.05 89.51 91.96 94.42 96.87
1997.00 74.55 77.44 80.32 83.20 86.08 88.96 91.85 94.73 97.61
1998.00 71.75 74.94 78.12 81.31 84.49 87.68 90.87 94.06 97.24
1999.00 68.22 71.57 74.92 78.26 81.61 84.95 88.30 91.65 95.00
2000.00 63.76 67.10 70.43 73.76 77.10 80.43 83.76 87.10 90.43
2001.00 59.52 63.05 66.57 70.10 73.62 77.14 80.67 84.19 87.72
2002.00 56.26 60.06 63.87 67.67 71.47 75.27 79.07 82.87 86.68
2003.00 53.05 57.13 61.21 65.30 69.38 73.46 77.54 81.63 85.71
2004.00 49.68 53.70 57.72 61.74 65.75 69.77 73.79 77.81 81.84
2005.00 46.88 51.22 55.55 59.88 64.22 68.55 72.88 77.22 81.55
2006.00 43.65 48.25 52.85 57.46 62.06 66.66 71.27 75.87 80.48
2007.00 40.37 45.18 49.98 54.79 59.59 64.40 69.20 74.01 78.82
2008.00 36.26 41.00 45.75 50.50 55.24 59.99 64.74 69.49 74.24
2009.00 32.62 37.45 42.29 47.12 51.96 56.79 61.62 66.46 71.30
2010.00 28.21 32.96 37.71 42.47 47.22 51.97 56.72 61.47 66.23
2011.00 25.28 30.26 35.24 40.23 45.21 50.19 55.17 60.16 65.14
2012.00 22.19 27.40 32.62 37.83 43.04 48.25 53.47 58.68 63.90
2013.00 19.41 24.77 30.14 35.51 40.88 46.24 51.61 56.98 62.35
2014.00 16.10 21.59 27.08 32.57 38.05 43.54 49.02 54.51 60.00
2015.00 13.93 19.72 25.51 31.30 37.09 42.88 48.67 54.46 60.25
2016.00 11.08 17.11 23.14 29.16 35.18 41.20 47.23 53.25 59.28
2017.00 8.09 14.29 20.49 26.69 32.88 39.08 45.28 51.48 57.68
2018.00 -7.09 -4.92 -2.76 -0.60 1.56 3.72 5.89 8.05 10.22
2019.00 -9.55 -7.13 -4.71 -2.30 0.12 2.54 4.96 7.38 9.80
2020.00 -11.77 -9.11 -6.45 -3.79 -1.13 1.53 4.18 6.84 9.51
2021.00 -13.32 -10.44 -7.56 -4.69 -1.81 1.07 3.94 6.82 9.71
2022.00 -14.78 -11.69 -8.60 -5.52 -2.43 0.65 3.74 6.83 9.92
2023.00 -16.10 -12.81 -9.53 -6.25 -2.97 0.31 3.59 6.87 10.16
2024.00 -17.39 -13.93 -10.48 -7.03 -3.57 -0.12 3.33 6.78 10.24
2025.00 -18.51 -14.92 -11.33 -7.75 -4.17 -0.59 3.00 6.58 10.17
2026.00 -19.50 -15.80 -12.10 -8.40 -4.70 -1.01 2.69 6.39 10.09
2027.00 -20.34 -16.53 -12.73 -8.92 -5.12 -1.32 2.48 6.28 10.09
2028.00 -21.32 -17.40 -13.48 -9.56 -5.65 -1.73 2.18 6.10 10.02
2029.00 -21.83 -17.83 -13.83 -9.83 -5.84 -1.84 2.16 6.15 10.16
2030.00 -22.37 -18.31 -14.24 -10.18 -6.12 -2.06 2.00 6.06 10.12
2031.00 -22.70 -18.60 -14.51 -10.41 -6.32 -2.22 1.87 5.97 10.06
2032.00 -22.78 -18.65 -14.52 -10.39 -6.26 -2.14 1.99 6.11 10.24
2033.00 -23.09 -18.91 -14.74 -10.56 -6.39 -2.22 1.95 6.12 10.30
2034.00 -23.37 -19.15 -14.93 -10.71 -6.50 -2.28 1.93 6.15 10.37
2035.00 -23.47 -19.23 -14.99 -10.75 -6.52 -2.28 1.95 6.19 10.43
2036.00 -23.48 -19.23 -14.97 -10.72 -6.46 -2.21 2.04 6.29 10.55
2037.00 -23.39 -19.12 -14.86 -10.59 -6.33 -2.07 2.19 6.45 10.71
2038.00 -23.50 -19.21 -14.93 -10.64 -6.36 -2.08 2.20 6.48 10.76
2039.00 -23.51 -19.22 -14.93 -10.64 -6.35 -2.06 2.22 6.51 10.80
2040.00 -23.56 -19.26 -14.95 -10.65 -6.35 -2.05 2.25 6.55 10.85
2041.00 -23.71 -19.41 -15.10 -10.80 -6.50 -2.20 2.10 6.40 10.70
2042.00 -23.91 -19.60 -15.29 -10.98 -6.67 -2.36 1.95 6.25 10.56
2043.00 -23.92 -19.60 -15.28 -10.96 -6.64 -2.33 1.99 6.30 10.62
2044.00 -24.12 -19.79 -15.45 -11.12 -6.79 -2.46 1.87 6.20 10.53
2045.00 -24.21 -19.87 -15.53 -11.19 -6.86 -2.53 1.80 6.14 10.47
2046.00 -24.23 -19.89 -15.55 -11.21 -6.87 -2.53 1.81 6.14 10.48
2047.00 -24.23 -19.89 -15.55 -11.21 -6.87 -2.54 1.80 6.13 10.46
2048.00 -24.25 -19.90 -15.56 -11.22 -6.87 -2.53 1.80 6.14 10.48
2049.00 -24.24 -19.89 -15.55 -11.20 -6.86 -2.52 1.82 6.16 10.50
2050.00 -24.23 -19.88 -15.53 -11.19 -6.84 -2.50 1.85 6.19 10.53
2051.00 -24.24 -19.90 -15.56 -11.21 -6.87 -2.53 1.80 6.14 10.48
2052.00 -24.29 -19.94 -15.60 -11.26 -6.92 -2.58 1.76 6.10 10.43
2053.00 -24.38 -20.05 -15.72 -11.38 -7.05 -2.72 1.60 5.93 10.25
2054.00 -24.36 -20.03 -15.70 -11.37 -7.05 -2.72 1.60 5.92 10.25
2055.00 -24.23 -19.90 -15.58 -11.26 -6.94 -2.62 1.70 6.01 10.33
2056.00 -24.28 -19.96 -15.64 -11.31 -6.99 -2.67 1.64 5.96 10.27
2057.00 -24.21 -19.89 -15.58 -11.27 -6.96 -2.65 1.65 5.96 10.26
2058.00 -24.12 -19.81 -15.49 -11.18 -6.87 -2.57 1.74 6.04 10.34
2059.00 -24.09 -19.79 -15.49 -11.19 -6.90 -2.60 1.69 5.98 10.27
2060.00 -24.03 -19.73 -15.44 -11.14 -6.85 -2.56 1.73 6.02 10.31
2061.00 -23.83 -19.54 -15.25 -10.96 -6.67 -2.39 1.90 6.18 10.46
2062.00 -23.87 -19.58 -15.29 -11.00 -6.72 -2.43 1.85 6.13 10.41
2063.00 -23.86 -19.58 -15.30 -11.02 -6.74 -2.46 1.81 6.09 10.36
2064.00 -23.98 -19.71 -15.44 -11.16 -6.89 -2.63 1.64 5.90 10.17
2065.00 -24.03 -19.77 -15.52 -11.26 -7.01 -2.75 1.50 5.74 9.99
