# yearspad, alpred
# [0.3 0.4 0.5 0.6 0.7 0.8 0.9 1.  1.1]
1922.00 -23.58 -19.36 -15.13 -10.91 -6.69 -2.47 1.76 5.98 10.20
1923.00 -23.44 -19.24 -15.03 -10.83 -6.63 -2.43 1.77 5.98 10.18
1924.00 -23.62 -19.44 -15.26 -11.08 -6.89 -2.71 1.47 5.65 9.83
1925.00 -23.06 -18.93 -14.79 -10.66 -6.53 -2.40 1.73 5.86 9.99
1926.00 -22.98 -18.90 -14.82 -10.74 -6.66 -2.58 1.49 5.57 9.65
1927.00 -22.32 -18.31 -14.29 -10.28 -6.26 -2.25 1.77 5.78 9.80
1928.00 -21.91 -17.96 -14.02 -10.07 -6.13 -2.18 1.76 5.70 9.65
1929.00 -21.65 -17.80 -13.95 -10.11 -6.26 -2.42 1.43 5.27 9.12
1930.00 -21.06 -17.33 -13.60 -9.87 -6.14 -2.41 1.31 5.04 8.78
1931.00 -19.83 -16.25 -12.68 -9.10 -5.52 -1.95 1.62 5.20 8.78
1932.00 -19.23 -15.80 -12.38 -8.95 -5.53 -2.10 1.32 4.75 8.18
1933.00 -17.97 -14.71 -11.45 -8.19 -4.94 -1.68 1.57 4.83 8.09
1934.00 -17.15 -14.07 -11.00 -7.92 -4.85 -1.78 1.29 4.37 7.45
1935.00 -15.43 -12.60 -9.76 -6.92 -4.09 -1.25 1.58 4.42 7.26
1936.00 -13.92 -11.34 -8.75 -6.17 -3.59 -1.01 1.57 4.15 6.74
1937.00 -11.78 -9.47 -7.15 -4.84 -2.53 -0.21 2.10 4.41 6.73
1938.00 -9.76 -7.70 -5.64 -3.58 -1.52 0.54 2.60 4.66 6.72
1939.00 -7.45 -5.68 -3.91 -2.14 -0.37 1.40 3.17 4.94 6.71
1940.00 -5.81 -4.33 -2.86 -1.38 0.09 1.56 3.04 4.51 5.99
1941.00 -3.38 -2.26 -1.13 -0.01 1.12 2.24 3.36 4.49 5.62
1942.00 -1.38 -0.60 0.18 0.97 1.75 2.53 3.31 4.09 4.88
1943.00 1.27 1.67 2.08 2.49 2.89 3.30 3.70 4.11 4.52
1944.00 3.60 3.65 3.70 3.75 3.80 3.85 3.90 3.96 4.01
1945.00 6.38 6.06 5.75 5.43 5.11 4.79 4.48 4.16 3.85
1946.00 8.31 7.61 6.90 6.20 5.50 4.80 4.10 3.40 2.70
1947.00 10.76 9.66 8.56 7.45 6.35 5.24 4.13 3.03 1.93
1948.00 13.16 11.62 10.09 8.56 7.02 5.49 3.96 2.42 0.89
1949.00 16.37 14.41 12.46 10.51 8.56 6.60 4.65 2.70 0.75
1950.00 18.46 16.09 13.71 11.34 8.96 6.58 4.21 1.83 -0.54
1951.00 21.01 18.23 15.46 12.69 9.92 7.14 4.37 1.60 -1.17
1952.00 23.26 20.03 16.80 13.57 10.35 7.12 3.89 0.66 -2.57
1953.00 25.90 22.21 18.51 14.82 11.12 7.43 3.73 0.04 -3.65
1954.00 28.52 24.33 20.15 15.96 11.77 7.59 3.40 -0.79 -4.97
1955.00 31.61 26.98 22.34 17.71 13.08 8.44 3.80 -0.83 -5.46
1956.00 34.26 29.17 24.08 18.99 13.90 8.81 3.72 -1.37 -6.46
1957.00 36.30 30.76 25.22 19.69 14.15 8.62 3.08 -2.45 -7.99
1958.00 39.23 33.21 27.19 21.17 15.15 9.13 3.11 -2.90 -8.92
1959.00 42.10 35.57 29.04 22.51 15.97 9.44 2.90 -3.63 -10.16
1960.00 44.86 37.84 30.81 23.78 16.76 9.73 2.70 -4.32 -11.35
1961.00 47.64 40.14 32.64 25.14 17.65 10.15 2.65 -4.85 -12.35
1962.00 50.49 42.50 34.52 26.53 18.55 10.56 2.58 -5.41 -13.39
1963.00 53.27 44.76 36.26 27.76 19.25 10.75 2.24 -6.26 -14.76
1964.00 56.64 47.61 38.58 29.54 20.51 11.48 2.44 -6.59 -15.62
1965.00 59.79 50.25 40.70 31.15 21.61 12.06 2.51 -7.03 -16.58
1966.00 62.87 52.82 42.76 32.71 22.65 12.60 2.54 -7.51 -17.56
1967.00 65.65 55.10 44.55 34.00 23.45 12.90 2.35 -8.20 -18.75
1968.00 68.59 57.50 46.41 35.32 24.23 13.14 2.05 -9.04 -20.13
1969.00 71.43 59.81 48.19 36.57 24.95 13.32 1.70 -9.92 -21.54
1970.00 111.21 111.21 111.22 111.22 111.22 111.22 111.23 111.23 111.23
1971.00 115.62 115.62 115.61 115.61 115.61 115.61 115.61 115.61 115.60
1972.00 122.10 122.10 122.10 122.11 122.11 122.11 122.12 122.12 122.12
1973.00 119.94 119.94 119.94 119.94 119.94 119.94 119.94 119.94 119.94
1974.00 121.92 121.92 121.92 121.92 121.92 121.92 121.92 121.92 121.92
1975.00 123.68 123.68 123.68 123.68 123.68 123.67 123.67 123.67 123.67
1976.00 124.94 124.94 124.95 124.95 124.96 124.96 124.97 124.97 124.98
1977.00 126.96 126.96 126.96 126.96 126.96 126.96 126.96 126.96 126.96
1978.00 127.12 127.12 127.12 127.12 127.12 127.13 127.13 127.13 127.13
1979.00 120.40 120.40 120.39 120.39 120.39 120.38 120.38 120.38 120.37
1980.00 121.99 121.99 121.99 121.99 121.99 121.99 121.99 121.99 121.98
1981.00 121.11 121.12 121.12 121.12 121.13 121.13 121.13 121.14 121.14
1982.00 122.29 122.30 122.30 122.30 122.31 122.31 122.32 122.32 122.33
1983.00 113.76 113.76 113.77 113.77 113.77 113.77 113.77 113.77 113.77
1984.00 110.06 110.05 110.05 110.04 110.03 110.03 110.02 110.02 110.01
1985.00 103.60 103.60 103.60 103.60 103.61 103.61 103.61 103.61 103.61
1986.00 97.80 97.80 97.80 97.80 97.81 97.81 97.81 97.81 97.81
1987.00 91.73 91.73 91.73 91.73 91.74 91.74 91.74 91.75 91.75
1988.00 87.82 87.91 87.99 88.08 88.17 88.26 88.34 88.43 88.52
1989.00 83.03 83.23 83.43 83.63 83.83 84.03 84.23 84.43 84.62
1990.00 78.66 78.96 79.26 79.57 79.87 80.17 80.47 80.77 81.08
1991.00 75.01 75.59 76.18 76.76 77.35 77.93 78.52 79.10 79.68
1992.00 71.79 72.75 73.71 74.67 75.62 76.58 77.54 78.50 79.45
1993.00 68.68 69.99 71.31 72.63 73.95 75.26 76.58 77.90 79.21
1994.00 65.90 67.59 69.27 70.96 72.65 74.34 76.03 77.71 79.40
1995.00 62.87 65.07 67.26 69.45 71.65 73.84 76.04 78.23 80.42
1996.00 59.37 61.87 64.36 66.86 69.35 71.85 74.34 76.84 79.33
1997.00 56.67 59.60 62.52 65.44 68.37 71.29 74.21 77.13 80.05
1998.00 53.98 57.21 60.44 63.67 66.90 70.13 73.36 76.59 79.82
1999.00 50.55 53.95 57.35 60.75 64.15 67.55 70.95 74.35 77.75
2000.00 46.47 49.86 53.25 56.64 60.03 63.42 66.81 70.20 73.59
2001.00 42.76 46.34 49.91 53.49 57.07 60.65 64.23 67.81 71.38
2002.00 39.43 43.28 47.14 50.99 54.84 58.70 62.55 66.40 70.25
2003.00 36.81 40.95 45.09 49.23 53.38 57.52 61.66 65.80 69.93
2004.00 33.03 37.11 41.19 45.27 49.35 53.43 57.50 61.58 65.66
2005.00 30.07 34.47 38.87 43.28 47.68 52.08 56.48 60.88 65.28
2006.00 27.02 31.72 36.43 41.13 45.83 50.54 55.24 59.94 64.64
2007.00 24.22 29.12 34.01 38.91 43.81 48.71 53.60 58.49 63.39
2008.00 20.79 25.63 30.48 35.33 40.18 45.03 49.88 54.72 59.57
2009.00 17.78 22.71 27.64 32.57 37.51 42.44 47.37 52.30 57.23
2010.00 14.01 18.82 23.64 28.46 33.27 38.09 42.90 47.72 52.53
2011.00 11.50 16.55 21.59 26.63 31.68 36.72 41.76 46.80 51.84
2012.00 8.13 13.39 18.66 23.93 29.20 34.47 39.74 45.00 50.27
2013.00 5.87 11.29 16.71 22.12 27.54 32.96 38.38 43.79 49.21
2014.00 3.12 8.65 14.19 19.72 25.26 30.79 36.32 41.85 47.38
2015.00 1.55 7.38 13.22 19.06 24.90 30.74 36.58 42.41 48.24
2016.00 -0.82 5.24 11.30 17.36 23.43 29.49 35.55 41.61 47.67
2017.00 -2.63 3.60 9.84 16.08 22.32 28.56 34.79 41.03 47.26
2018.00 -17.75 -15.59 -13.42 -11.26 -9.10 -6.93 -4.77 -2.61 -0.46
2019.00 -19.03 -16.61 -14.19 -11.77 -9.35 -6.93 -4.52 -2.10 0.31
2020.00 -20.84 -18.19 -15.53 -12.88 -10.22 -7.56 -4.91 -2.26 0.39
2021.00 -21.23 -18.36 -15.48 -12.61 -9.73 -6.86 -3.98 -1.11 1.75
2022.00 -22.26 -19.18 -16.10 -13.02 -9.94 -6.86 -3.79 -0.71 2.36
2023.00 -23.05 -19.77 -16.50 -13.22 -9.95 -6.67 -3.40 -0.13 3.13
2024.00 -23.71 -20.27 -16.82 -13.38 -9.93 -6.49 -3.04 0.40 3.83
2025.00 -24.01 -20.43 -16.86 -13.28 -9.71 -6.13 -2.56 1.01 4.58
2026.00 -24.41 -20.72 -17.04 -13.35 -9.66 -5.97 -2.29 1.40 5.08
2027.00 -24.32 -20.53 -16.74 -12.94 -9.15 -5.36 -1.57 2.22 6.01
2028.00 -24.71 -20.81 -16.90 -13.00 -9.09 -5.19 -1.28 2.62 6.52
2029.00 -24.70 -20.71 -16.73 -12.74 -8.75 -4.77 -0.78 3.20 7.18
2030.00 -25.10 -21.05 -17.00 -12.95 -8.91 -4.86 -0.81 3.23 7.27
2031.00 -24.63 -20.54 -16.46 -12.38 -8.30 -4.21 -0.13 3.94 8.02
2032.00 -24.50 -20.38 -16.27 -12.15 -8.03 -3.92 0.20 4.31 8.41
2033.00 -24.21 -20.05 -15.89 -11.73 -7.57 -3.41 0.75 4.90 9.05
2034.00 -24.10 -19.90 -15.70 -11.49 -7.29 -3.09 1.12 5.31 9.51
2035.00 -23.65 -19.43 -15.21 -10.98 -6.76 -2.53 1.69 5.91 10.13
2036.00 -23.74 -19.50 -15.26 -11.02 -6.77 -2.53 1.70 5.94 10.17
2037.00 -23.52 -19.27 -15.02 -10.77 -6.52 -2.28 1.97 6.21 10.45
2038.00 -23.67 -19.40 -15.13 -10.87 -6.60 -2.33 1.93 6.19 10.46
2039.00 -23.61 -19.33 -15.06 -10.79 -6.51 -2.24 2.03 6.30 10.57
2040.00 -23.91 -19.63 -15.34 -11.06 -6.77 -2.49 1.79 6.07 10.35
2041.00 -23.81 -19.53 -15.24 -10.96 -6.67 -2.39 1.89 6.18 10.46
2042.00 -24.04 -19.74 -15.45 -11.16 -6.86 -2.57 1.72 6.00 10.29
2043.00 -23.92 -19.62 -15.32 -11.02 -6.72 -2.42 1.88 6.17 10.47
2044.00 -24.17 -19.85 -15.54 -11.23 -6.91 -2.60 1.71 6.02 10.33
2045.00 -24.05 -19.74 -15.42 -11.11 -6.79 -2.47 1.84 6.15 10.46
2046.00 -24.21 -19.89 -15.57 -11.25 -6.93 -2.61 1.70 6.02 10.34
2047.00 -24.00 -19.68 -15.36 -11.05 -6.73 -2.41 1.90 6.22 10.53
2048.00 -24.22 -19.89 -15.57 -11.25 -6.93 -2.61 1.70 6.02 10.34
2049.00 -24.00 -19.68 -15.35 -11.03 -6.71 -2.39 1.93 6.25 10.57
2050.00 -24.13 -19.81 -15.48 -11.16 -6.83 -2.51 1.81 6.13 10.46
2051.00 -24.08 -19.76 -15.44 -11.12 -6.80 -2.48 1.83 6.15 10.47
2052.00 -24.29 -19.97 -15.65 -11.33 -7.01 -2.69 1.62 5.94 10.26
2053.00 -24.07 -19.76 -15.45 -11.15 -6.84 -2.53 1.78 6.08 10.39
2054.00 -24.20 -19.90 -15.59 -11.29 -6.98 -2.68 1.63 5.93 10.23
2055.00 -24.00 -19.70 -15.40 -11.10 -6.80 -2.51 1.79 6.08 10.38
2056.00 -24.00 -19.70 -15.40 -11.10 -6.80 -2.51 1.79 6.09 10.38
2057.00 -23.77 -19.49 -15.20 -10.91 -6.62 -2.33 1.95 6.24 10.53
2058.00 -23.83 -19.54 -15.25 -10.96 -6.68 -2.39 1.90 6.18 10.47
2059.00 -23.51 -19.23 -14.96 -10.68 -6.41 -2.13 2.14 6.41 10.69
2060.00 -23.59 -19.31 -15.04 -10.77 -6.49 -2.22 2.05 6.32 10.59
2061.00 -23.26 -18.99 -14.73 -10.46 -6.19 -1.93 2.33 6.60 10.87
2062.00 -23.49 -19.22 -14.96 -10.69 -6.42 -2.16 2.11 6.37 10.64
2063.00 -23.44 -19.18 -14.92 -10.66 -6.40 -2.14 2.11 6.37 10.63
2064.00 -23.56 -19.31 -15.06 -10.81 -6.56 -2.31 1.93 6.18 10.43
2065.00 -23.40 -19.16 -14.93 -10.69 -6.46 -2.22 2.01 6.24 10.48
