# yearspad, alpred
# [0.3 0.4 0.5 0.6 0.7 0.8 0.9 1.  1.1]
1922.00 -45.72 -41.53 -37.35 -33.17 -28.99 -24.81 -20.63 -16.45 -12.27
1923.00 -46.99 -42.83 -38.67 -34.51 -30.35 -26.19 -22.03 -17.88 -13.72
1924.00 -48.97 -44.84 -40.70 -36.57 -32.43 -28.30 -24.17 -20.03 -15.90
1925.00 -49.78 -45.70 -41.62 -37.54 -33.46 -29.38 -25.29 -21.21 -17.13
1926.00 -50.21 -46.18 -42.15 -38.12 -34.09 -30.07 -26.04 -22.01 -17.98
1927.00 -50.00 -46.03 -42.06 -38.10 -34.13 -30.17 -26.20 -22.24 -18.27
1928.00 -49.36 -45.47 -41.57 -37.68 -33.78 -29.89 -25.99 -22.09 -18.20
1929.00 -47.87 -44.07 -40.27 -36.47 -32.67 -28.87 -25.07 -21.27 -17.47
1930.00 -46.81 -43.13 -39.44 -35.76 -32.08 -28.39 -24.71 -21.02 -17.34
1931.00 -45.02 -41.49 -37.95 -34.42 -30.89 -27.35 -23.82 -20.29 -16.76
1932.00 -42.50 -39.12 -35.73 -32.35 -28.96 -25.57 -22.19 -18.80 -15.41
1933.00 -40.17 -36.95 -33.74 -30.52 -27.30 -24.08 -20.86 -17.64 -14.43
1934.00 -38.30 -35.26 -32.22 -29.19 -26.15 -23.11 -20.08 -17.04 -14.00
1935.00 -34.85 -32.05 -29.25 -26.45 -23.65 -20.84 -18.04 -15.24 -12.44
1936.00 -31.28 -28.73 -26.18 -23.63 -21.08 -18.52 -15.97 -13.42 -10.87
1937.00 -27.31 -25.03 -22.74 -20.46 -18.17 -15.89 -13.60 -11.32 -9.03
1938.00 -23.37 -21.33 -19.30 -17.27 -15.23 -13.20 -11.17 -9.13 -7.10
1939.00 -18.12 -16.37 -14.62 -12.88 -11.13 -9.38 -7.64 -5.89 -4.15
1940.00 -13.76 -12.30 -10.85 -9.39 -7.93 -6.48 -5.02 -3.56 -2.11
1941.00 -10.22 -9.12 -8.01 -6.90 -5.79 -4.68 -3.58 -2.47 -1.36
1942.00 -7.03 -6.26 -5.49 -4.72 -3.96 -3.19 -2.42 -1.65 -0.88
1943.00 -2.34 -1.95 -1.55 -1.15 -0.76 -0.36 0.03 0.43 0.83
1944.00 1.32 1.36 1.41 1.45 1.50 1.54 1.59 1.63 1.68
1945.00 5.83 5.51 5.19 4.86 4.54 4.22 3.90 3.58 3.26
1946.00 10.45 9.75 9.05 8.35 7.65 6.95 6.25 5.56 4.86
1947.00 14.43 13.33 12.24 11.14 10.04 8.95 7.85 6.75 5.66
1948.00 17.40 15.88 14.35 12.83 11.30 9.78 8.26 6.73 5.21
1949.00 21.45 19.51 17.57 15.63 13.69 11.75 9.81 7.86 5.92
1950.00 25.72 23.36 21.00 18.64 16.27 13.92 11.55 9.19 6.83
1951.00 29.02 26.26 23.51 20.75 18.00 15.24 12.49 9.73 6.98
1952.00 32.75 29.54 26.33 23.12 19.91 16.70 13.49 10.28 7.07
1953.00 38.56 34.89 31.21 27.54 23.87 20.20 16.53 12.86 9.18
1954.00 45.17 41.01 36.85 32.69 28.53 24.38 20.22 16.06 11.90
1955.00 51.40 46.80 42.20 37.60 33.00 28.40 23.80 19.21 14.61
1956.00 57.55 52.50 47.45 42.41 37.36 32.31 27.26 22.21 17.17
1957.00 62.59 57.10 51.61 46.12 40.63 35.14 29.65 24.16 18.67
1958.00 67.32 61.34 55.36 49.39 43.41 37.43 31.46 25.48 19.50
1959.00 72.71 66.22 59.73 53.24 46.75 40.26 33.77 27.28 20.79
1960.00 78.28 71.30 64.33 57.35 50.37 43.39 36.41 29.44 22.46
1961.00 83.16 75.71 68.26 60.81 53.37 45.92 38.47 31.02 23.57
1962.00 88.39 80.45 72.52 64.59 56.66 48.73 40.80 32.87 24.94
1963.00 93.45 85.00 76.55 68.11 59.66 51.21 42.77 34.32 25.88
1964.00 98.29 89.32 80.35 71.38 62.41 53.43 44.46 35.49 26.52
1965.00 103.85 94.38 84.90 75.42 65.94 56.46 46.98 37.50 28.03
1966.00 109.57 99.60 89.62 79.65 69.67 59.69 49.72 39.74 29.76
1967.00 114.59 104.13 93.67 83.20 72.74 62.28 51.82 41.35 30.89
1968.00 120.84 109.85 98.85 87.86 76.87 65.87 54.88 43.89 32.90
1969.00 128.24 116.74 105.23 93.72 82.21 70.70 59.19 47.68 36.17
1970.00 172.51 172.52 172.52 172.52 172.52 172.53 172.53 172.53 172.54
1971.00 187.76 187.76 187.76 187.76 187.75 187.75 187.75 187.75 187.75
1972.00 213.92 213.92 213.92 213.93 213.93 213.93 213.94 213.94 213.94
1973.00 226.31 226.31 226.30 226.30 226.30 226.30 226.30 226.30 226.30
1974.00 227.31 227.31 227.31 227.31 227.31 227.31 227.31 227.31 227.31
1975.00 226.08 226.08 226.07 226.07 226.07 226.07 226.07 226.07 226.07
1976.00 229.99 229.99 230.00 230.00 230.01 230.01 230.02 230.02 230.03
1977.00 217.01 217.01 217.01 217.01 217.01 217.01 217.01 217.01 217.02
1978.00 205.57 205.58 205.58 205.58 205.58 205.58 205.58 205.59 205.59
1979.00 197.27 197.26 197.26 197.26 197.25 197.25 197.24 197.24 197.24
1980.00 187.82 187.82 187.82 187.82 187.82 187.82 187.82 187.82 187.82
1981.00 179.40 179.40 179.41 179.41 179.42 179.42 179.42 179.43 179.43
1982.00 178.89 178.89 178.89 178.90 178.90 178.91 178.91 178.92 178.92
1983.00 169.70 169.70 169.70 169.70 169.70 169.70 169.70 169.70 169.71
1984.00 160.66 160.66 160.65 160.65 160.64 160.63 160.63 160.62 160.62
1985.00 156.34 156.34 156.34 156.34 156.34 156.34 156.35 156.35 156.35
1986.00 154.37 154.37 154.37 154.37 154.37 154.37 154.38 154.38 154.38
1987.00 150.46 150.46 150.47 150.47 150.47 150.48 150.48 150.48 150.48
1988.00 144.69 144.78 144.86 144.95 145.03 145.12 145.20 145.29 145.37
1989.00 139.61 139.81 140.02 140.23 140.44 140.65 140.86 141.06 141.27
1990.00 133.48 133.80 134.11 134.43 134.74 135.06 135.38 135.69 136.01
1991.00 127.03 127.62 128.21 128.80 129.39 129.98 130.57 131.16 131.75
1992.00 121.02 121.99 122.96 123.93 124.90 125.88 126.85 127.82 128.79
1993.00 114.34 115.66 116.98 118.30 119.62 120.94 122.26 123.58 124.90
1994.00 107.62 109.34 111.07 112.79 114.51 116.23 117.95 119.67 121.39
1995.00 101.12 103.32 105.53 107.73 109.93 112.14 114.34 116.54 118.74
1996.00 93.70 96.18 98.66 101.14 103.62 106.10 108.58 111.06 113.54
1997.00 87.80 90.72 93.64 96.55 99.46 102.38 105.29 108.21 111.12
1998.00 83.86 87.08 90.30 93.52 96.74 99.96 103.18 106.40 109.62
1999.00 79.00 82.40 85.80 89.20 92.60 96.01 99.41 102.81 106.21
2000.00 72.81 76.20 79.58 82.96 86.34 89.72 93.10 96.48 99.86
2001.00 67.37 70.96 74.54 78.13 81.71 85.30 88.89 92.47 96.06
2002.00 61.99 65.85 69.71 73.56 77.42 81.28 85.14 89.00 92.86
2003.00 56.59 60.73 64.86 69.00 73.14 77.27 81.41 85.55 89.69
2004.00 51.09 55.16 59.23 63.29 67.36 71.43 75.50 79.56 83.63
2005.00 47.33 51.71 56.10 60.48 64.86 69.24 73.62 78.00 82.39
2006.00 41.83 46.49 51.16 55.82 60.49 65.15 69.82 74.48 79.15
2007.00 36.38 41.26 46.13 51.01 55.89 60.76 65.64 70.52 75.39
2008.00 30.66 35.49 40.33 45.16 49.99 54.83 59.66 64.50 69.33
2009.00 25.22 30.13 35.05 39.96 44.87 49.78 54.69 59.61 64.52
2010.00 17.34 22.14 26.94 31.74 36.54 41.34 46.14 50.94 55.75
2011.00 11.63 16.65 21.67 26.69 31.71 36.73 41.75 46.77 51.79
2012.00 6.13 11.37 16.62 21.86 27.10 32.34 37.58 42.83 48.07
2013.00 0.93 6.32 11.71 17.09 22.48 27.88 33.27 38.66 44.05
2014.00 -4.64 0.86 6.36 11.85 17.35 22.85 28.35 33.85 39.35
2015.00 -8.05 -2.25 3.55 9.35 15.16 20.96 26.76 32.57 38.37
2016.00 -12.20 -6.18 -0.16 5.86 11.89 17.91 23.93 29.96 35.98
2017.00 -16.16 -9.97 -3.77 2.41 8.61 14.80 20.99 27.18 33.37
2018.00 -32.57 -30.43 -28.29 -26.15 -24.02 -21.88 -19.74 -17.60 -15.46
2019.00 -35.40 -33.01 -30.61 -28.22 -25.83 -23.43 -21.04 -18.65 -16.25
2020.00 -38.64 -36.01 -33.38 -30.76 -28.13 -25.50 -22.87 -20.24 -17.61
2021.00 -40.90 -38.06 -35.22 -32.37 -29.53 -26.68 -23.84 -20.99 -18.15
2022.00 -42.23 -39.18 -36.13 -33.08 -30.04 -26.99 -23.94 -20.89 -17.85
2023.00 -42.71 -39.47 -36.22 -32.98 -29.74 -26.50 -23.25 -20.01 -16.77
2024.00 -43.78 -40.37 -36.96 -33.55 -30.14 -26.73 -23.32 -19.91 -16.50
2025.00 -43.53 -39.99 -36.44 -32.90 -29.36 -25.82 -22.28 -18.74 -15.19
2026.00 -42.70 -39.04 -35.39 -31.73 -28.07 -24.42 -20.76 -17.10 -13.44
2027.00 -42.51 -38.74 -34.98 -31.22 -27.45 -23.69 -19.93 -16.17 -12.40
2028.00 -42.77 -38.89 -35.02 -31.14 -27.27 -23.39 -19.52 -15.64 -11.77
2029.00 -42.57 -38.61 -34.66 -30.70 -26.75 -22.79 -18.84 -14.88 -10.93
2030.00 -43.01 -39.00 -34.98 -30.96 -26.95 -22.93 -18.92 -14.90 -10.89
2031.00 -43.21 -39.16 -35.11 -31.06 -27.01 -22.96 -18.91 -14.87 -10.82
2032.00 -43.52 -39.43 -35.35 -31.27 -27.19 -23.11 -19.03 -14.95 -10.87
2033.00 -43.64 -39.52 -35.40 -31.27 -27.15 -23.03 -18.90 -14.78 -10.66
2034.00 -44.47 -40.30 -36.14 -31.97 -27.81 -23.65 -19.48 -15.32 -11.15
2035.00 -44.92 -40.74 -36.56 -32.37 -28.19 -24.01 -19.83 -15.64 -11.46
2036.00 -44.93 -40.73 -36.53 -32.34 -28.14 -23.94 -19.74 -15.54 -11.35
2037.00 -44.66 -40.46 -36.25 -32.05 -27.84 -23.64 -19.43 -15.23 -11.02
2038.00 -44.90 -40.68 -36.45 -32.23 -28.00 -23.78 -19.55 -15.33 -11.11
2039.00 -44.74 -40.51 -36.28 -32.05 -27.82 -23.59 -19.35 -15.13 -10.89
2040.00 -44.92 -40.68 -36.44 -32.20 -27.96 -23.72 -19.47 -15.23 -10.99
2041.00 -44.99 -40.75 -36.51 -32.27 -28.03 -23.79 -19.54 -15.30 -11.06
2042.00 -45.61 -41.36 -37.11 -32.86 -28.61 -24.37 -20.12 -15.87 -11.62
2043.00 -46.08 -41.83 -37.57 -33.32 -29.06 -24.81 -20.55 -16.30 -12.04
2044.00 -46.63 -42.36 -38.10 -33.83 -29.56 -25.30 -21.03 -16.76 -12.49
2045.00 -46.99 -42.72 -38.45 -34.18 -29.91 -25.64 -21.37 -17.11 -12.84
2046.00 -47.58 -43.30 -39.03 -34.76 -30.49 -26.22 -21.94 -17.67 -13.40
2047.00 -47.37 -43.10 -38.83 -34.56 -30.29 -26.02 -21.75 -17.48 -13.21
2048.00 -47.12 -42.84 -38.57 -34.30 -30.02 -25.75 -21.48 -17.20 -12.93
2049.00 -46.80 -42.52 -38.25 -33.97 -29.70 -25.42 -21.14 -16.87 -12.60
2050.00 -46.44 -42.16 -37.89 -33.61 -29.33 -25.05 -20.77 -16.49 -12.22
2051.00 -45.61 -41.33 -37.06 -32.78 -28.51 -24.23 -19.96 -15.68 -11.41
2052.00 -45.41 -41.14 -36.86 -32.59 -28.31 -24.04 -19.76 -15.48 -11.21
2053.00 -45.23 -40.97 -36.70 -32.44 -28.17 -23.91 -19.64 -15.38 -11.11
2054.00 -45.19 -40.93 -36.67 -32.41 -28.14 -23.88 -19.62 -15.36 -11.09
2055.00 -44.95 -40.69 -36.43 -32.18 -27.92 -23.67 -19.41 -15.16 -10.90
2056.00 -45.14 -40.88 -36.63 -32.37 -28.11 -23.86 -19.60 -15.34 -11.09
2057.00 -45.18 -40.94 -36.69 -32.44 -28.20 -23.96 -19.71 -15.46 -11.22
2058.00 -45.41 -41.17 -36.92 -32.68 -28.43 -24.19 -19.94 -15.70 -11.45
2059.00 -45.19 -40.95 -36.72 -32.49 -28.25 -24.02 -19.79 -15.56 -11.32
2060.00 -45.28 -41.05 -36.82 -32.59 -28.36 -24.13 -19.90 -15.67 -11.44
2061.00 -45.08 -40.85 -36.63 -32.40 -28.18 -23.96 -19.73 -15.51 -11.28
2062.00 -44.94 -40.71 -36.49 -32.26 -28.04 -23.81 -19.58 -15.36 -11.13
2063.00 -44.75 -40.53 -36.31 -32.10 -27.88 -23.66 -19.44 -15.22 -11.01
2064.00 -45.25 -41.05 -36.84 -32.63 -28.42 -24.22 -20.00 -15.80 -11.59
2065.00 -45.32 -41.13 -36.94 -32.75 -28.55 -24.36 -20.17 -15.98 -11.78
