# yearspad, alpred
# [0.3 0.4 0.5 0.6 0.7 0.8 0.9 1.  1.1]
1922.00 -20.66 -16.42 -12.17 -7.92 -3.68 0.57 4.82 9.06 13.31
1923.00 -20.85 -16.63 -12.40 -8.18 -3.96 0.27 4.49 8.71 12.94
1924.00 -21.15 -16.95 -12.74 -8.54 -4.34 -0.14 4.07 8.27 12.47
1925.00 -21.19 -17.05 -12.90 -8.75 -4.61 -0.46 3.69 7.84 11.98
1926.00 -21.23 -17.14 -13.05 -8.95 -4.86 -0.77 3.33 7.42 11.51
1927.00 -21.65 -17.62 -13.60 -9.57 -5.55 -1.52 2.50 6.52 10.55
1928.00 -21.92 -17.97 -14.02 -10.07 -6.12 -2.16 1.79 5.74 9.69
1929.00 -21.66 -17.81 -13.96 -10.11 -6.26 -2.41 1.44 5.29 9.13
1930.00 -21.78 -18.05 -14.32 -10.59 -6.86 -3.13 0.60 4.32 8.05
1931.00 -21.34 -17.77 -14.20 -10.63 -7.06 -3.49 0.08 3.65 7.22
1932.00 -21.09 -17.67 -14.25 -10.84 -7.42 -4.00 -0.58 2.83 6.24
1933.00 -21.08 -17.84 -14.60 -11.35 -8.11 -4.86 -1.62 1.62 4.86
1934.00 -20.74 -17.68 -14.63 -11.57 -8.51 -5.45 -2.40 0.66 3.71
1935.00 -19.68 -16.86 -14.05 -11.23 -8.42 -5.60 -2.79 0.02 2.84
1936.00 -18.10 -15.55 -12.99 -10.44 -7.88 -5.32 -2.77 -0.22 2.34
1937.00 -16.55 -14.27 -11.98 -9.70 -7.41 -5.13 -2.84 -0.56 1.72
1938.00 -15.08 -13.05 -11.02 -9.00 -6.97 -4.94 -2.91 -0.89 1.13
1939.00 -13.11 -11.37 -9.64 -7.91 -6.17 -4.44 -2.70 -0.97 0.76
1940.00 -11.44 -10.00 -8.56 -7.13 -5.69 -4.26 -2.82 -1.39 0.05
1941.00 -9.65 -8.56 -7.48 -6.40 -5.31 -4.23 -3.14 -2.06 -0.98
1942.00 -7.52 -6.78 -6.04 -5.30 -4.56 -3.82 -3.08 -2.34 -1.60
1943.00 -5.25 -4.89 -4.53 -4.17 -3.81 -3.44 -3.08 -2.72 -2.36
1944.00 -3.52 -3.52 -3.52 -3.52 -3.51 -3.51 -3.51 -3.51 -3.51
1945.00 -1.48 -1.85 -2.22 -2.59 -2.96 -3.33 -3.70 -4.08 -4.45
1946.00 0.66 -0.10 -0.86 -1.61 -2.37 -3.13 -3.88 -4.64 -5.40
1947.00 3.32 2.16 1.00 -0.16 -1.32 -2.48 -3.64 -4.80 -5.96
1948.00 5.50 3.91 2.32 0.73 -0.86 -2.45 -4.04 -5.63 -7.22
1949.00 8.13 6.12 4.11 2.10 0.08 -1.93 -3.94 -5.95 -7.96
1950.00 9.91 7.48 5.04 2.61 0.17 -2.26 -4.69 -7.13 -9.57
1951.00 11.17 8.33 5.50 2.66 -0.17 -3.01 -5.84 -8.68 -11.52
1952.00 12.74 9.45 6.16 2.87 -0.42 -3.71 -7.00 -10.30 -13.59
1953.00 15.44 11.68 7.92 4.16 0.40 -3.35 -7.11 -10.87 -14.63
1954.00 17.94 13.69 9.44 5.19 0.94 -3.31 -7.56 -11.81 -16.06
1955.00 20.22 15.52 10.82 6.12 1.42 -3.27 -7.97 -12.67 -17.37
1956.00 22.46 17.31 12.15 7.00 1.85 -3.31 -8.46 -13.61 -18.77
1957.00 24.64 19.04 13.44 7.84 2.24 -3.35 -8.95 -14.55 -20.15
1958.00 26.68 20.59 14.51 8.43 2.34 -3.74 -9.82 -15.91 -21.99
1959.00 29.29 22.69 16.10 9.50 2.90 -3.69 -10.28 -16.88 -23.48
1960.00 31.67 24.58 17.49 10.40 3.31 -3.78 -10.86 -17.96 -25.04
1961.00 33.59 26.03 18.48 10.92 3.36 -4.20 -11.76 -19.32 -26.88
1962.00 36.21 28.17 20.12 12.07 4.03 -4.02 -12.07 -20.12 -28.16
1963.00 39.24 30.68 22.12 13.56 5.00 -3.56 -12.12 -20.68 -29.25
1964.00 42.16 33.07 23.98 14.89 5.80 -3.28 -12.37 -21.47 -30.56
1965.00 44.90 35.30 25.70 16.10 6.50 -3.09 -12.69 -22.29 -31.89
1966.00 47.11 37.00 26.90 16.79 6.69 -3.41 -13.52 -23.62 -33.73
1967.00 48.98 38.38 27.79 17.19 6.60 -4.00 -14.59 -25.19 -35.79
1968.00 51.18 40.05 28.92 17.79 6.65 -4.48 -15.61 -26.74 -37.88
1969.00 54.18 42.53 30.87 19.21 7.55 -4.11 -15.76 -27.42 -39.08
1970.00 93.81 93.82 93.82 93.82 93.82 93.83 93.83 93.83 93.83
1971.00 98.50 98.50 98.50 98.50 98.50 98.49 98.49 98.49 98.49
1972.00 103.80 103.81 103.81 103.81 103.82 103.82 103.82 103.83 103.83
1973.00 108.65 108.65 108.65 108.65 108.65 108.65 108.65 108.65 108.65
1974.00 110.59 110.59 110.59 110.59 110.59 110.59 110.59 110.59 110.59
1975.00 117.89 117.89 117.89 117.89 117.89 117.89 117.88 117.88 117.88
1976.00 125.27 125.27 125.27 125.28 125.28 125.29 125.29 125.30 125.30
1977.00 122.23 122.23 122.23 122.23 122.23 122.24 122.24 122.24 122.24
1978.00 121.92 121.92 121.92 121.92 121.92 121.93 121.93 121.93 121.93
1979.00 121.33 121.33 121.33 121.32 121.32 121.32 121.31 121.31 121.31
1980.00 123.71 123.71 123.71 123.70 123.70 123.70 123.70 123.70 123.70
1981.00 125.69 125.69 125.70 125.70 125.70 125.71 125.71 125.71 125.72
1982.00 126.70 126.70 126.71 126.71 126.72 126.72 126.72 126.73 126.73
1983.00 119.56 119.56 119.56 119.56 119.56 119.56 119.56 119.56 119.57
1984.00 109.45 109.45 109.44 109.43 109.43 109.42 109.42 109.41 109.40
1985.00 103.24 103.24 103.24 103.24 103.24 103.24 103.25 103.25 103.25
1986.00 99.75 99.75 99.75 99.75 99.75 99.75 99.75 99.75 99.75
1987.00 92.35 92.35 92.35 92.35 92.36 92.36 92.36 92.37 92.37
1988.00 88.29 88.37 88.46 88.54 88.62 88.70 88.79 88.87 88.95
1989.00 83.99 84.19 84.39 84.59 84.79 84.99 85.18 85.38 85.58
1990.00 79.87 80.18 80.49 80.80 81.11 81.42 81.72 82.03 82.34
1991.00 76.67 77.24 77.80 78.37 78.94 79.50 80.07 80.63 81.20
1992.00 74.66 75.63 76.60 77.56 78.53 79.49 80.46 81.42 82.39
1993.00 71.82 73.12 74.42 75.73 77.03 78.33 79.63 80.94 82.24
1994.00 68.73 70.41 72.09 73.77 75.45 77.13 78.81 80.49 82.17
1995.00 65.86 68.05 70.24 72.43 74.61 76.80 78.99 81.18 83.37
1996.00 62.42 64.90 67.39 69.87 72.35 74.84 77.32 79.80 82.29
1997.00 59.96 62.88 65.80 68.71 71.63 74.55 77.46 80.38 83.30
1998.00 57.77 60.99 64.22 67.44 70.66 73.88 77.10 80.32 83.55
1999.00 54.64 58.02 61.41 64.80 68.18 71.57 74.95 78.34 81.72
2000.00 50.35 53.72 57.08 60.45 63.81 67.18 70.54 73.91 77.28
2001.00 46.98 50.54 54.09 57.65 61.21 64.77 68.32 71.88 75.44
2002.00 44.26 48.10 51.93 55.77 59.60 63.44 67.27 71.11 74.95
2003.00 41.24 45.37 49.49 53.62 57.74 61.86 65.99 70.11 74.24
2004.00 37.54 41.59 45.65 49.70 53.76 57.81 61.86 65.92 69.98
2005.00 34.77 39.14 43.51 47.88 52.25 56.62 60.98 65.35 69.72
2006.00 31.90 36.53 41.16 45.79 50.42 55.05 59.67 64.31 68.94
2007.00 29.51 34.33 39.15 43.98 48.80 53.62 58.44 63.26 68.09
2008.00 27.04 31.82 36.60 41.38 46.16 50.94 55.71 60.49 65.27
2009.00 24.35 29.21 34.07 38.94 43.80 48.66 53.52 58.38 63.24
2010.00 19.97 24.72 29.47 34.21 38.96 43.70 48.45 53.19 57.94
2011.00 17.05 22.02 26.99 31.96 36.93 41.90 46.87 51.84 56.82
2012.00 14.25 19.44 24.63 29.81 35.00 40.19 45.37 50.56 55.75
2013.00 11.54 16.88 22.22 27.56 32.90 38.24 43.58 48.92 54.26
2014.00 9.07 14.52 19.97 25.42 30.87 36.32 41.76 47.21 52.66
2015.00 7.46 13.21 18.97 24.72 30.47 36.23 41.98 47.73 53.49
2016.00 4.89 10.88 16.87 22.86 28.86 34.85 40.83 46.83 52.82
2017.00 2.43 8.60 14.78 20.95 27.13 33.30 39.47 45.65 51.83
2018.00 -12.66 -10.51 -8.36 -6.21 -4.06 -1.90 0.24 2.39 4.55
2019.00 -14.29 -11.87 -9.46 -7.05 -4.64 -2.23 0.17 2.58 4.99
2020.00 -16.11 -13.46 -10.80 -8.15 -5.50 -2.85 -0.20 2.45 5.11
2021.00 -17.67 -14.79 -11.92 -9.05 -6.18 -3.31 -0.45 2.43 5.30
2022.00 -18.90 -15.82 -12.74 -9.67 -6.59 -3.51 -0.44 2.64 5.72
2023.00 -20.14 -16.86 -13.59 -10.32 -7.04 -3.77 -0.50 2.77 6.05
2024.00 -21.36 -17.91 -14.47 -11.02 -7.57 -4.13 -0.69 2.76 6.20
2025.00 -21.46 -17.89 -14.31 -10.73 -7.15 -3.58 -0.00 3.57 7.15
2026.00 -21.74 -18.04 -14.35 -10.66 -6.96 -3.27 0.42 4.11 7.81
2027.00 -22.06 -18.26 -14.47 -10.67 -6.87 -3.07 0.73 4.53 8.33
2028.00 -22.67 -18.75 -14.84 -10.93 -7.01 -3.10 0.81 4.73 8.65
2029.00 -22.84 -18.84 -14.85 -10.85 -6.85 -2.86 1.14 5.14 9.13
2030.00 -22.78 -18.72 -14.66 -10.60 -6.53 -2.47 1.58 5.64 9.71
2031.00 -22.50 -18.40 -14.30 -10.21 -6.11 -2.01 2.08 6.18 10.27
2032.00 -21.91 -17.78 -13.65 -9.52 -5.39 -1.26 2.87 7.00 11.13
2033.00 -21.36 -17.18 -13.00 -8.82 -4.64 -0.46 3.71 7.89 12.07
2034.00 -21.31 -17.09 -12.86 -8.64 -4.41 -0.19 4.03 8.25 12.47
2035.00 -20.86 -16.62 -12.37 -8.13 -3.88 0.37 4.61 8.85 13.10
2036.00 -20.60 -16.34 -12.08 -7.81 -3.55 0.71 4.97 9.23 13.50
2037.00 -20.54 -16.27 -11.99 -7.72 -3.45 0.82 5.08 9.35 13.63
2038.00 -20.67 -16.38 -12.09 -7.80 -3.51 0.78 5.07 9.36 13.65
2039.00 -20.67 -16.37 -12.07 -7.77 -3.48 0.82 5.12 9.41 13.71
2040.00 -20.71 -16.40 -12.09 -7.78 -3.47 0.84 5.14 9.45 13.76
2041.00 -20.69 -16.38 -12.07 -7.76 -3.45 0.86 5.17 9.48 13.79
2042.00 -20.81 -16.49 -12.17 -7.86 -3.54 0.78 5.10 9.41 13.73
2043.00 -20.83 -16.51 -12.18 -7.85 -3.53 0.80 5.12 9.45 13.77
2044.00 -21.04 -16.70 -12.36 -8.02 -3.68 0.66 5.00 9.34 13.68
2045.00 -21.10 -16.76 -12.41 -8.07 -3.73 0.61 4.95 9.29 13.63
2046.00 -21.26 -16.91 -12.57 -8.22 -3.87 0.47 4.82 9.16 13.51
2047.00 -21.21 -16.87 -12.52 -8.18 -3.83 0.51 4.85 9.19 13.54
2048.00 -21.29 -16.94 -12.59 -8.24 -3.89 0.45 4.80 9.14 13.49
2049.00 -21.40 -17.05 -12.70 -8.36 -4.01 0.34 4.69 9.04 13.38
2050.00 -21.55 -17.20 -12.84 -8.49 -4.14 0.21 4.56 8.91 13.26
2051.00 -21.49 -17.14 -12.80 -8.45 -4.10 0.24 4.59 8.93 13.28
2052.00 -21.62 -17.28 -12.93 -8.58 -4.24 0.11 4.45 8.80 13.14
2053.00 -21.61 -17.27 -12.94 -8.60 -4.27 0.07 4.40 8.74 13.07
2054.00 -21.51 -17.18 -12.84 -8.51 -4.18 0.15 4.49 8.82 13.15
2055.00 -21.37 -17.05 -12.72 -8.40 -4.07 0.25 4.58 8.90 13.22
2056.00 -21.37 -17.04 -12.72 -8.39 -4.07 0.26 4.58 8.91 13.23
2057.00 -21.14 -16.82 -12.51 -8.19 -3.88 0.44 4.75 9.07 13.38
2058.00 -20.99 -16.68 -12.36 -8.05 -3.73 0.58 4.89 9.21 13.52
2059.00 -20.73 -16.43 -12.13 -7.82 -3.52 0.78 5.08 9.38 13.68
2060.00 -20.66 -16.36 -12.06 -7.76 -3.46 0.84 5.14 9.43 13.73
2061.00 -20.61 -16.32 -12.02 -7.73 -3.44 0.85 5.15 9.43 13.72
2062.00 -20.64 -16.35 -12.05 -7.76 -3.47 0.82 5.11 9.40 13.69
2063.00 -20.61 -16.33 -12.05 -7.76 -3.48 0.80 5.09 9.37 13.65
2064.00 -20.73 -16.46 -12.18 -7.91 -3.63 0.64 4.91 9.19 13.46
2065.00 -20.57 -16.31 -12.05 -7.79 -3.53 0.73 4.99 9.24 13.50
