# yearspad, alpred
# [0.3 0.4 0.5 0.6 0.7 0.8 0.9 1.  1.1]
1922.00 -24.53 -20.30 -16.08 -11.85 -7.63 -3.40 0.82 5.05 9.28
1923.00 -24.04 -19.83 -15.63 -11.42 -7.22 -3.01 1.19 5.40 9.61
1924.00 -23.24 -19.05 -14.87 -10.68 -6.49 -2.31 1.88 6.06 10.25
1925.00 -22.74 -18.61 -14.47 -10.34 -6.20 -2.07 2.07 6.20 10.34
1926.00 -22.27 -18.19 -14.11 -10.02 -5.94 -1.86 2.22 6.31 10.39
1927.00 -21.84 -17.82 -13.80 -9.78 -5.76 -1.74 2.28 6.30 10.32
1928.00 -21.56 -17.61 -13.67 -9.72 -5.77 -1.82 2.12 6.07 10.02
1929.00 -20.79 -16.94 -13.09 -9.24 -5.39 -1.54 2.30 6.15 10.01
1930.00 -19.90 -16.17 -12.43 -8.70 -4.97 -1.23 2.50 6.23 9.97
1931.00 -18.92 -15.34 -11.76 -8.18 -4.61 -1.03 2.55 6.13 9.71
1932.00 -17.91 -14.48 -11.05 -7.62 -4.20 -0.77 2.66 6.09 9.52
1933.00 -17.03 -13.77 -10.51 -7.26 -4.00 -0.74 2.52 5.78 9.04
1934.00 -15.84 -12.76 -9.68 -6.61 -3.53 -0.46 2.62 5.70 8.77
1935.00 -14.40 -11.56 -8.72 -5.89 -3.05 -0.21 2.62 5.46 8.30
1936.00 -13.14 -10.56 -7.97 -5.39 -2.81 -0.23 2.35 4.93 7.52
1937.00 -11.58 -9.27 -6.96 -4.65 -2.33 -0.02 2.29 4.60 6.92
1938.00 -10.23 -8.18 -6.12 -4.07 -2.01 0.05 2.10 4.16 6.22
1939.00 -9.18 -7.41 -5.65 -3.89 -2.12 -0.36 1.40 3.16 4.93
1940.00 -7.37 -5.90 -4.44 -2.97 -1.50 -0.03 1.43 2.90 4.37
1941.00 -5.18 -4.06 -2.95 -1.83 -0.71 0.41 1.52 2.64 3.76
1942.00 -2.87 -2.09 -1.32 -0.54 0.23 1.01 1.78 2.56 3.34
1943.00 -0.66 -0.26 0.14 0.54 0.93 1.33 1.73 2.13 2.53
1944.00 1.11 1.15 1.19 1.24 1.28 1.32 1.36 1.41 1.45
1945.00 3.12 2.79 2.46 2.13 1.80 1.47 1.14 0.82 0.49
1946.00 5.03 4.31 3.60 2.89 2.18 1.46 0.75 0.04 -0.68
1947.00 7.68 6.57 5.45 4.33 3.22 2.10 0.99 -0.13 -1.24
1948.00 10.57 9.03 7.49 5.94 4.40 2.86 1.31 -0.23 -1.77
1949.00 13.40 11.43 9.47 7.50 5.54 3.58 1.61 -0.35 -2.32
1950.00 15.63 13.25 10.86 8.47 6.08 3.70 1.31 -1.08 -3.46
1951.00 18.30 15.51 12.73 9.94 7.16 4.37 1.59 -1.19 -3.98
1952.00 20.90 17.66 14.42 11.18 7.94 4.70 1.46 -1.77 -5.01
1953.00 23.56 19.85 16.15 12.44 8.74 5.03 1.32 -2.38 -6.09
1954.00 26.10 21.90 17.71 13.51 9.31 5.12 0.92 -3.28 -7.47
1955.00 28.43 23.78 19.14 14.49 9.84 5.20 0.55 -4.10 -8.74
1956.00 30.99 25.89 20.79 15.69 10.58 5.48 0.38 -4.72 -9.82
1957.00 33.86 28.32 22.77 17.23 11.68 6.13 0.59 -4.96 -10.50
1958.00 36.93 30.91 24.88 18.85 12.82 6.79 0.76 -5.27 -11.30
1959.00 39.97 33.43 26.89 20.35 13.80 7.26 0.72 -5.82 -12.36
1960.00 42.90 35.87 28.83 21.80 14.76 7.73 0.69 -6.34 -13.38
1961.00 45.44 37.93 30.42 22.92 15.41 7.90 0.39 -7.11 -14.62
1962.00 48.30 40.30 32.31 24.31 16.32 8.32 0.33 -7.67 -15.66
1963.00 51.57 43.06 34.55 26.04 17.53 9.02 0.51 -8.01 -16.52
1964.00 54.83 45.79 36.75 27.71 18.67 9.63 0.59 -8.45 -17.49
1965.00 58.04 48.49 38.94 29.39 19.83 10.28 0.73 -8.82 -18.38
1966.00 60.83 50.77 40.71 30.65 20.59 10.52 0.46 -9.60 -19.66
1967.00 63.62 53.07 42.51 31.96 21.40 10.84 0.29 -10.27 -20.82
1968.00 66.58 55.48 44.39 33.29 22.20 11.10 0.00 -11.09 -22.19
1969.00 69.21 57.59 45.96 34.34 22.71 11.09 -0.54 -12.16 -23.79
1970.00 108.05 108.05 108.06 108.06 108.06 108.06 108.07 108.07 108.07
1971.00 108.54 108.54 108.53 108.53 108.53 108.53 108.53 108.53 108.52
1972.00 104.99 104.99 105.00 105.00 105.00 105.01 105.01 105.02 105.02
1973.00 106.63 106.63 106.63 106.63 106.63 106.63 106.63 106.63 106.62
1974.00 110.50 110.50 110.50 110.50 110.50 110.50 110.50 110.50 110.50
1975.00 114.09 114.09 114.09 114.09 114.09 114.08 114.08 114.08 114.08
1976.00 118.06 118.06 118.07 118.07 118.08 118.08 118.09 118.09 118.10
1977.00 117.70 117.70 117.70 117.70 117.70 117.70 117.70 117.70 117.70
1978.00 117.40 117.40 117.40 117.40 117.40 117.40 117.40 117.41 117.41
1979.00 116.11 116.11 116.10 116.10 116.10 116.09 116.09 116.09 116.08
1980.00 116.32 116.32 116.31 116.31 116.31 116.31 116.31 116.31 116.31
1981.00 117.00 117.00 117.00 117.01 117.01 117.01 117.02 117.02 117.02
1982.00 117.03 117.03 117.04 117.04 117.04 117.05 117.05 117.06 117.06
1983.00 110.84 110.84 110.84 110.84 110.85 110.85 110.85 110.85 110.85
1984.00 107.70 107.69 107.69 107.68 107.67 107.67 107.66 107.66 107.65
1985.00 105.11 105.11 105.11 105.11 105.11 105.11 105.12 105.12 105.12
1986.00 103.11 103.11 103.11 103.11 103.11 103.11 103.11 103.11 103.11
1987.00 101.27 101.28 101.28 101.28 101.28 101.29 101.29 101.29 101.29
1988.00 96.82 96.91 97.00 97.10 97.19 97.28 97.37 97.47 97.56
1989.00 92.29 92.49 92.69 92.89 93.10 93.30 93.50 93.70 93.90
1990.00 87.80 88.11 88.42 88.73 89.03 89.34 89.65 89.96 90.27
1991.00 84.15 84.73 85.32 85.90 86.48 87.06 87.64 88.22 88.80
1992.00 81.35 82.32 83.28 84.25 85.21 86.18 87.14 88.11 89.07
1993.00 78.18 79.51 80.83 82.15 83.47 84.80 86.12 87.44 88.76
1994.00 74.69 76.39 78.10 79.80 81.51 83.22 84.92 86.63 88.33
1995.00 71.81 74.02 76.23 78.44 80.65 82.87 85.08 87.29 89.50
1996.00 68.41 70.92 73.43 75.94 78.45 80.96 83.48 85.99 88.50
1997.00 65.45 68.39 71.34 74.28 77.22 80.16 83.10 86.04 88.98
1998.00 62.10 65.36 68.62 71.88 75.14 78.41 81.67 84.93 88.19
1999.00 58.03 61.43 64.83 68.24 71.64 75.04 78.44 81.84 85.24
2000.00 53.64 57.03 60.43 63.82 67.22 70.61 74.01 77.40 80.80
2001.00 50.14 53.73 57.33 60.93 64.53 68.12 71.72 75.32 78.91
2002.00 47.20 51.05 54.91 58.76 62.62 66.48 70.33 74.19 78.04
2003.00 44.42 48.58 52.73 56.89 61.05 65.21 69.36 73.52 77.67
2004.00 40.24 44.34 48.44 52.54 56.64 60.74 64.84 68.94 73.04
2005.00 36.60 41.01 45.43 49.84 54.26 58.67 63.09 67.50 71.91
2006.00 33.44 38.14 42.83 47.52 52.22 56.91 61.60 66.30 70.99
2007.00 30.51 35.39 40.28 45.17 50.06 54.94 59.83 64.72 69.60
2008.00 26.93 31.76 36.59 41.43 46.26 51.09 55.93 60.76 65.59
2009.00 23.80 28.71 33.63 38.55 43.47 48.39 53.31 58.22 63.14
2010.00 19.86 24.67 29.48 34.28 39.09 43.90 48.70 53.51 58.31
2011.00 16.98 22.01 27.04 32.07 37.11 42.14 47.17 52.20 57.23
2012.00 14.25 19.51 24.77 30.03 35.29 40.55 45.81 51.07 56.33
2013.00 11.86 17.27 22.68 28.09 33.50 38.91 44.32 49.73 55.14
2014.00 9.41 14.95 20.48 26.01 31.55 37.08 42.61 48.14 53.67
2015.00 7.60 13.44 19.27 25.11 30.95 36.79 42.62 48.46 54.29
2016.00 4.95 11.01 17.07 23.13 29.19 35.26 41.32 47.38 53.44
2017.00 2.84 9.08 15.32 21.56 27.80 34.04 40.28 46.52 52.76
2018.00 -11.79 -9.62 -7.45 -5.28 -3.11 -0.94 1.23 3.40 5.57
2019.00 -13.06 -10.64 -8.21 -5.78 -3.35 -0.93 1.50 3.93 6.35
2020.00 -13.98 -11.32 -8.65 -5.98 -3.32 -0.65 2.02 4.68 7.35
2021.00 -15.23 -12.35 -9.46 -6.58 -3.69 -0.81 2.07 4.96 7.84
2022.00 -16.78 -13.69 -10.60 -7.51 -4.42 -1.33 1.75 4.84 7.93
2023.00 -18.05 -14.77 -11.49 -8.20 -4.92 -1.64 1.64 4.92 8.20
2024.00 -19.30 -15.85 -12.40 -8.94 -5.49 -2.04 1.41 4.86 8.31
2025.00 -20.19 -16.61 -13.03 -9.45 -5.87 -2.29 1.29 4.87 8.45
2026.00 -21.03 -17.33 -13.64 -9.95 -6.25 -2.56 1.13 4.83 8.52
2027.00 -21.90 -18.10 -14.30 -10.51 -6.71 -2.91 0.89 4.68 8.48
2028.00 -22.54 -18.63 -14.72 -10.81 -6.89 -2.98 0.92 4.83 8.74
2029.00 -23.15 -19.16 -15.17 -11.18 -7.19 -3.20 0.79 4.77 8.76
2030.00 -23.66 -19.61 -15.56 -11.51 -7.45 -3.40 0.65 4.70 8.75
2031.00 -23.74 -19.65 -15.56 -11.48 -7.39 -3.31 0.78 4.86 8.95
2032.00 -24.10 -19.98 -15.86 -11.74 -7.63 -3.51 0.61 4.72 8.84
2033.00 -24.40 -20.24 -16.08 -11.92 -7.75 -3.59 0.57 4.73 8.89
2034.00 -24.61 -20.41 -16.20 -12.00 -7.80 -3.59 0.61 4.82 9.02
2035.00 -24.81 -20.59 -16.37 -12.14 -7.92 -3.70 0.53 4.75 8.97
2036.00 -24.90 -20.66 -16.42 -12.18 -7.94 -3.70 0.54 4.77 9.01
2037.00 -25.08 -20.83 -16.59 -12.34 -8.09 -3.85 0.40 4.64 8.89
2038.00 -25.25 -20.98 -16.72 -12.45 -8.18 -3.92 0.35 4.61 8.88
2039.00 -25.25 -20.98 -16.71 -12.43 -8.16 -3.89 0.38 4.65 8.93
2040.00 -25.34 -21.06 -16.77 -12.49 -8.20 -3.92 0.36 4.65 8.93
2041.00 -25.27 -20.99 -16.70 -12.42 -8.13 -3.85 0.44 4.72 9.01
2042.00 -25.16 -20.87 -16.58 -12.28 -7.99 -3.70 0.59 4.89 9.18
2043.00 -25.12 -20.82 -16.52 -12.22 -7.92 -3.62 0.68 4.98 9.28
2044.00 -25.17 -20.86 -16.55 -12.23 -7.92 -3.60 0.71 5.02 9.34
2045.00 -25.10 -20.78 -16.47 -12.15 -7.83 -3.52 0.80 5.11 9.43
2046.00 -25.10 -20.78 -16.46 -12.13 -7.81 -3.49 0.83 5.15 9.47
2047.00 -25.10 -20.78 -16.46 -12.14 -7.82 -3.51 0.81 5.13 9.45
2048.00 -25.20 -20.88 -16.56 -12.23 -7.91 -3.59 0.73 5.05 9.38
2049.00 -25.27 -20.94 -16.62 -12.30 -7.98 -3.65 0.67 4.99 9.32
2050.00 -25.36 -21.03 -16.71 -12.38 -8.06 -3.73 0.59 4.92 9.24
2051.00 -25.41 -21.09 -16.77 -12.45 -8.13 -3.81 0.50 4.82 9.15
2052.00 -25.41 -21.09 -16.77 -12.45 -8.13 -3.81 0.50 4.83 9.15
2053.00 -25.31 -21.00 -16.69 -12.38 -8.08 -3.77 0.54 4.85 9.16
2054.00 -25.23 -20.93 -16.62 -12.31 -8.00 -3.70 0.60 4.91 9.22
2055.00 -25.27 -20.97 -16.67 -12.37 -8.07 -3.77 0.53 4.83 9.13
2056.00 -25.29 -20.99 -16.69 -12.39 -8.09 -3.79 0.50 4.81 9.11
2057.00 -25.18 -20.89 -16.60 -12.31 -8.02 -3.73 0.55 4.85 9.14
2058.00 -25.17 -20.88 -16.60 -12.31 -8.02 -3.73 0.55 4.85 9.14
2059.00 -25.15 -20.87 -16.59 -12.32 -8.04 -3.77 0.51 4.78 9.06
2060.00 -25.11 -20.83 -16.56 -12.29 -8.01 -3.74 0.53 4.81 9.08
2061.00 -25.14 -20.88 -16.61 -12.34 -8.08 -3.81 0.45 4.72 8.99
2062.00 -25.22 -20.95 -16.68 -12.41 -8.15 -3.88 0.38 4.65 8.92
2063.00 -25.09 -20.83 -16.57 -12.31 -8.05 -3.79 0.46 4.73 8.99
2064.00 -24.97 -20.72 -16.46 -12.21 -7.96 -3.71 0.54 4.79 9.04
2065.00 -24.70 -20.47 -16.23 -11.99 -7.76 -3.52 0.71 4.95 9.19
