# yearspad, alpred
# [0.3 0.4 0.5 0.6 0.7 0.8 0.9 1.  1.1]
1922.00 -67.65 -63.71 -59.65 -55.65 -51.65 -47.70 -43.65 -39.66 -35.65
1923.00 -67.73 -63.80 -59.75 -55.75 -51.77 -47.82 -43.78 -39.79 -35.80
1924.00 -67.70 -63.79 -59.74 -55.76 -51.79 -47.86 -43.82 -39.85 -35.87
1925.00 -66.64 -62.76 -58.74 -54.79 -50.85 -46.95 -42.94 -39.00 -35.05
1926.00 -65.92 -62.08 -58.09 -54.17 -50.26 -46.40 -42.42 -38.51 -34.59
1927.00 -64.52 -60.72 -56.77 -52.89 -49.02 -45.21 -41.27 -37.40 -33.53
1928.00 -62.81 -59.07 -55.18 -51.36 -47.55 -43.79 -39.91 -36.10 -32.28
1929.00 -60.75 -57.09 -53.26 -49.52 -45.77 -42.09 -38.28 -34.54 -30.79
1930.00 -59.06 -55.48 -51.75 -48.08 -44.43 -40.84 -37.11 -33.45 -29.79
1931.00 -55.71 -52.25 -48.62 -45.07 -41.53 -38.05 -34.43 -30.89 -27.34
1932.00 -51.87 -48.52 -45.02 -41.60 -38.17 -34.82 -31.32 -27.90 -24.48
1933.00 -48.17 -44.97 -41.62 -38.34 -35.06 -31.85 -28.50 -25.23 -21.95
1934.00 -44.79 -41.75 -38.55 -35.43 -32.31 -29.26 -26.07 -22.96 -19.84
1935.00 -39.64 -36.79 -33.79 -30.86 -27.93 -25.07 -22.07 -19.15 -16.22
1936.00 -34.39 -31.73 -28.93 -26.20 -23.47 -20.80 -18.01 -15.28 -12.55
1937.00 -28.73 -26.30 -23.74 -21.24 -18.74 -16.31 -13.75 -11.26 -8.76
1938.00 -24.43 -22.22 -19.89 -17.62 -15.35 -13.14 -10.81 -8.54 -6.27
1939.00 -17.68 -15.73 -13.66 -11.65 -9.64 -7.69 -5.62 -3.61 -1.60
1940.00 -13.07 -11.38 -9.57 -7.82 -6.07 -4.38 -2.57 -0.83 0.92
1941.00 -7.35 -5.96 -4.46 -3.02 -1.58 -0.19 1.30 2.74 4.19
1942.00 -1.82 -0.73 0.47 1.61 2.75 3.84 5.04 6.18 7.32
1943.00 6.06 6.82 7.69 8.51 9.33 10.09 10.96 11.77 12.59
1944.00 11.26 11.69 12.24 12.73 13.22 13.66 14.20 14.69 15.18
1945.00 17.36 17.46 17.65 17.80 17.94 18.04 18.23 18.37 18.52
1946.00 24.16 23.89 23.72 23.50 23.27 23.00 22.83 22.60 22.38
1947.00 30.18 29.53 28.98 28.39 27.79 27.14 26.59 25.98 25.39
1948.00 36.64 35.59 34.63 33.63 32.62 31.57 30.61 29.60 28.60
1949.00 44.15 42.69 41.33 39.92 38.51 37.06 35.70 34.28 32.88
1950.00 54.33 52.44 50.63 48.79 46.95 45.06 43.26 41.41 39.57
1951.00 61.26 58.96 56.75 54.50 52.25 49.95 47.74 45.48 43.23
1952.00 69.44 66.69 64.01 61.30 58.58 55.82 53.15 50.43 47.72
1953.00 77.92 74.72 71.59 68.43 65.26 62.05 58.93 55.76 52.59
1954.00 87.96 84.27 80.65 77.00 73.35 69.65 66.04 62.38 58.73
1955.00 95.81 91.66 87.57 83.45 79.33 75.17 71.09 66.96 62.85
1956.00 104.23 99.59 95.00 90.39 85.78 81.13 76.55 71.93 67.32
1957.00 112.44 107.32 102.27 97.19 92.10 86.98 81.93 76.85 71.77
1958.00 121.92 116.32 110.77 105.20 99.63 94.03 88.48 82.91 77.34
1959.00 130.84 124.73 118.67 112.59 106.50 100.39 94.33 88.24 82.16
1960.00 139.34 132.72 126.15 119.56 112.96 106.34 99.77 93.17 86.58
1961.00 147.91 140.79 133.71 126.62 119.52 112.40 105.33 98.23 91.13
1962.00 156.45 148.82 141.23 133.62 126.01 118.38 110.79 103.18 95.58
1963.00 164.90 156.74 148.62 140.48 132.33 124.18 116.05 107.91 99.77
1964.00 173.93 165.26 156.60 147.94 139.28 130.60 121.95 113.28 104.62
1965.00 183.05 173.85 164.67 155.49 146.30 137.10 127.93 118.74 109.55
1966.00 191.31 181.59 171.88 162.17 152.46 142.73 133.03 123.32 113.61
1967.00 200.54 190.29 180.04 169.79 159.54 149.28 139.04 128.79 118.54
1968.00 211.65 200.84 190.04 179.24 168.44 157.63 146.83 136.03 125.22
1969.00 221.93 210.60 199.27 187.94 176.61 165.28 153.95 142.62 131.29
1970.00 265.81 265.81 265.82 265.82 265.82 265.83 265.83 265.83 265.84
1971.00 278.01 278.01 278.01 278.01 278.00 278.00 278.00 278.00 278.00
1972.00 295.62 295.62 295.62 295.63 295.63 295.63 295.63 295.64 295.64
1973.00 279.09 279.09 279.08 279.08 279.08 279.08 279.08 279.08 279.07
1974.00 270.09 270.09 270.10 270.10 270.10 270.10 270.10 270.10 270.10
1975.00 269.45 269.45 269.45 269.45 269.45 269.45 269.45 269.44 269.44
1976.00 290.00 290.00 290.01 290.01 290.02 290.02 290.03 290.04 290.04
1977.00 278.71 278.71 278.71 278.71 278.71 278.71 278.72 278.72 278.72
1978.00 269.53 269.53 269.53 269.53 269.53 269.53 269.53 269.53 269.53
1979.00 254.77 254.76 254.76 254.75 254.75 254.74 254.74 254.73 254.73
1980.00 247.94 247.94 247.94 247.94 247.94 247.94 247.94 247.94 247.94
1981.00 245.35 245.35 245.36 245.36 245.37 245.37 245.37 245.38 245.38
1982.00 239.74 239.74 239.75 239.76 239.76 239.77 239.77 239.78 239.79
1983.00 232.70 232.70 232.70 232.70 232.70 232.71 232.71 232.71 232.71
1984.00 215.14 215.13 215.12 215.11 215.10 215.10 215.09 215.08 215.07
1985.00 201.30 201.30 201.30 201.30 201.30 201.30 201.31 201.31 201.31
1986.00 195.99 195.99 195.99 195.99 195.99 195.99 195.99 195.99 195.99
1987.00 194.93 194.93 194.94 194.94 194.95 194.95 194.95 194.96 194.96
1988.00 184.76 184.87 184.98 185.09 185.20 185.31 185.42 185.54 185.65
1989.00 176.47 176.69 176.91 177.12 177.34 177.56 177.78 177.99 178.21
1990.00 166.88 167.24 167.59 167.94 168.29 168.64 168.99 169.34 169.69
1991.00 156.37 157.06 157.74 158.42 159.10 159.80 160.47 161.16 161.84
1992.00 146.01 147.13 148.23 149.33 150.44 151.55 152.65 153.76 154.87
1993.00 136.22 137.72 139.20 140.69 142.18 143.68 145.15 146.64 148.13
1994.00 128.17 130.04 131.88 133.74 135.59 137.46 139.30 141.16 143.01
1995.00 118.76 121.14 123.50 125.86 128.23 130.62 132.97 135.34 137.70
1996.00 109.02 111.72 114.39 117.07 119.75 122.45 125.11 127.79 130.48
1997.00 100.65 103.80 106.90 110.02 113.14 116.29 119.39 122.51 125.63
1998.00 93.65 97.13 100.58 104.04 107.50 110.98 114.42 117.88 121.34
1999.00 83.63 87.29 90.91 94.54 98.18 101.83 105.45 109.08 112.72
2000.00 74.49 78.16 81.79 85.44 89.09 92.77 96.39 100.04 103.69
2001.00 66.29 70.19 74.03 77.90 81.77 85.66 89.50 93.36 97.23
2002.00 59.17 63.37 67.51 71.67 75.84 80.03 84.17 88.34 92.51
2003.00 51.55 56.02 60.45 64.89 69.34 73.81 78.23 82.67 87.11
2004.00 43.41 47.82 52.17 56.55 60.92 65.33 69.68 74.05 78.43
2005.00 37.32 42.05 46.73 51.43 56.13 60.85 65.53 70.22 74.93
2006.00 28.62 33.62 38.55 43.51 48.47 53.46 58.39 63.35 68.31
2007.00 21.89 27.07 32.20 37.35 42.50 47.68 52.81 57.96 63.11
2008.00 14.05 19.23 24.35 29.49 34.64 39.81 44.93 50.08 55.23
2009.00 8.43 13.68 18.88 24.10 29.32 34.57 39.76 44.98 50.21
2010.00 -1.22 3.92 9.01 14.12 19.23 24.37 29.46 34.57 39.68
2011.00 -7.08 -1.74 3.53 8.84 14.15 19.48 24.76 30.06 35.37
2012.00 -13.60 -8.06 -2.59 2.92 8.42 13.95 19.43 24.93 30.44
2013.00 -18.93 -13.24 -7.63 -1.99 3.66 9.33 14.94 20.58 26.23
2014.00 -25.49 -19.71 -14.00 -8.26 -2.51 3.26 8.97 14.71 20.45
2015.00 -29.17 -23.12 -17.15 -11.14 -5.13 0.91 6.89 12.90 18.91
2016.00 -32.95 -26.73 -20.58 -14.40 -8.22 -2.01 4.14 10.32 16.51
2017.00 -37.47 -31.12 -24.84 -18.53 -12.22 -5.88 0.40 6.71 13.03
2018.00 -54.16 -51.84 -49.58 -47.29 -45.00 -42.68 -40.42 -38.13 -35.83
2019.00 -56.14 -53.58 -51.09 -48.57 -46.04 -43.49 -40.99 -38.47 -35.94
2020.00 -57.94 -55.17 -52.48 -49.75 -47.02 -44.26 -41.57 -38.84 -36.11
2021.00 -59.83 -56.87 -53.99 -51.07 -48.15 -45.20 -42.32 -39.40 -36.48
2022.00 -61.00 -57.87 -54.82 -51.74 -48.65 -45.53 -42.47 -39.39 -36.30
2023.00 -61.71 -58.42 -55.21 -51.96 -48.71 -45.43 -42.22 -38.97 -35.72
2024.00 -63.25 -59.83 -56.47 -53.09 -49.70 -46.28 -42.92 -39.54 -36.15
2025.00 -63.86 -60.32 -56.86 -53.36 -49.86 -46.33 -42.86 -39.36 -35.86
2026.00 -64.16 -60.52 -56.95 -53.36 -49.75 -46.12 -42.55 -38.96 -35.35
2027.00 -64.35 -60.62 -56.97 -53.29 -49.60 -45.88 -42.22 -38.54 -34.84
2028.00 -65.34 -61.53 -57.79 -54.03 -50.25 -46.45 -42.71 -38.95 -35.17
2029.00 -65.55 -61.69 -57.90 -54.08 -50.26 -46.41 -42.62 -38.80 -34.97
2030.00 -65.89 -61.98 -58.15 -54.28 -50.41 -46.50 -42.66 -38.79 -34.92
2031.00 -65.73 -61.79 -57.91 -54.01 -50.10 -46.17 -42.29 -38.39 -34.48
2032.00 -66.31 -62.34 -58.43 -54.50 -50.56 -46.59 -42.68 -38.75 -34.80
2033.00 -65.94 -61.95 -58.02 -54.06 -50.10 -46.12 -42.19 -38.23 -34.27
2034.00 -66.77 -62.76 -58.80 -54.82 -50.84 -46.83 -42.88 -38.89 -34.91
2035.00 -66.81 -62.80 -58.83 -54.84 -50.86 -46.85 -42.88 -38.89 -34.90
2036.00 -66.99 -62.98 -58.99 -55.00 -51.00 -46.98 -43.00 -39.00 -35.00
2037.00 -66.41 -62.40 -58.41 -54.41 -50.41 -46.40 -42.41 -38.41 -34.41
2038.00 -67.20 -63.18 -59.17 -55.16 -51.15 -47.13 -43.12 -39.11 -35.09
2039.00 -67.52 -63.50 -59.49 -55.48 -51.47 -47.45 -43.44 -39.43 -35.41
2040.00 -68.11 -64.09 -60.07 -56.05 -52.03 -48.01 -43.99 -39.97 -35.95
2041.00 -67.76 -63.74 -59.72 -55.71 -51.69 -47.67 -43.65 -39.64 -35.62
2042.00 -68.33 -64.31 -60.29 -56.27 -52.25 -48.23 -44.21 -40.19 -36.17
2043.00 -68.18 -64.16 -60.13 -56.11 -52.09 -48.07 -44.04 -40.02 -35.99
2044.00 -68.22 -64.20 -60.16 -56.13 -52.09 -48.07 -44.03 -40.00 -35.96
2045.00 -68.32 -64.30 -60.25 -56.22 -52.19 -48.16 -44.12 -40.09 -36.05
2046.00 -68.60 -64.58 -60.54 -56.51 -52.47 -48.45 -44.41 -40.38 -36.34
2047.00 -67.96 -63.95 -59.91 -55.88 -51.85 -47.83 -43.79 -39.76 -35.73
2048.00 -67.75 -63.74 -59.69 -55.66 -51.63 -47.61 -43.57 -39.54 -35.50
2049.00 -67.65 -63.64 -59.59 -55.56 -51.52 -47.50 -43.46 -39.43 -35.39
2050.00 -67.85 -63.84 -59.78 -55.75 -51.72 -47.69 -43.64 -39.61 -35.57
2051.00 -67.45 -63.44 -59.39 -55.36 -51.33 -47.31 -43.27 -39.24 -35.20
2052.00 -67.72 -63.71 -59.66 -55.63 -51.60 -47.58 -43.53 -39.50 -35.47
2053.00 -67.43 -63.44 -59.39 -55.37 -51.35 -47.34 -43.30 -39.28 -35.26
2054.00 -67.51 -63.52 -59.47 -55.45 -51.43 -47.43 -43.38 -39.36 -35.34
2055.00 -66.63 -62.65 -58.59 -54.58 -50.56 -46.57 -42.53 -38.51 -34.49
2056.00 -67.06 -63.08 -59.02 -54.99 -50.98 -46.98 -42.93 -38.91 -34.88
2057.00 -67.19 -63.21 -59.16 -55.14 -51.13 -47.14 -43.10 -39.09 -35.07
2058.00 -67.54 -63.56 -59.50 -55.48 -51.46 -47.47 -43.42 -39.40 -35.38
2059.00 -66.77 -62.81 -58.75 -54.74 -50.73 -46.75 -42.71 -38.70 -34.69
2060.00 -67.31 -63.34 -59.28 -55.26 -51.25 -47.27 -43.22 -39.21 -35.19
2061.00 -67.14 -63.18 -59.12 -55.10 -51.09 -47.11 -43.06 -39.05 -35.03
2062.00 -67.57 -63.60 -59.53 -55.51 -51.49 -47.50 -43.44 -39.43 -35.40
2063.00 -67.65 -63.68 -59.61 -55.59 -51.58 -47.60 -43.54 -39.53 -35.51
2064.00 -68.25 -64.29 -60.23 -56.21 -52.21 -48.23 -44.17 -40.17 -36.15
2065.00 -67.70 -63.75 -59.69 -55.69 -51.69 -47.73 -43.68 -39.68 -35.68
