# yearspad, alpred
# [0.3 0.4 0.5 0.6 0.7 0.8 0.9 1.  1.1]
1922.00 -28.68 -24.46 -20.25 -16.03 -11.82 -7.60 -3.39 0.83 5.04
1923.00 -28.58 -24.39 -20.19 -16.00 -11.80 -7.61 -3.41 0.78 4.98
1924.00 -28.09 -23.91 -19.74 -15.56 -11.39 -7.21 -3.04 1.14 5.31
1925.00 -26.94 -22.82 -18.69 -14.57 -10.44 -6.32 -2.19 1.93 6.06
1926.00 -26.31 -22.24 -18.16 -14.09 -10.02 -5.94 -1.87 2.20 6.28
1927.00 -25.30 -21.29 -17.28 -13.26 -9.25 -5.24 -1.23 2.78 6.79
1928.00 -24.42 -20.48 -16.54 -12.59 -8.65 -4.71 -0.77 3.17 7.11
1929.00 -23.81 -19.97 -16.13 -12.28 -8.44 -4.59 -0.75 3.09 6.94
1930.00 -22.84 -19.11 -15.38 -11.65 -7.93 -4.20 -0.47 3.26 6.99
1931.00 -21.59 -18.02 -14.44 -10.87 -7.29 -3.72 -0.15 3.43 7.00
1932.00 -20.56 -17.13 -13.71 -10.28 -6.86 -3.43 -0.00 3.42 6.85
1933.00 -19.45 -16.19 -12.93 -9.67 -6.41 -3.16 0.10 3.36 6.62
1934.00 -18.16 -15.09 -12.01 -8.94 -5.86 -2.79 0.29 3.36 6.44
1935.00 -16.28 -13.44 -10.61 -7.77 -4.93 -2.09 0.75 3.58 6.42
1936.00 -14.71 -12.13 -9.55 -6.96 -4.38 -1.80 0.79 3.37 5.95
1937.00 -13.01 -10.70 -8.38 -6.07 -3.75 -1.44 0.88 3.19 5.51
1938.00 -11.36 -9.30 -7.24 -5.18 -3.12 -1.06 1.00 3.06 5.12
1939.00 -9.48 -7.72 -5.95 -4.18 -2.41 -0.64 1.13 2.90 4.67
1940.00 -8.25 -6.77 -5.30 -3.83 -2.35 -0.88 0.59 2.06 3.54
1941.00 -6.14 -5.02 -3.90 -2.78 -1.65 -0.53 0.59 1.71 2.84
1942.00 -3.76 -2.98 -2.20 -1.42 -0.64 0.14 0.92 1.70 2.48
1943.00 -1.26 -0.85 -0.45 -0.04 0.36 0.77 1.17 1.57 1.98
1944.00 1.16 1.21 1.26 1.31 1.36 1.41 1.45 1.50 1.56
1945.00 3.79 3.47 3.15 2.83 2.51 2.19 1.86 1.54 1.22
1946.00 6.27 5.57 4.87 4.16 3.46 2.76 2.05 1.35 0.64
1947.00 8.44 7.33 6.22 5.11 4.01 2.90 1.79 0.68 -0.42
1948.00 11.44 9.90 8.37 6.83 5.30 3.76 2.22 0.69 -0.85
1949.00 14.59 12.64 10.68 8.72 6.77 4.81 2.85 0.90 -1.06
1950.00 17.49 15.11 12.73 10.35 7.97 5.60 3.21 0.84 -1.54
1951.00 20.28 17.50 14.73 11.95 9.18 6.40 3.62 0.85 -1.93
1952.00 23.92 20.69 17.46 14.23 11.00 7.77 4.54 1.31 -1.92
1953.00 27.57 23.87 20.18 16.48 12.79 9.09 5.40 1.70 -1.99
1954.00 30.59 26.40 22.21 18.03 13.84 9.65 5.47 1.28 -2.91
1955.00 33.65 29.01 24.38 19.74 15.10 10.47 5.83 1.20 -3.44
1956.00 36.17 31.08 25.99 20.90 15.81 10.72 5.62 0.53 -4.56
1957.00 38.73 33.20 27.66 22.12 16.58 11.05 5.51 -0.02 -5.56
1958.00 42.13 36.11 30.10 24.08 18.06 12.04 6.02 0.00 -6.02
1959.00 45.72 39.19 32.66 26.13 19.60 13.06 6.53 0.00 -6.53
1960.00 48.95 41.93 34.91 27.88 20.86 13.83 6.81 -0.21 -7.24
1961.00 52.30 44.80 37.31 29.81 22.32 14.82 7.32 -0.17 -7.67
1962.00 55.58 47.60 39.62 31.64 23.65 15.67 7.69 -0.29 -8.27
1963.00 58.90 50.41 41.91 33.41 24.92 16.42 7.92 -0.58 -9.07
1964.00 62.74 53.72 44.70 35.67 26.65 17.62 8.60 -0.42 -9.45
1965.00 66.37 56.84 47.30 37.76 28.23 18.69 9.15 -0.38 -9.92
1966.00 69.89 59.85 49.81 39.76 29.72 19.68 9.64 -0.41 -10.45
1967.00 73.37 62.83 52.30 41.76 31.22 20.68 10.15 -0.39 -10.93
1968.00 77.35 66.27 55.20 44.13 33.05 21.98 10.90 -0.17 -11.24
1969.00 80.97 69.37 57.77 46.17 34.57 22.97 11.37 -0.24 -11.84
1970.00 120.72 120.72 120.72 120.72 120.73 120.73 120.73 120.73 120.74
1971.00 125.07 125.06 125.06 125.06 125.06 125.06 125.05 125.05 125.05
1972.00 128.26 128.26 128.26 128.27 128.27 128.27 128.28 128.28 128.28
1973.00 120.32 120.32 120.32 120.32 120.32 120.32 120.32 120.31 120.31
1974.00 121.41 121.41 121.42 121.42 121.42 121.42 121.42 121.42 121.42
1975.00 122.27 122.27 122.27 122.27 122.27 122.27 122.26 122.26 122.26
1976.00 122.42 122.43 122.43 122.44 122.44 122.45 122.45 122.46 122.46
1977.00 122.81 122.81 122.81 122.81 122.81 122.81 122.81 122.81 122.81
1978.00 123.89 123.89 123.89 123.89 123.89 123.90 123.90 123.90 123.90
1979.00 123.80 123.80 123.79 123.79 123.79 123.78 123.78 123.78 123.77
1980.00 124.34 124.34 124.34 124.34 124.34 124.34 124.34 124.34 124.34
1981.00 127.83 127.84 127.84 127.84 127.85 127.85 127.85 127.86 127.86
1982.00 126.27 126.27 126.27 126.28 126.28 126.29 126.29 126.30 126.30
1983.00 121.33 121.33 121.33 121.33 121.34 121.34 121.34 121.34 121.34
1984.00 117.82 117.82 117.81 117.80 117.80 117.79 117.79 117.78 117.77
1985.00 116.90 116.90 116.90 116.90 116.90 116.90 116.91 116.91 116.91
1986.00 115.46 115.46 115.46 115.46 115.46 115.46 115.46 115.46 115.46
1987.00 111.60 111.60 111.60 111.61 111.61 111.61 111.62 111.62 111.62
1988.00 107.46 107.54 107.63 107.71 107.80 107.88 107.97 108.05 108.14
1989.00 102.46 102.66 102.86 103.07 103.27 103.47 103.68 103.88 104.08
1990.00 97.21 97.52 97.83 98.14 98.45 98.76 99.07 99.38 99.69
1991.00 92.95 93.56 94.17 94.77 95.38 95.99 96.60 97.21 97.82
1992.00 88.95 89.94 90.93 91.91 92.90 93.89 94.88 95.87 96.86
1993.00 85.03 86.38 87.74 89.09 90.44 91.79 93.15 94.50 95.85
1994.00 81.42 83.14 84.87 86.60 88.33 90.06 91.79 93.51 95.24
1995.00 77.87 80.11 82.34 84.58 86.82 89.06 91.30 93.54 95.77
1996.00 74.24 76.78 79.31 81.85 84.38 86.92 89.46 91.99 94.53
1997.00 71.54 74.51 77.48 80.46 83.43 86.40 89.37 92.34 95.31
1998.00 68.26 71.55 74.84 78.13 81.42 84.70 87.99 91.28 94.57
1999.00 63.73 67.19 70.66 74.12 77.58 81.04 84.51 87.97 91.43
2000.00 58.71 62.15 65.59 69.04 72.48 75.92 79.36 82.81 86.25
2001.00 54.45 58.08 61.71 65.34 68.98 72.61 76.24 79.87 83.51
2002.00 50.63 54.53 58.43 62.34 66.24 70.14 74.05 77.95 81.85
2003.00 47.76 51.97 56.18 60.38 64.59 68.80 73.01 77.22 81.42
2004.00 43.40 47.55 51.70 55.85 60.00 64.14 68.29 72.44 76.59
2005.00 39.96 44.43 48.91 53.38 57.85 62.33 66.80 71.27 75.74
2006.00 35.70 40.45 45.20 49.95 54.69 59.44 64.19 68.94 73.69
2007.00 32.49 37.43 42.38 47.33 52.28 57.23 62.18 67.13 72.08
2008.00 28.24 33.14 38.04 42.94 47.84 52.74 57.64 62.54 67.44
2009.00 24.26 29.24 34.22 39.20 44.18 49.16 54.14 59.12 64.09
2010.00 19.78 24.64 29.51 34.37 39.23 44.09 48.95 53.82 58.67
2011.00 16.96 22.04 27.13 32.21 37.29 42.37 47.45 52.54 57.62
2012.00 14.00 19.31 24.62 29.93 35.24 40.55 45.86 51.17 56.48
2013.00 11.37 16.83 22.28 27.74 33.20 38.66 44.12 49.58 55.03
2014.00 8.77 14.35 19.92 25.49 31.07 36.64 42.21 47.79 53.36
2015.00 6.58 12.46 18.33 24.21 30.09 35.97 41.84 47.72 53.60
2016.00 4.00 10.10 16.21 22.31 28.41 34.51 40.61 46.72 52.82
2017.00 1.37 7.64 13.92 20.19 26.47 32.74 39.02 45.30 51.57
2018.00 -13.53 -11.36 -9.18 -7.01 -4.84 -2.67 -0.49 1.68 3.85
2019.00 -15.06 -12.64 -10.21 -7.78 -5.35 -2.92 -0.49 1.94 4.37
2020.00 -16.69 -14.02 -11.36 -8.69 -6.02 -3.36 -0.69 1.97 4.64
2021.00 -17.45 -14.57 -11.69 -8.80 -5.92 -3.03 -0.15 2.73 5.62
2022.00 -18.69 -15.60 -12.52 -9.43 -6.34 -3.25 -0.16 2.93 6.01
2023.00 -20.07 -16.79 -13.51 -10.23 -6.95 -3.66 -0.38 2.90 6.18
2024.00 -21.29 -17.84 -14.39 -10.94 -7.49 -4.03 -0.58 2.87 6.32
2025.00 -22.21 -18.63 -15.05 -11.47 -7.89 -4.31 -0.73 2.85 6.42
2026.00 -23.38 -19.69 -16.00 -12.30 -8.61 -4.92 -1.23 2.46 6.15
2027.00 -24.58 -20.79 -17.00 -13.20 -9.41 -5.61 -1.82 1.97 5.76
2028.00 -25.59 -21.68 -17.78 -13.87 -9.97 -6.06 -2.15 1.75 5.65
2029.00 -26.39 -22.40 -18.42 -14.43 -10.45 -6.47 -2.48 1.50 5.48
2030.00 -27.10 -23.06 -19.02 -14.97 -10.92 -6.88 -2.83 1.21 5.25
2031.00 -27.39 -23.32 -19.24 -15.16 -11.08 -7.00 -2.92 1.15 5.23
2032.00 -27.76 -23.65 -19.54 -15.43 -11.32 -7.21 -3.10 1.01 5.12
2033.00 -28.20 -24.05 -19.90 -15.75 -11.59 -7.44 -3.29 0.86 5.01
2034.00 -28.66 -24.46 -20.27 -16.07 -11.88 -7.68 -3.49 0.70 4.90
2035.00 -28.62 -24.41 -20.19 -15.98 -11.76 -7.55 -3.33 0.88 5.09
2036.00 -28.72 -24.49 -20.26 -16.03 -11.80 -7.57 -3.34 0.89 5.12
2037.00 -28.81 -24.57 -20.33 -16.10 -11.86 -7.62 -3.38 0.85 5.09
2038.00 -28.99 -24.73 -20.48 -16.22 -11.96 -7.71 -3.45 0.80 5.06
2039.00 -29.05 -24.79 -20.53 -16.27 -12.00 -7.74 -3.48 0.78 5.04
2040.00 -29.18 -24.91 -20.64 -16.36 -12.09 -7.82 -3.54 0.73 5.00
2041.00 -29.22 -24.95 -20.68 -16.40 -12.13 -7.85 -3.58 0.69 4.97
2042.00 -29.33 -25.05 -20.76 -16.48 -12.20 -7.92 -3.64 0.64 4.92
2043.00 -29.23 -24.94 -20.65 -16.36 -12.07 -7.79 -3.49 0.79 5.08
2044.00 -29.21 -24.91 -20.61 -16.30 -12.00 -7.70 -3.39 0.90 5.21
2045.00 -29.17 -24.87 -20.56 -16.26 -11.95 -7.65 -3.34 0.96 5.27
2046.00 -29.01 -24.70 -20.39 -16.08 -11.77 -7.46 -3.15 1.15 5.47
2047.00 -28.80 -24.49 -20.19 -15.88 -11.57 -7.26 -2.95 1.35 5.66
2048.00 -28.89 -24.58 -20.27 -15.96 -11.65 -7.34 -3.02 1.28 5.60
2049.00 -28.86 -24.55 -20.24 -15.92 -11.61 -7.30 -2.98 1.32 5.64
2050.00 -28.89 -24.57 -20.26 -15.94 -11.63 -7.31 -3.00 1.31 5.63
2051.00 -28.95 -24.65 -20.34 -16.03 -11.72 -7.41 -3.10 1.21 5.52
2052.00 -29.17 -24.86 -20.56 -16.24 -11.93 -7.62 -3.31 0.99 5.30
2053.00 -29.12 -24.82 -20.52 -16.22 -11.92 -7.62 -3.32 0.97 5.28
2054.00 -29.19 -24.89 -20.59 -16.30 -12.00 -7.70 -3.41 0.88 5.18
2055.00 -29.13 -24.84 -20.55 -16.26 -11.97 -7.68 -3.39 0.89 5.18
2056.00 -29.19 -24.90 -20.62 -16.33 -12.04 -7.75 -3.46 0.83 5.12
2057.00 -29.15 -24.87 -20.60 -16.32 -12.04 -7.76 -3.48 0.80 5.08
2058.00 -29.07 -24.79 -20.51 -16.23 -11.95 -7.67 -3.39 0.88 5.16
2059.00 -28.97 -24.71 -20.44 -16.18 -11.91 -7.64 -3.38 0.88 5.15
2060.00 -29.03 -24.77 -20.50 -16.24 -11.97 -7.71 -3.45 0.81 5.08
2061.00 -28.86 -24.60 -20.35 -16.09 -11.83 -7.57 -3.32 0.94 5.20
2062.00 -28.93 -24.67 -20.42 -16.16 -11.90 -7.64 -3.39 0.87 5.13
2063.00 -29.00 -24.75 -20.50 -16.25 -12.00 -7.75 -3.50 0.74 5.00
2064.00 -28.92 -24.68 -20.44 -16.20 -11.95 -7.71 -3.47 0.77 5.01
2065.00 -28.73 -24.51 -20.28 -16.05 -11.83 -7.60 -3.38 0.85 5.08
