# yearspad, alpred
# [0.3 0.4 0.5 0.6 0.7 0.8 0.9 1.  1.1]
1922.00 -18.01 -13.79 -9.58 -5.36 -1.14 3.08 7.29 11.51 15.73
1923.00 -17.99 -13.79 -9.60 -5.40 -1.20 3.00 7.20 11.39 15.59
1924.00 -18.17 -13.99 -9.81 -5.63 -1.46 2.72 6.90 11.08 15.26
1925.00 -17.87 -13.75 -9.62 -5.49 -1.36 2.76 6.89 11.02 15.15
1926.00 -17.69 -13.61 -9.53 -5.46 -1.38 2.70 6.77 10.85 14.93
1927.00 -17.59 -13.58 -9.56 -5.55 -1.54 2.48 6.49 10.51 14.52
1928.00 -17.05 -13.11 -9.17 -5.22 -1.28 2.67 6.61 10.55 14.50
1929.00 -16.81 -12.96 -9.12 -5.27 -1.42 2.43 6.28 10.13 13.97
1930.00 -16.49 -12.76 -9.03 -5.29 -1.56 2.17 5.91 9.64 13.37
1931.00 -15.75 -12.17 -8.59 -5.01 -1.43 2.16 5.74 9.32 12.90
1932.00 -15.43 -12.00 -8.56 -5.13 -1.70 1.74 5.17 8.61 12.04
1933.00 -14.64 -11.37 -8.11 -4.84 -1.57 1.69 4.96 8.22 11.49
1934.00 -13.75 -10.66 -7.58 -4.49 -1.41 1.68 4.76 7.85 10.94
1935.00 -12.84 -9.99 -7.14 -4.29 -1.44 1.41 4.26 7.11 9.96
1936.00 -11.37 -8.77 -6.17 -3.57 -0.97 1.63 4.23 6.83 9.43
1937.00 -10.38 -8.04 -5.71 -3.38 -1.05 1.29 3.62 5.95 8.29
1938.00 -9.36 -7.28 -5.20 -3.12 -1.04 1.04 3.12 5.20 7.28
1939.00 -7.53 -5.73 -3.94 -2.15 -0.36 1.44 3.23 5.02 6.82
1940.00 -6.51 -5.01 -3.51 -2.01 -0.51 0.99 2.49 3.99 5.49
1941.00 -4.96 -3.81 -2.65 -1.50 -0.35 0.81 1.96 3.11 4.27
1942.00 -3.30 -2.48 -1.67 -0.85 -0.04 0.77 1.59 2.40 3.22
1943.00 -1.97 -1.53 -1.09 -0.65 -0.22 0.22 0.66 1.10 1.54
1944.00 -0.11 -0.02 0.06 0.15 0.23 0.32 0.41 0.49 0.58
1945.00 1.55 1.26 0.98 0.70 0.42 0.14 -0.14 -0.43 -0.71
1946.00 3.44 2.78 2.12 1.46 0.79 0.13 -0.53 -1.19 -1.86
1947.00 5.17 4.10 3.04 1.98 0.91 -0.15 -1.21 -2.28 -3.34
1948.00 6.81 5.31 3.82 2.33 0.84 -0.65 -2.14 -3.63 -5.13
1949.00 8.45 6.54 4.62 2.71 0.80 -1.12 -3.03 -4.94 -6.86
1950.00 10.37 8.04 5.70 3.36 1.03 -1.31 -3.65 -5.99 -8.32
1951.00 11.83 9.09 6.36 3.63 0.89 -1.84 -4.58 -7.31 -10.04
1952.00 14.02 10.83 7.64 4.45 1.26 -1.93 -5.11 -8.30 -11.49
1953.00 16.33 12.67 9.01 5.36 1.70 -1.95 -5.61 -9.26 -12.92
1954.00 18.27 14.12 9.97 5.82 1.67 -2.48 -6.63 -10.78 -14.93
1955.00 20.28 15.69 11.09 6.49 1.89 -2.71 -7.31 -11.91 -16.51
1956.00 22.03 16.97 11.92 6.86 1.80 -3.25 -8.31 -13.37 -18.42
1957.00 23.92 18.42 12.91 7.41 1.91 -3.60 -9.10 -14.60 -20.11
1958.00 25.95 19.96 13.98 7.99 2.00 -3.99 -9.98 -15.97 -21.96
1959.00 28.23 21.72 15.22 8.71 2.20 -4.30 -10.81 -17.31 -23.82
1960.00 30.21 23.21 16.21 9.20 2.20 -4.81 -11.81 -18.81 -25.82
1961.00 32.48 25.00 17.52 10.04 2.56 -4.92 -12.40 -19.88 -27.35
1962.00 34.63 26.66 18.69 10.72 2.75 -5.23 -13.20 -21.17 -29.14
1963.00 36.76 28.27 19.77 11.28 2.79 -5.71 -14.20 -22.69 -31.19
1964.00 39.27 30.24 21.21 12.18 3.15 -5.87 -14.90 -23.93 -32.96
1965.00 41.14 31.59 22.04 12.49 2.94 -6.61 -16.16 -25.71 -35.26
1966.00 43.27 33.20 23.14 13.07 3.01 -7.06 -17.12 -27.19 -37.25
1967.00 45.68 35.11 24.54 13.97 3.40 -7.17 -17.74 -28.31 -38.88
1968.00 48.05 36.93 25.81 14.70 3.58 -7.54 -18.66 -29.77 -40.89
1969.00 50.59 38.93 27.28 15.62 3.97 -7.68 -19.34 -30.99 -42.65
1970.00 90.00 90.00 90.01 90.01 90.01 90.01 90.02 90.02 90.02
1971.00 92.64 92.64 92.64 92.64 92.63 92.63 92.63 92.63 92.63
1972.00 99.22 99.22 99.22 99.23 99.23 99.23 99.24 99.24 99.24
1973.00 98.92 98.92 98.92 98.92 98.92 98.91 98.91 98.91 98.91
1974.00 100.32 100.33 100.33 100.33 100.33 100.33 100.33 100.33 100.33
1975.00 103.05 103.05 103.05 103.04 103.04 103.04 103.04 103.04 103.04
1976.00 102.43 102.43 102.44 102.44 102.45 102.45 102.46 102.46 102.47
1977.00 102.41 102.41 102.41 102.41 102.41 102.41 102.41 102.41 102.41
1978.00 103.07 103.07 103.07 103.07 103.08 103.08 103.08 103.08 103.08
1979.00 101.05 101.04 101.04 101.04 101.03 101.03 101.03 101.02 101.02
1980.00 102.68 102.68 102.68 102.67 102.67 102.67 102.67 102.67 102.67
1981.00 102.93 102.93 102.94 102.94 102.94 102.95 102.95 102.95 102.96
1982.00 97.56 97.57 97.57 97.58 97.58 97.59 97.59 97.60 97.60
1983.00 96.23 96.23 96.23 96.23 96.23 96.24 96.24 96.24 96.24
1984.00 88.97 88.96 88.96 88.95 88.95 88.94 88.93 88.93 88.92
1985.00 88.02 88.03 88.03 88.03 88.03 88.03 88.03 88.03 88.03
1986.00 88.11 88.11 88.11 88.11 88.11 88.11 88.12 88.12 88.12
1987.00 82.34 82.34 82.34 82.35 82.35 82.35 82.35 82.36 82.36
1988.00 79.34 79.43 79.53 79.62 79.72 79.81 79.91 80.00 80.10
1989.00 75.75 75.97 76.19 76.41 76.63 76.85 77.07 77.29 77.51
1990.00 72.10 72.44 72.77 73.11 73.44 73.78 74.11 74.45 74.78
1991.00 69.37 69.99 70.62 71.24 71.86 72.48 73.11 73.73 74.35
1992.00 66.62 67.62 68.63 69.64 70.64 71.65 72.66 73.67 74.67
1993.00 63.79 65.17 66.54 67.92 69.29 70.67 72.05 73.42 74.80
1994.00 61.31 63.06 64.82 66.58 68.33 70.09 71.84 73.60 75.36
1995.00 58.80 61.07 63.34 65.61 67.89 70.16 72.43 74.71 76.98
1996.00 56.32 58.89 61.47 64.04 66.62 69.19 71.77 74.34 76.92
1997.00 54.42 57.44 60.46 63.47 66.49 69.51 72.52 75.54 78.56
1998.00 51.95 55.28 58.61 61.93 65.26 68.59 71.91 75.24 78.57
1999.00 49.04 52.54 56.03 59.52 63.01 66.50 70.00 73.49 76.98
2000.00 45.28 48.76 52.24 55.72 59.20 62.68 66.16 69.64 73.12
2001.00 42.23 45.89 49.56 53.23 56.90 60.57 64.24 67.90 71.57
2002.00 39.79 43.73 47.68 51.63 55.57 59.52 63.46 67.41 71.36
2003.00 37.60 41.82 46.05 50.27 54.50 58.73 62.95 67.18 71.41
2004.00 34.18 38.37 42.56 46.76 50.95 55.14 59.34 63.53 67.72
2005.00 32.20 36.71 41.22 45.73 50.24 54.75 59.25 63.76 68.27
2006.00 29.59 34.38 39.16 43.95 48.74 53.52 58.31 63.09 67.88
2007.00 27.32 32.30 37.28 42.26 47.25 52.23 57.21 62.19 67.18
2008.00 24.25 29.18 34.11 39.05 43.99 48.92 53.85 58.79 63.72
2009.00 21.35 26.36 31.37 36.39 41.40 46.42 51.43 56.44 61.46
2010.00 17.52 22.42 27.32 32.21 37.11 42.00 46.90 51.80 56.69
2011.00 15.49 20.61 25.74 30.86 35.98 41.11 46.23 51.35 56.48
2012.00 13.47 18.82 24.17 29.52 34.87 40.21 45.56 50.91 56.26
2013.00 11.34 16.83 22.33 27.82 33.31 38.80 44.30 49.79 55.28
2014.00 9.38 14.99 20.60 26.20 31.81 37.42 43.03 48.63 54.24
2015.00 7.42 13.32 19.23 25.14 31.04 36.95 42.85 48.75 54.66
2016.00 5.78 11.91 18.04 24.17 30.30 36.43 42.56 48.69 54.82
2017.00 3.72 10.02 16.32 22.62 28.92 35.22 41.52 47.82 54.12
2018.00 -10.73 -8.55 -6.36 -4.17 -1.99 0.20 2.39 4.57 6.76
2019.00 -11.56 -9.12 -6.68 -4.24 -1.80 0.64 3.08 5.52 7.97
2020.00 -13.00 -10.32 -7.65 -4.97 -2.30 0.38 3.05 5.73 8.40
2021.00 -13.88 -10.99 -8.10 -5.20 -2.31 0.58 3.47 6.36 9.25
2022.00 -14.40 -11.31 -8.22 -5.12 -2.03 1.06 4.16 7.25 10.34
2023.00 -15.37 -12.08 -8.80 -5.51 -2.23 1.05 4.34 7.62 10.91
2024.00 -15.83 -12.38 -8.93 -5.47 -2.02 1.43 4.88 8.34 11.79
2025.00 -16.13 -12.55 -8.97 -5.39 -1.81 1.77 5.35 8.93 12.51
2026.00 -16.80 -13.11 -9.42 -5.73 -2.03 1.66 5.35 9.04 12.73
2027.00 -16.99 -13.20 -9.40 -5.60 -1.81 1.99 5.78 9.58 13.38
2028.00 -17.56 -13.65 -9.74 -5.83 -1.93 1.98 5.88 9.79 13.70
2029.00 -17.78 -13.79 -9.81 -5.82 -1.84 2.14 6.13 10.11 14.10
2030.00 -17.60 -13.55 -9.51 -5.46 -1.41 2.63 6.67 10.72 14.76
2031.00 -17.91 -13.83 -9.75 -5.67 -1.59 2.49 6.57 10.64 14.72
2032.00 -17.79 -13.68 -9.57 -5.46 -1.34 2.77 6.88 10.99 15.11
2033.00 -17.84 -13.69 -9.53 -5.38 -1.22 2.93 7.08 11.24 15.39
2034.00 -18.16 -13.96 -9.77 -5.57 -1.37 2.82 7.02 11.22 15.41
2035.00 -17.92 -13.71 -9.49 -5.28 -1.06 3.15 7.37 11.58 15.80
2036.00 -17.98 -13.75 -9.52 -5.29 -1.05 3.18 7.41 11.64 15.87
2037.00 -17.98 -13.74 -9.51 -5.27 -1.03 3.20 7.44 11.68 15.92
2038.00 -17.99 -13.73 -9.47 -5.22 -0.96 3.30 7.55 11.81 16.07
2039.00 -18.11 -13.85 -9.58 -5.32 -1.06 3.20 7.46 11.73 15.99
2040.00 -18.04 -13.76 -9.49 -5.21 -0.94 3.33 7.61 11.88 16.16
2041.00 -18.10 -13.82 -9.55 -5.27 -1.00 3.27 7.55 11.82 16.10
2042.00 -18.26 -13.98 -9.70 -5.42 -1.14 3.14 7.43 11.71 15.99
2043.00 -18.25 -13.96 -9.67 -5.38 -1.09 3.20 7.49 11.78 16.07
2044.00 -18.30 -14.00 -9.70 -5.40 -1.09 3.21 7.51 11.81 16.11
2045.00 -18.39 -14.09 -9.78 -5.48 -1.17 3.13 7.43 11.74 16.04
2046.00 -18.32 -14.01 -9.70 -5.39 -1.08 3.22 7.53 11.84 16.15
2047.00 -18.31 -14.00 -9.70 -5.39 -1.09 3.22 7.53 11.83 16.14
2048.00 -18.37 -14.06 -9.75 -5.44 -1.13 3.18 7.49 11.80 16.11
2049.00 -18.36 -14.05 -9.74 -5.42 -1.11 3.20 7.51 11.82 16.13
2050.00 -18.35 -14.04 -9.73 -5.41 -1.10 3.21 7.53 11.84 16.15
2051.00 -18.32 -14.02 -9.71 -5.40 -1.09 3.21 7.52 11.83 16.14
2052.00 -18.34 -14.04 -9.73 -5.42 -1.11 3.19 7.50 11.81 16.12
2053.00 -18.31 -14.02 -9.72 -5.42 -1.12 3.17 7.47 11.77 16.06
2054.00 -18.33 -14.04 -9.74 -5.45 -1.15 3.14 7.43 11.73 16.03
2055.00 -18.23 -13.95 -9.66 -5.37 -1.08 3.20 7.49 11.78 16.07
2056.00 -18.22 -13.93 -9.64 -5.35 -1.06 3.22 7.51 11.80 16.09
2057.00 -18.20 -13.92 -9.64 -5.36 -1.09 3.19 7.47 11.75 16.03
2058.00 -18.09 -13.81 -9.53 -5.26 -0.98 3.30 7.58 11.86 16.13
2059.00 -18.03 -13.77 -9.50 -5.24 -0.97 3.29 7.56 11.83 16.09
2060.00 -18.09 -13.83 -9.56 -5.30 -1.04 3.23 7.49 11.75 16.02
2061.00 -17.99 -13.74 -9.48 -5.22 -0.97 3.29 7.55 11.81 16.06
2062.00 -17.94 -13.69 -9.43 -5.17 -0.91 3.35 7.61 11.86 16.12
2063.00 -18.04 -13.79 -9.54 -5.29 -1.04 3.21 7.46 11.71 15.96
2064.00 -17.93 -13.69 -9.45 -5.21 -0.96 3.28 7.52 11.77 16.01
2065.00 -17.95 -13.72 -9.50 -5.27 -1.04 3.19 7.42 11.65 15.87
