# yearspad, alpred
# [0.3 0.4 0.5 0.6 0.7 0.8 0.9 1.  1.1]
1922.00 -47.67 -43.46 -39.26 -35.04 -30.84 -26.63 -22.42 -18.18 -13.98
1923.00 -47.56 -43.37 -39.20 -35.01 -30.83 -26.64 -22.46 -18.24 -14.06
1924.00 -47.08 -42.91 -38.76 -34.59 -30.43 -26.26 -22.10 -17.90 -13.75
1925.00 -46.45 -42.34 -38.24 -34.12 -30.01 -25.90 -21.79 -17.65 -13.54
1926.00 -45.42 -41.36 -37.31 -33.25 -29.19 -25.13 -21.08 -16.99 -12.94
1927.00 -44.72 -40.72 -36.74 -32.74 -28.75 -24.76 -20.77 -16.75 -12.76
1928.00 -42.37 -38.45 -34.53 -30.61 -26.69 -22.76 -18.84 -14.89 -10.98
1929.00 -40.30 -36.48 -32.66 -28.83 -25.01 -21.18 -17.36 -13.51 -9.69
1930.00 -37.93 -34.23 -30.53 -26.82 -23.12 -19.41 -15.71 -11.98 -8.28
1931.00 -35.37 -31.83 -28.28 -24.73 -21.18 -17.63 -14.09 -10.51 -6.97
1932.00 -32.35 -28.96 -25.56 -22.16 -18.76 -15.36 -11.96 -8.54 -5.15
1933.00 -29.18 -25.95 -22.72 -19.50 -16.26 -13.03 -9.80 -6.54 -3.32
1934.00 -25.75 -22.70 -19.66 -16.61 -13.56 -10.51 -7.47 -4.40 -1.36
1935.00 -21.85 -19.05 -16.24 -13.44 -10.64 -7.83 -5.03 -2.20 0.60
1936.00 -17.02 -14.48 -11.93 -9.38 -6.84 -4.28 -1.74 0.83 3.37
1937.00 -14.11 -11.83 -9.55 -7.28 -5.00 -2.72 -0.44 1.86 4.13
1938.00 -10.43 -8.41 -6.38 -4.37 -2.34 -0.32 1.70 3.74 5.75
1939.00 -6.84 -5.12 -3.39 -1.66 0.06 1.80 3.52 5.26 6.98
1940.00 -3.11 -1.68 -0.25 1.18 2.61 4.04 5.47 6.92 8.34
1941.00 1.45 2.52 3.60 4.68 5.76 6.84 7.91 9.01 10.08
1942.00 5.72 6.45 7.19 7.91 8.65 9.39 10.12 10.87 11.59
1943.00 9.63 9.98 10.34 10.69 11.05 11.41 11.76 12.14 12.48
1944.00 13.56 13.56 13.57 13.56 13.57 13.57 13.57 13.58 13.58
1945.00 17.17 16.80 16.43 16.06 15.69 15.32 14.94 14.59 14.21
1946.00 22.94 22.18 21.43 20.67 19.92 19.17 18.41 17.67 16.91
1947.00 27.00 25.84 24.69 23.53 22.38 21.22 20.06 18.92 17.75
1948.00 31.93 30.35 28.77 27.18 25.60 24.02 22.43 20.85 19.26
1949.00 35.72 33.72 31.72 29.71 27.70 25.70 23.69 21.70 19.69
1950.00 40.66 38.23 35.82 33.39 30.97 28.55 26.12 23.71 21.28
1951.00 44.17 41.34 38.53 35.70 32.88 30.06 27.24 24.43 21.60
1952.00 50.76 47.49 44.24 40.97 37.71 34.45 31.18 27.92 24.65
1953.00 56.33 52.60 48.88 45.16 41.43 37.72 33.99 30.27 26.54
1954.00 62.85 58.64 54.44 50.23 46.02 41.82 37.60 33.40 29.19
1955.00 67.28 62.62 57.97 53.31 48.65 43.99 39.33 34.68 30.01
1956.00 73.39 68.29 63.19 58.08 52.98 47.87 42.76 37.67 32.56
1957.00 78.33 72.79 67.26 61.73 56.19 50.66 45.12 39.59 34.05
1958.00 83.40 77.38 71.37 65.36 59.35 53.34 47.32 41.31 35.30
1959.00 89.53 83.01 76.49 69.97 63.45 56.93 50.41 43.90 37.37
1960.00 95.40 88.39 81.39 74.38 67.37 60.36 53.35 46.35 39.34
1961.00 101.16 93.70 86.24 78.77 71.30 63.84 56.37 48.91 41.44
1962.00 106.52 98.57 90.63 82.69 74.74 66.80 58.86 50.92 42.97
1963.00 112.38 103.93 95.49 87.04 78.59 70.15 61.70 53.25 44.80
1964.00 118.18 109.21 100.24 91.27 82.30 73.33 64.35 55.38 46.41
1965.00 123.33 113.86 104.40 94.93 85.46 75.99 66.52 57.06 47.58
1966.00 128.78 118.81 108.85 98.88 88.92 78.95 68.99 59.02 49.06
1967.00 133.91 123.47 113.02 102.58 92.13 81.69 71.24 60.80 50.35
1968.00 140.48 129.50 118.54 107.56 96.59 85.62 74.65 63.68 52.71
1969.00 147.24 135.76 124.28 112.80 101.31 89.83 78.35 66.87 55.39
1970.00 189.42 189.42 189.43 189.43 189.43 189.43 189.43 189.44 189.44
1971.00 190.59 190.59 190.59 190.59 190.59 190.58 190.58 190.58 190.58
1972.00 198.56 198.57 198.57 198.57 198.58 198.58 198.58 198.59 198.59
1973.00 201.49 201.49 201.49 201.49 201.49 201.49 201.48 201.48 201.48
1974.00 204.67 204.67 204.67 204.67 204.67 204.67 204.67 204.67 204.67
1975.00 205.13 205.13 205.12 205.12 205.12 205.12 205.12 205.11 205.11
1976.00 201.33 201.33 201.34 201.34 201.35 201.35 201.36 201.36 201.37
1977.00 190.92 190.92 190.92 190.92 190.92 190.92 190.92 190.93 190.93
1978.00 187.00 187.00 187.00 187.01 187.01 187.01 187.01 187.01 187.01
1979.00 183.26 183.26 183.26 183.25 183.25 183.24 183.24 183.24 183.23
1980.00 177.69 177.69 177.69 177.68 177.68 177.68 177.68 177.68 177.68
1981.00 171.92 171.93 171.93 171.93 171.94 171.94 171.95 171.95 171.95
1982.00 165.07 165.07 165.08 165.08 165.09 165.09 165.10 165.10 165.11
1983.00 159.00 159.00 159.00 159.00 159.00 159.00 159.00 159.00 159.00
1984.00 137.02 137.01 137.01 137.00 137.00 136.99 136.99 136.98 136.97
1985.00 146.56 146.56 146.56 146.56 146.56 146.56 146.57 146.57 146.57
1986.00 142.68 142.68 142.68 142.68 142.69 142.69 142.69 142.69 142.69
1987.00 147.55 147.56 147.56 147.56 147.56 147.57 147.57 147.57 147.57
1988.00 140.70 140.77 140.84 140.91 140.98 141.05 141.12 141.20 141.27
1989.00 136.01 136.20 136.38 136.56 136.75 136.93 137.11 137.30 137.48
1990.00 128.62 128.89 129.16 129.43 129.70 129.97 130.25 130.52 130.79
1991.00 123.62 124.20 124.78 125.36 125.94 126.52 127.10 127.68 128.26
1992.00 117.61 118.57 119.53 120.49 121.45 122.41 123.37 124.32 125.28
1993.00 111.59 112.90 114.21 115.52 116.82 118.13 119.43 120.74 122.05
1994.00 104.27 105.94 107.61 109.28 110.95 112.63 114.30 115.97 117.64
1995.00 98.68 100.86 103.04 105.22 107.40 109.58 111.76 113.93 116.11
1996.00 92.90 95.37 97.85 100.32 102.79 105.26 107.73 110.20 112.67
1997.00 87.59 90.49 93.39 96.29 99.19 102.09 104.99 107.88 110.78
1998.00 82.02 85.21 88.40 91.59 94.77 97.96 101.15 104.33 107.52
1999.00 76.30 79.63 82.97 86.29 89.62 92.95 96.28 99.60 102.93
2000.00 68.99 72.31 75.64 78.96 82.28 85.60 88.92 92.24 95.56
2001.00 63.47 66.98 70.49 74.00 77.51 81.02 84.53 88.03 91.54
2002.00 57.76 61.56 65.35 69.14 72.93 76.72 80.52 84.30 88.10
2003.00 52.56 56.62 60.68 64.73 68.79 72.84 76.90 80.95 85.01
2004.00 46.79 50.81 54.83 58.85 62.86 66.88 70.90 74.92 78.94
2005.00 42.05 46.39 50.73 55.07 59.41 63.74 68.08 72.42 76.76
2006.00 36.26 40.87 45.49 50.09 54.70 59.31 63.92 68.53 73.14
2007.00 31.64 36.45 41.25 46.06 50.86 55.66 60.47 65.27 70.07
2008.00 25.59 30.35 35.11 39.87 44.62 49.38 54.14 58.89 63.65
2009.00 19.96 24.82 29.68 34.53 39.37 44.23 49.08 53.93 58.78
2010.00 11.81 16.55 21.30 26.03 30.77 35.51 40.25 44.98 49.72
2011.00 7.15 12.12 17.09 22.05 27.01 31.98 36.95 41.91 46.88
2012.00 2.72 7.92 13.12 18.32 23.51 28.71 33.90 39.09 44.29
2013.00 -1.31 4.04 9.39 14.73 20.08 25.42 30.77 36.11 41.46
2014.00 -4.88 0.59 6.06 11.52 16.99 22.45 27.92 33.38 38.85
2015.00 -8.88 -3.12 2.65 8.40 14.16 19.92 25.68 31.44 37.20
2016.00 -12.42 -6.40 -0.38 5.64 11.66 17.68 23.70 29.71 35.73
2017.00 -17.31 -11.12 -4.94 1.24 7.42 13.61 19.79 25.97 32.15
2018.00 -31.98 -29.87 -27.76 -25.66 -23.56 -21.45 -19.34 -17.24 -15.13
2019.00 -33.93 -31.56 -29.20 -26.83 -24.47 -22.10 -19.73 -17.37 -15.00
2020.00 -35.20 -32.59 -29.98 -27.37 -24.76 -22.15 -19.54 -16.94 -14.32
2021.00 -37.44 -34.60 -31.77 -28.95 -26.12 -23.29 -20.46 -17.63 -14.80
2022.00 -38.05 -35.01 -31.97 -28.93 -25.90 -22.86 -19.81 -16.78 -13.74
2023.00 -39.94 -36.69 -33.46 -30.22 -26.98 -23.75 -20.50 -17.27 -14.03
2024.00 -40.10 -36.67 -33.26 -29.85 -26.43 -23.02 -19.60 -16.19 -12.77
2025.00 -41.02 -37.47 -33.92 -30.37 -26.83 -23.28 -19.73 -16.18 -12.63
2026.00 -41.20 -37.53 -33.87 -30.21 -26.55 -22.88 -19.21 -15.55 -11.88
2027.00 -42.20 -38.43 -34.66 -30.89 -27.13 -23.36 -19.59 -15.82 -12.05
2028.00 -43.19 -39.29 -35.41 -31.53 -27.65 -23.77 -19.88 -15.99 -12.11
2029.00 -43.41 -39.43 -35.47 -31.50 -27.54 -23.57 -19.60 -15.63 -11.65
2030.00 -43.83 -39.78 -35.75 -31.72 -27.68 -23.65 -19.61 -15.57 -11.54
2031.00 -44.54 -40.46 -36.40 -32.33 -28.27 -24.20 -20.13 -16.06 -11.99
2032.00 -44.07 -39.96 -35.87 -31.76 -27.67 -23.57 -19.46 -15.36 -11.26
2033.00 -45.63 -41.48 -37.34 -33.20 -29.06 -24.91 -20.76 -16.61 -12.47
2034.00 -46.58 -42.38 -38.20 -34.01 -29.82 -25.63 -21.44 -17.24 -13.06
2035.00 -47.73 -43.51 -39.31 -35.10 -30.90 -26.69 -22.48 -18.26 -14.06
2036.00 -48.07 -43.83 -39.62 -35.39 -31.17 -26.94 -22.72 -18.48 -14.25
2037.00 -48.56 -44.31 -40.09 -35.86 -31.63 -27.40 -23.16 -18.92 -14.68
2038.00 -48.89 -44.62 -40.38 -36.13 -31.88 -27.63 -23.37 -19.11 -14.85
2039.00 -49.13 -44.86 -40.61 -36.35 -32.09 -27.84 -23.58 -19.30 -15.05
2040.00 -48.89 -44.61 -40.35 -36.07 -31.80 -27.53 -23.26 -18.97 -14.70
2041.00 -49.30 -45.02 -40.76 -36.48 -32.21 -27.94 -23.67 -19.38 -15.11
2042.00 -49.13 -44.83 -40.56 -36.28 -32.00 -27.72 -23.44 -19.14 -14.86
2043.00 -49.47 -45.18 -40.90 -36.61 -32.33 -28.04 -23.75 -19.44 -15.16
2044.00 -49.47 -45.15 -40.86 -36.56 -32.26 -27.96 -23.65 -19.33 -15.03
2045.00 -49.76 -45.45 -41.16 -36.85 -32.55 -28.24 -23.94 -19.61 -15.31
2046.00 -49.54 -45.22 -40.92 -36.61 -32.30 -28.00 -23.68 -19.35 -15.04
2047.00 -49.64 -45.33 -41.03 -36.72 -32.42 -28.11 -23.80 -19.47 -15.17
2048.00 -49.25 -44.93 -40.64 -36.32 -32.01 -27.70 -23.39 -19.05 -14.74
2049.00 -49.64 -45.32 -41.02 -36.70 -32.39 -28.08 -23.77 -19.43 -15.12
2050.00 -49.18 -44.85 -40.55 -36.23 -31.92 -27.60 -23.28 -18.94 -14.63
2051.00 -49.04 -44.72 -40.42 -36.11 -31.80 -27.49 -23.18 -18.84 -14.53
2052.00 -48.63 -44.31 -40.01 -35.70 -31.39 -27.08 -22.76 -18.42 -14.12
2053.00 -48.64 -44.33 -40.04 -35.73 -31.44 -27.14 -22.83 -18.50 -14.21
2054.00 -48.15 -43.84 -39.56 -35.25 -30.95 -26.65 -22.35 -18.03 -13.73
2055.00 -48.31 -44.01 -39.73 -35.44 -31.15 -26.86 -22.57 -18.25 -13.96
2056.00 -48.24 -43.94 -39.67 -35.37 -31.08 -26.79 -22.50 -18.18 -13.89
2057.00 -48.29 -44.00 -39.74 -35.45 -31.17 -26.89 -22.61 -18.30 -14.03
2058.00 -48.16 -43.87 -39.61 -35.32 -31.04 -26.77 -22.49 -18.18 -13.90
2059.00 -48.46 -44.19 -39.93 -35.66 -31.40 -27.14 -22.87 -18.58 -14.32
2060.00 -48.45 -44.19 -39.94 -35.67 -31.41 -27.15 -22.89 -18.60 -14.34
2061.00 -48.74 -44.48 -40.24 -35.99 -31.73 -27.48 -23.23 -18.94 -14.69
2062.00 -48.43 -44.17 -39.93 -35.67 -31.41 -27.16 -22.91 -18.62 -14.37
2063.00 -48.63 -44.38 -40.15 -35.90 -31.66 -27.41 -23.17 -18.89 -14.65
2064.00 -48.15 -43.91 -39.69 -35.45 -31.21 -26.98 -22.74 -18.48 -14.25
2065.00 -48.21 -43.99 -39.78 -35.55 -31.34 -27.12 -22.90 -18.65 -14.43
