# yearspad, alpred
# [0.3 0.4 0.5 0.6 0.7 0.8 0.9 1.  1.1]
1922.00 -27.92 -23.70 -19.48 -15.26 -11.04 -6.82 -2.60 1.61 5.83
1923.00 -27.64 -23.44 -19.24 -15.04 -10.84 -6.64 -2.44 1.76 5.96
1924.00 -26.82 -22.64 -18.46 -14.28 -10.10 -5.92 -1.74 2.43 6.62
1925.00 -26.15 -22.02 -17.89 -13.76 -9.63 -5.50 -1.37 2.76 6.89
1926.00 -25.51 -21.43 -17.35 -13.27 -9.19 -5.12 -1.04 3.03 7.12
1927.00 -24.79 -20.77 -16.75 -12.74 -8.72 -4.71 -0.69 3.32 7.34
1928.00 -24.18 -20.23 -16.28 -12.34 -8.39 -4.45 -0.50 3.44 7.39
1929.00 -23.48 -19.63 -15.78 -11.93 -8.09 -4.24 -0.39 3.45 7.31
1930.00 -22.49 -18.75 -15.02 -11.29 -7.56 -3.83 -0.10 3.63 7.37
1931.00 -21.38 -17.80 -14.22 -10.65 -7.07 -3.49 0.09 3.66 7.25
1932.00 -20.49 -17.06 -13.63 -10.20 -6.77 -3.34 0.08 3.51 6.95
1933.00 -19.57 -16.31 -13.05 -9.79 -6.53 -3.27 -0.01 3.25 6.52
1934.00 -18.14 -15.06 -11.98 -8.90 -5.83 -2.75 0.33 3.41 6.49
1935.00 -16.67 -13.83 -10.99 -8.15 -5.31 -2.47 0.37 3.20 6.05
1936.00 -14.90 -12.31 -9.73 -7.14 -4.56 -1.97 0.61 3.19 5.78
1937.00 -13.22 -10.91 -8.59 -6.28 -3.96 -1.65 0.66 2.98 5.30
1938.00 -11.40 -9.34 -7.27 -5.21 -3.15 -1.09 0.97 3.02 5.09
1939.00 -9.86 -8.09 -6.32 -4.56 -2.79 -1.02 0.74 2.51 4.28
1940.00 -8.15 -6.68 -5.21 -3.74 -2.27 -0.80 0.67 2.14 3.62
1941.00 -5.79 -4.67 -3.55 -2.43 -1.31 -0.19 0.93 2.04 3.17
1942.00 -3.15 -2.37 -1.60 -0.82 -0.04 0.73 1.51 2.28 3.06
1943.00 -0.86 -0.46 -0.06 0.34 0.74 1.14 1.53 1.93 2.33
1944.00 1.55 1.59 1.63 1.67 1.72 1.76 1.80 1.84 1.89
1945.00 4.12 3.79 3.46 3.13 2.80 2.47 2.14 1.81 1.49
1946.00 6.34 5.62 4.91 4.19 3.48 2.77 2.05 1.34 0.63
1947.00 9.24 8.12 7.01 5.89 4.77 3.65 2.54 1.42 0.30
1948.00 12.41 10.86 9.32 7.77 6.22 4.68 3.13 1.58 0.04
1949.00 15.61 13.65 11.68 9.71 7.74 5.78 3.81 1.84 -0.12
1950.00 18.17 15.78 13.39 11.00 8.61 6.22 3.83 1.44 -0.95
1951.00 21.10 18.31 15.52 12.74 9.95 7.16 4.38 1.59 -1.19
1952.00 24.40 21.16 17.92 14.68 11.43 8.19 4.95 1.71 -1.53
1953.00 27.63 23.92 20.21 16.50 12.80 9.09 5.38 1.67 -2.03
1954.00 30.63 26.43 22.23 18.03 13.83 9.63 5.43 1.23 -2.97
1955.00 33.56 28.91 24.26 19.62 14.97 10.32 5.67 1.02 -3.62
1956.00 36.10 31.00 25.90 20.79 15.69 10.59 5.49 0.39 -4.71
1957.00 39.08 33.53 27.98 22.44 16.90 11.35 5.80 0.26 -5.28
1958.00 42.42 36.39 30.37 24.34 18.32 12.29 6.26 0.24 -5.79
1959.00 45.64 39.10 32.56 26.02 19.48 12.94 6.40 -0.14 -6.67
1960.00 48.85 41.82 34.79 27.76 20.73 13.70 6.66 -0.37 -7.39
1961.00 52.04 44.54 37.04 29.54 22.04 14.54 7.04 -0.46 -7.96
1962.00 55.19 47.20 39.22 31.24 23.25 15.27 7.28 -0.70 -8.68
1963.00 58.86 50.36 41.86 33.36 24.87 16.37 7.87 -0.63 -9.13
1964.00 62.84 53.81 44.79 35.76 26.74 17.71 8.68 -0.34 -9.37
1965.00 66.41 56.87 47.33 37.79 28.26 18.72 9.18 -0.36 -9.90
1966.00 69.60 59.55 49.51 39.47 29.42 19.38 9.33 -0.71 -10.75
1967.00 73.13 62.59 52.06 41.52 30.98 20.44 9.91 -0.63 -11.17
1968.00 76.46 65.39 54.31 43.24 32.17 21.09 10.02 -1.06 -12.13
1969.00 79.90 68.30 56.70 45.09 33.49 21.89 10.29 -1.32 -12.92
1970.00 119.00 119.01 119.01 119.01 119.01 119.02 119.02 119.02 119.02
1971.00 123.19 123.19 123.18 123.18 123.18 123.18 123.18 123.17 123.17
1972.00 119.94 119.94 119.95 119.95 119.96 119.96 119.96 119.97 119.97
1973.00 118.76 118.76 118.76 118.76 118.76 118.76 118.76 118.76 118.76
1974.00 121.59 121.59 121.59 121.59 121.59 121.59 121.59 121.59 121.59
1975.00 123.87 123.87 123.86 123.86 123.86 123.86 123.86 123.86 123.85
1976.00 124.62 124.62 124.63 124.63 124.64 124.64 124.65 124.65 124.66
1977.00 125.50 125.50 125.50 125.50 125.50 125.50 125.50 125.50 125.50
1978.00 126.37 126.37 126.37 126.37 126.37 126.37 126.38 126.38 126.38
1979.00 124.46 124.46 124.46 124.45 124.45 124.45 124.44 124.44 124.44
1980.00 127.60 127.60 127.59 127.59 127.59 127.59 127.59 127.59 127.59
1981.00 130.05 130.05 130.06 130.06 130.06 130.07 130.07 130.07 130.08
1982.00 128.48 128.49 128.49 128.50 128.50 128.50 128.51 128.51 128.52
1983.00 124.58 124.58 124.59 124.59 124.59 124.59 124.59 124.59 124.59
1984.00 119.32 119.31 119.31 119.30 119.29 119.29 119.28 119.27 119.27
1985.00 115.92 115.93 115.93 115.93 115.93 115.93 115.93 115.93 115.93
1986.00 113.95 113.96 113.96 113.96 113.96 113.96 113.96 113.96 113.96
1987.00 108.91 108.92 108.92 108.92 108.92 108.93 108.93 108.93 108.93
1988.00 104.26 104.34 104.43 104.51 104.59 104.67 104.75 104.83 104.91
1989.00 98.98 99.18 99.39 99.59 99.79 99.99 100.19 100.39 100.60
1990.00 93.99 94.31 94.62 94.93 95.25 95.56 95.87 96.18 96.50
1991.00 89.94 90.54 91.15 91.75 92.35 92.95 93.56 94.16 94.76
1992.00 86.37 87.36 88.35 89.34 90.33 91.32 92.31 93.30 94.28
1993.00 82.86 84.21 85.56 86.92 88.27 89.63 90.98 92.34 93.69
1994.00 79.12 80.86 82.60 84.34 86.08 87.82 89.56 91.29 93.03
1995.00 75.67 77.92 80.17 82.42 84.67 86.92 89.17 91.42 93.66
1996.00 72.24 74.79 77.35 79.90 82.45 85.00 87.55 90.10 92.65
1997.00 69.42 72.40 75.39 78.37 81.35 84.34 87.32 90.30 93.29
1998.00 65.70 68.99 72.28 75.57 78.85 82.14 85.43 88.72 92.00
1999.00 61.50 64.95 68.40 71.84 75.29 78.74 82.19 85.64 89.08
2000.00 56.75 60.19 63.62 67.05 70.48 73.92 77.35 80.78 84.21
2001.00 52.49 56.13 59.77 63.40 67.04 70.68 74.32 77.96 81.59
2002.00 49.16 53.07 56.99 60.90 64.81 68.72 72.64 76.55 80.46
2003.00 46.01 50.23 54.44 58.66 62.88 67.09 71.31 75.52 79.74
2004.00 41.55 45.70 49.85 54.00 58.15 62.30 66.45 70.60 74.75
2005.00 37.58 42.04 46.51 50.97 55.44 59.90 64.37 68.84 73.30
2006.00 34.06 38.80 43.54 48.29 53.03 57.77 62.52 67.26 72.00
2007.00 30.86 35.80 40.74 45.68 50.62 55.56 60.50 65.44 70.38
2008.00 27.00 31.89 36.78 41.68 46.57 51.46 56.36 61.25 66.14
2009.00 23.34 28.33 33.32 38.30 43.29 48.27 53.26 58.24 63.22
2010.00 19.16 24.03 28.89 33.76 38.63 43.49 48.36 53.22 58.09
2011.00 16.06 21.16 26.27 31.37 36.47 41.57 46.67 51.77 56.87
2012.00 13.11 18.44 23.77 29.10 34.43 39.76 45.09 50.41 55.74
2013.00 10.47 15.95 21.43 26.91 32.39 37.87 43.35 48.83 54.30
2014.00 7.94 13.54 19.13 24.73 30.32 35.92 41.52 47.11 52.70
2015.00 5.81 11.71 17.61 23.51 29.41 35.31 41.21 47.11 53.01
2016.00 3.16 9.29 15.41 21.54 27.67 33.79 39.92 46.05 52.17
2017.00 0.64 6.95 13.25 19.55 25.85 32.15 38.45 44.75 51.05
2018.00 -14.39 -12.22 -10.05 -7.88 -5.71 -3.54 -1.37 0.80 2.97
2019.00 -15.98 -13.56 -11.13 -8.70 -6.27 -3.84 -1.41 1.01 3.44
2020.00 -17.32 -14.65 -11.99 -9.32 -6.65 -3.99 -1.32 1.34 4.01
2021.00 -18.49 -15.61 -12.72 -9.84 -6.96 -4.07 -1.19 1.69 4.57
2022.00 -19.90 -16.82 -13.73 -10.64 -7.56 -4.47 -1.38 1.71 4.79
2023.00 -21.36 -18.08 -14.80 -11.52 -8.24 -4.96 -1.67 1.60 4.88
2024.00 -22.43 -18.97 -15.52 -12.07 -8.62 -5.17 -1.72 1.73 5.18
2025.00 -23.31 -19.73 -16.15 -12.57 -8.99 -5.41 -1.83 1.75 5.33
2026.00 -24.43 -20.74 -17.05 -13.36 -9.67 -5.97 -2.28 1.41 5.10
2027.00 -25.30 -21.50 -17.70 -13.91 -10.11 -6.32 -2.52 1.27 5.06
2028.00 -26.17 -22.27 -18.36 -14.45 -10.55 -6.64 -2.73 1.17 5.07
2029.00 -27.01 -23.02 -19.04 -15.05 -11.06 -7.08 -3.09 0.89 4.87
2030.00 -27.40 -23.35 -19.31 -15.26 -11.21 -7.16 -3.11 0.93 4.97
2031.00 -27.66 -23.58 -19.50 -15.41 -11.34 -7.25 -3.17 0.90 4.98
2032.00 -27.80 -23.68 -19.57 -15.46 -11.35 -7.23 -3.12 0.99 5.10
2033.00 -28.03 -23.88 -19.72 -15.57 -11.41 -7.25 -3.10 1.05 5.21
2034.00 -28.19 -23.99 -19.79 -15.60 -11.40 -7.20 -3.00 1.20 5.39
2035.00 -28.10 -23.89 -19.67 -15.45 -11.23 -7.01 -2.79 1.42 5.64
2036.00 -28.13 -23.89 -19.66 -15.42 -11.19 -6.95 -2.72 1.51 5.75
2037.00 -28.25 -24.01 -19.77 -15.53 -11.29 -7.05 -2.81 1.43 5.67
2038.00 -28.34 -24.08 -19.82 -15.56 -11.30 -7.04 -2.78 1.48 5.74
2039.00 -28.47 -24.20 -19.94 -15.67 -11.40 -7.14 -2.87 1.39 5.66
2040.00 -28.51 -24.23 -19.95 -15.67 -11.39 -7.11 -2.84 1.44 5.72
2041.00 -28.57 -24.29 -20.01 -15.73 -11.46 -7.18 -2.90 1.38 5.66
2042.00 -28.57 -24.28 -20.00 -15.71 -11.42 -7.14 -2.85 1.43 5.72
2043.00 -28.47 -24.18 -19.88 -15.59 -11.29 -7.00 -2.70 1.59 5.88
2044.00 -28.53 -24.22 -19.91 -15.60 -11.30 -6.99 -2.68 1.63 5.93
2045.00 -28.50 -24.19 -19.88 -15.57 -11.25 -6.94 -2.63 1.67 5.98
2046.00 -28.30 -23.98 -19.67 -15.35 -11.04 -6.72 -2.41 1.91 6.22
2047.00 -28.26 -23.95 -19.64 -15.32 -11.01 -6.70 -2.39 1.92 6.24
2048.00 -28.33 -24.02 -19.70 -15.38 -11.07 -6.75 -2.43 1.88 6.19
2049.00 -28.34 -24.02 -19.71 -15.39 -11.07 -6.75 -2.44 1.88 6.20
2050.00 -28.40 -24.08 -19.76 -15.44 -11.12 -6.80 -2.48 1.84 6.16
2051.00 -28.58 -24.26 -19.95 -15.64 -11.32 -7.01 -2.69 1.62 5.93
2052.00 -28.63 -24.32 -20.00 -15.69 -11.37 -7.06 -2.74 1.57 5.88
2053.00 -28.65 -24.34 -20.04 -15.74 -11.43 -7.13 -2.82 1.47 5.78
2054.00 -28.62 -24.32 -20.02 -15.72 -11.42 -7.12 -2.82 1.48 5.78
2055.00 -28.63 -24.34 -20.05 -15.75 -11.46 -7.16 -2.87 1.42 5.71
2056.00 -28.65 -24.35 -20.06 -15.77 -11.47 -7.18 -2.88 1.41 5.70
2057.00 -28.55 -24.27 -19.98 -15.70 -11.42 -7.13 -2.85 1.43 5.71
2058.00 -28.38 -24.09 -19.81 -15.53 -11.24 -6.96 -2.68 1.60 5.89
2059.00 -28.36 -24.09 -19.82 -15.55 -11.28 -7.01 -2.74 1.53 5.80
2060.00 -28.27 -24.01 -19.74 -15.47 -11.20 -6.93 -2.67 1.60 5.87
2061.00 -28.20 -23.93 -19.67 -15.41 -11.15 -6.89 -2.63 1.63 5.89
2062.00 -28.29 -24.03 -19.76 -15.50 -11.24 -6.98 -2.72 1.54 5.80
2063.00 -28.31 -24.05 -19.80 -15.54 -11.29 -7.04 -2.78 1.47 5.72
2064.00 -28.14 -23.90 -19.65 -15.40 -11.16 -6.91 -2.67 1.57 5.82
2065.00 -27.98 -23.75 -19.52 -15.29 -11.06 -6.83 -2.60 1.63 5.86
