# yearspad, alpred
# [0.3 0.4 0.5 0.6 0.7 0.8 0.9 1.  1.1]
1922.00 -31.30 -27.08 -22.87 -18.65 -14.43 -10.22 -6.00 -1.78 2.43
1923.00 -30.87 -26.68 -22.48 -18.29 -14.09 -9.89 -5.70 -1.50 2.69
1924.00 -30.20 -26.02 -21.85 -17.67 -13.49 -9.32 -5.14 -0.96 3.21
1925.00 -29.19 -25.06 -20.94 -16.81 -12.68 -8.55 -4.43 -0.30 3.82
1926.00 -28.49 -24.41 -20.34 -16.26 -12.19 -8.11 -4.03 0.04 4.11
1927.00 -27.51 -23.50 -19.49 -15.48 -11.47 -7.45 -3.44 0.57 4.58
1928.00 -26.80 -22.86 -18.92 -14.98 -11.04 -7.10 -3.15 0.79 4.72
1929.00 -26.17 -22.33 -18.49 -14.64 -10.80 -6.95 -3.11 0.73 4.57
1930.00 -25.38 -21.65 -17.93 -14.20 -10.47 -6.74 -3.02 0.71 4.43
1931.00 -24.30 -20.73 -17.16 -13.58 -10.01 -6.44 -2.86 0.71 4.27
1932.00 -23.34 -19.91 -16.49 -13.07 -9.65 -6.22 -2.80 0.62 4.04
1933.00 -22.01 -18.76 -15.50 -12.25 -9.00 -5.74 -2.48 0.77 4.02
1934.00 -20.84 -17.77 -14.70 -11.63 -8.56 -5.49 -2.42 0.65 3.72
1935.00 -19.22 -16.39 -13.56 -10.73 -7.90 -5.06 -2.23 0.60 3.43
1936.00 -17.83 -15.25 -12.68 -10.11 -7.53 -4.95 -2.37 0.20 2.77
1937.00 -16.37 -14.06 -11.76 -9.45 -7.15 -4.84 -2.53 -0.23 2.07
1938.00 -14.91 -12.86 -10.81 -8.76 -6.71 -4.66 -2.61 -0.56 1.48
1939.00 -13.48 -11.72 -9.97 -8.22 -6.46 -4.70 -2.95 -1.19 0.56
1940.00 -12.15 -10.69 -9.23 -7.78 -6.32 -4.86 -3.40 -1.94 -0.48
1941.00 -9.92 -8.82 -7.71 -6.60 -5.50 -4.39 -3.28 -2.17 -1.07
1942.00 -7.68 -6.92 -6.15 -5.39 -4.62 -3.86 -3.09 -2.33 -1.57
1943.00 -5.03 -4.65 -4.26 -3.87 -3.48 -3.10 -2.71 -2.32 -1.93
1944.00 -2.66 -2.63 -2.60 -2.57 -2.54 -2.50 -2.47 -2.44 -2.41
1945.00 0.13 -0.21 -0.55 -0.89 -1.23 -1.57 -1.91 -2.25 -2.59
1946.00 2.46 1.73 1.01 0.28 -0.44 -1.16 -1.89 -2.61 -3.34
1947.00 5.09 3.96 2.83 1.70 0.58 -0.55 -1.68 -2.80 -3.93
1948.00 7.89 6.33 4.78 3.22 1.66 0.11 -1.45 -3.00 -4.56
1949.00 11.29 9.31 7.33 5.36 3.38 1.40 -0.57 -2.55 -4.53
1950.00 14.39 11.99 9.59 7.19 4.79 2.39 -0.00 -2.40 -4.80
1951.00 17.87 15.07 12.28 9.48 6.69 3.89 1.10 -1.69 -4.49
1952.00 21.58 18.33 15.08 11.83 8.58 5.34 2.09 -1.16 -4.41
1953.00 25.10 21.38 17.67 13.96 10.24 6.53 2.82 -0.90 -4.61
1954.00 28.34 24.14 19.93 15.73 11.52 7.32 3.12 -1.09 -5.29
1955.00 31.25 26.60 21.94 17.29 12.64 7.99 3.34 -1.32 -5.97
1956.00 34.14 29.03 23.92 18.81 13.71 8.60 3.50 -1.61 -6.72
1957.00 37.09 31.53 25.98 20.43 14.88 9.33 3.78 -1.77 -7.32
1958.00 40.70 34.66 28.63 22.60 16.57 10.54 4.50 -1.53 -7.56
1959.00 44.38 37.84 31.29 24.75 18.21 11.66 5.12 -1.42 -7.97
1960.00 48.26 41.23 34.19 27.16 20.12 13.09 6.06 -0.98 -8.01
1961.00 51.96 44.45 36.95 29.45 21.94 14.44 6.94 -0.57 -8.07
1962.00 55.34 47.35 39.36 31.37 23.38 15.39 7.40 -0.58 -8.57
1963.00 58.91 50.41 41.91 33.40 24.90 16.39 7.89 -0.61 -9.12
1964.00 62.80 53.77 44.74 35.71 26.68 17.65 8.62 -0.41 -9.45
1965.00 66.58 57.04 47.50 37.96 28.41 18.87 9.33 -0.21 -9.75
1966.00 70.40 60.36 50.31 40.27 30.22 20.17 10.13 0.08 -9.96
1967.00 74.27 63.73 53.20 42.66 32.12 21.58 11.05 0.51 -10.03
1968.00 78.27 67.19 56.12 45.04 33.97 22.90 11.82 0.75 -10.32
1969.00 81.95 70.35 58.75 47.15 35.55 23.95 12.35 0.75 -10.85
1970.00 121.59 121.59 121.59 121.60 121.60 121.60 121.60 121.61 121.61
1971.00 124.54 124.54 124.54 124.54 124.54 124.53 124.53 124.53 124.53
1972.00 124.37 124.37 124.37 124.38 124.38 124.38 124.39 124.39 124.39
1973.00 120.57 120.57 120.57 120.56 120.56 120.56 120.56 120.56 120.56
1974.00 122.09 122.09 122.09 122.09 122.09 122.09 122.09 122.10 122.10
1975.00 122.51 122.51 122.50 122.50 122.50 122.50 122.50 122.50 122.49
1976.00 124.63 124.64 124.64 124.65 124.65 124.66 124.66 124.67 124.67
1977.00 127.31 127.31 127.31 127.31 127.31 127.31 127.31 127.31 127.32
1978.00 131.25 131.25 131.25 131.25 131.25 131.26 131.26 131.26 131.26
1979.00 130.92 130.92 130.91 130.91 130.91 130.90 130.90 130.89 130.89
1980.00 133.47 133.47 133.47 133.47 133.46 133.46 133.46 133.46 133.46
1981.00 132.83 132.83 132.83 132.84 132.84 132.84 132.85 132.85 132.85
1982.00 133.95 133.95 133.96 133.96 133.97 133.97 133.98 133.98 133.99
1983.00 130.01 130.01 130.01 130.02 130.02 130.02 130.02 130.02 130.02
1984.00 127.13 127.12 127.11 127.11 127.10 127.10 127.09 127.08 127.08
1985.00 126.71 126.71 126.71 126.71 126.71 126.71 126.71 126.71 126.72
1986.00 126.28 126.28 126.28 126.28 126.28 126.28 126.28 126.28 126.28
1987.00 124.56 124.57 124.57 124.57 124.58 124.58 124.58 124.58 124.59
1988.00 120.08 120.16 120.24 120.32 120.40 120.47 120.55 120.63 120.71
1989.00 115.02 115.21 115.41 115.60 115.80 115.99 116.19 116.38 116.58
1990.00 109.62 109.91 110.21 110.51 110.80 111.10 111.40 111.70 111.99
1991.00 104.83 105.41 105.98 106.56 107.14 107.71 108.29 108.87 109.44
1992.00 100.48 101.44 102.39 103.35 104.30 105.26 106.21 107.17 108.12
1993.00 96.40 97.71 99.03 100.35 101.66 102.98 104.30 105.61 106.93
1994.00 92.34 94.02 95.71 97.40 99.09 100.77 102.46 104.15 105.84
1995.00 88.73 90.92 93.11 95.30 97.49 99.68 101.86 104.05 106.24
1996.00 84.94 87.43 89.92 92.41 94.90 97.39 99.88 102.37 104.87
1997.00 81.49 84.41 87.32 90.24 93.16 96.08 98.99 101.91 104.83
1998.00 77.45 80.67 83.90 87.13 90.35 93.58 96.80 100.03 103.26
1999.00 72.61 76.00 79.39 82.77 86.16 89.54 92.93 96.31 99.70
2000.00 67.27 70.64 74.01 77.37 80.74 84.11 87.47 90.84 94.20
2001.00 62.57 66.12 69.67 73.22 76.77 80.32 83.87 87.42 90.98
2002.00 58.66 62.49 66.32 70.15 73.98 77.81 81.63 85.46 89.29
2003.00 55.28 59.41 63.53 67.66 71.79 75.91 80.03 84.16 88.28
2004.00 50.77 54.83 58.90 62.96 67.02 71.08 75.14 79.21 83.27
2005.00 46.85 51.22 55.58 59.95 64.32 68.69 73.06 77.43 81.80
2006.00 42.70 47.38 52.07 56.75 61.43 66.11 70.79 75.47 80.15
2007.00 38.73 43.61 48.49 53.37 58.26 63.14 68.01 72.89 77.77
2008.00 34.01 38.84 43.68 48.52 53.36 58.19 63.03 67.86 72.70
2009.00 29.92 34.84 39.76 44.68 49.61 54.52 59.44 64.36 69.28
2010.00 25.24 30.05 34.85 39.65 44.46 49.26 54.06 58.86 63.66
2011.00 22.28 27.31 32.35 37.38 42.41 47.44 52.47 57.50 62.53
2012.00 18.99 24.25 29.51 34.77 40.03 45.29 50.55 55.80 61.06
2013.00 16.26 21.67 27.08 32.49 37.90 43.31 48.71 54.12 59.53
2014.00 13.04 18.57 24.09 29.62 35.14 40.67 46.19 51.71 57.24
2015.00 10.70 16.53 22.36 28.19 34.02 39.85 45.68 51.51 57.33
2016.00 7.60 13.65 19.71 25.77 31.83 37.88 43.93 49.99 56.05
2017.00 4.78 11.01 17.24 23.47 29.70 35.93 42.15 48.38 54.61
2018.00 -10.36 -8.18 -6.01 -3.84 -1.66 0.51 2.68 4.85 7.03
2019.00 -12.06 -9.63 -7.20 -4.76 -2.33 0.10 2.52 4.95 7.38
2020.00 -13.85 -11.18 -8.51 -5.84 -3.17 -0.50 2.16 4.83 7.50
2021.00 -15.15 -12.26 -9.37 -6.49 -3.60 -0.71 2.17 5.05 7.94
2022.00 -16.88 -13.79 -10.70 -7.61 -4.51 -1.42 1.66 4.75 7.84
2023.00 -18.60 -15.31 -12.03 -8.75 -5.46 -2.18 1.10 4.38 7.66
2024.00 -20.31 -16.86 -13.41 -9.95 -6.50 -3.05 0.40 3.85 7.30
2025.00 -21.99 -18.41 -14.82 -11.24 -7.66 -4.08 -0.51 3.07 6.65
2026.00 -23.68 -19.98 -16.29 -12.60 -8.91 -5.22 -1.53 2.16 5.85
2027.00 -25.09 -21.30 -17.50 -13.71 -9.91 -6.12 -2.33 1.46 5.25
2028.00 -26.49 -22.58 -18.67 -14.77 -10.86 -6.96 -3.06 0.84 4.75
2029.00 -27.41 -23.42 -19.44 -15.46 -11.47 -7.49 -3.51 0.47 4.45
2030.00 -28.43 -24.39 -20.34 -16.30 -12.25 -8.21 -4.17 -0.13 3.91
2031.00 -28.98 -24.90 -20.82 -16.74 -12.66 -8.59 -4.51 -0.44 3.64
2032.00 -29.60 -25.49 -21.38 -17.27 -13.16 -9.05 -4.95 -0.84 3.26
2033.00 -30.24 -26.09 -21.93 -17.78 -13.63 -9.48 -5.33 -1.18 2.97
2034.00 -30.84 -26.65 -22.45 -18.26 -14.06 -9.87 -5.68 -1.49 2.71
2035.00 -31.12 -26.91 -22.70 -18.48 -14.27 -10.05 -5.84 -1.63 2.58
2036.00 -31.39 -27.16 -22.93 -18.70 -14.47 -10.24 -6.01 -1.78 2.44
2037.00 -31.47 -27.23 -22.99 -18.75 -14.52 -10.28 -6.05 -1.82 2.42
2038.00 -31.73 -27.47 -23.21 -18.96 -14.70 -10.44 -6.19 -1.94 2.31
2039.00 -31.75 -27.48 -23.22 -18.96 -14.70 -10.43 -6.17 -1.92 2.34
2040.00 -31.89 -27.62 -23.34 -19.07 -14.79 -10.52 -6.25 -1.98 2.29
2041.00 -31.88 -27.61 -23.33 -19.06 -14.78 -10.51 -6.23 -1.97 2.31
2042.00 -31.92 -27.64 -23.36 -19.07 -14.79 -10.51 -6.23 -1.95 2.33
2043.00 -31.73 -27.44 -23.15 -18.86 -14.57 -10.28 -5.99 -1.70 2.59
2044.00 -31.76 -27.45 -23.15 -18.84 -14.54 -10.23 -5.93 -1.63 2.67
2045.00 -31.62 -27.31 -23.00 -18.69 -14.39 -10.08 -5.77 -1.47 2.83
2046.00 -31.54 -27.23 -22.92 -18.60 -14.29 -9.98 -5.67 -1.36 2.95
2047.00 -31.40 -27.08 -22.78 -18.47 -14.16 -9.85 -5.54 -1.23 3.07
2048.00 -31.54 -27.22 -22.91 -18.60 -14.29 -9.97 -5.66 -1.35 2.96
2049.00 -31.54 -27.23 -22.91 -18.60 -14.28 -9.97 -5.66 -1.35 2.96
2050.00 -31.67 -27.36 -23.04 -18.72 -14.41 -10.09 -5.77 -1.46 2.85
2051.00 -31.75 -27.43 -23.12 -18.81 -14.50 -10.19 -5.88 -1.57 2.73
2052.00 -31.91 -27.59 -23.29 -18.97 -14.66 -10.35 -6.04 -1.73 2.58
2053.00 -31.87 -27.56 -23.27 -18.96 -14.66 -10.36 -6.06 -1.77 2.53
2054.00 -31.91 -27.61 -23.31 -19.02 -14.72 -10.42 -6.12 -1.83 2.47
2055.00 -31.84 -27.55 -23.26 -18.97 -14.68 -10.39 -6.10 -1.81 2.47
2056.00 -31.95 -27.66 -23.37 -19.08 -14.79 -10.49 -6.20 -1.92 2.37
2057.00 -31.86 -27.58 -23.30 -19.02 -14.74 -10.46 -6.18 -1.90 2.38
2058.00 -31.87 -27.59 -23.32 -19.03 -14.76 -10.47 -6.19 -1.92 2.36
2059.00 -31.82 -27.56 -23.29 -19.02 -14.76 -10.49 -6.22 -1.96 2.30
2060.00 -31.92 -27.65 -23.39 -19.12 -14.86 -10.59 -6.33 -2.07 2.19
2061.00 -31.75 -27.49 -23.24 -18.98 -14.72 -10.46 -6.20 -1.95 2.30
2062.00 -31.86 -27.60 -23.35 -19.09 -14.83 -10.57 -6.31 -2.06 2.20
2063.00 -31.78 -27.53 -23.28 -19.03 -14.78 -10.53 -6.28 -2.03 2.22
2064.00 -31.70 -27.46 -23.22 -18.98 -14.74 -10.49 -6.25 -2.01 2.22
2065.00 -31.45 -27.22 -22.99 -18.77 -14.54 -10.31 -6.08 -1.86 2.36
