# yearspad, alpred
# [0.3 0.4 0.5 0.6 0.7 0.8 0.9 1.  1.1]
1922.00 -27.14 -22.91 -18.68 -14.46 -10.23 -6.00 -1.78 2.45 6.67
1923.00 -27.40 -23.19 -18.99 -14.79 -10.58 -6.38 -2.17 2.03 6.23
1924.00 -27.58 -23.39 -19.21 -15.03 -10.84 -6.66 -2.47 1.71 5.89
1925.00 -27.52 -23.39 -19.26 -15.13 -10.99 -6.86 -2.73 1.40 5.53
1926.00 -27.82 -23.74 -19.67 -15.59 -11.51 -7.43 -3.36 0.72 4.79
1927.00 -27.65 -23.63 -19.62 -15.61 -11.60 -7.58 -3.57 0.44 4.45
1928.00 -27.71 -23.77 -19.83 -15.89 -11.95 -8.01 -4.07 -0.13 3.81
1929.00 -27.79 -23.95 -20.11 -16.27 -12.43 -8.59 -4.75 -0.90 2.93
1930.00 -27.84 -24.12 -20.40 -16.68 -12.96 -9.24 -5.52 -1.80 1.92
1931.00 -27.38 -23.81 -20.25 -16.69 -13.12 -9.55 -5.99 -2.42 1.14
1932.00 -26.92 -23.50 -20.09 -16.68 -13.26 -9.85 -6.43 -3.02 0.39
1933.00 -26.55 -23.31 -20.07 -16.83 -13.58 -10.34 -7.09 -3.85 -0.61
1934.00 -26.18 -23.12 -20.07 -17.01 -13.95 -10.89 -7.83 -4.77 -1.72
1935.00 -24.83 -22.01 -19.20 -16.38 -13.56 -10.74 -7.92 -5.11 -2.29
1936.00 -23.31 -20.75 -18.19 -15.63 -13.07 -10.50 -7.94 -5.38 -2.82
1937.00 -21.61 -19.32 -17.03 -14.74 -12.44 -10.15 -7.86 -5.56 -3.27
1938.00 -19.62 -17.58 -15.55 -13.51 -11.47 -9.43 -7.39 -5.36 -3.32
1939.00 -17.54 -15.80 -14.05 -12.31 -10.57 -8.82 -7.08 -5.33 -3.59
1940.00 -15.98 -14.54 -13.09 -11.64 -10.19 -8.74 -7.30 -5.85 -4.40
1941.00 -13.46 -12.36 -11.26 -10.17 -9.07 -7.97 -6.87 -5.77 -4.68
1942.00 -11.22 -10.47 -9.71 -8.96 -8.21 -7.45 -6.70 -5.94 -5.19
1943.00 -8.61 -8.24 -7.86 -7.48 -7.11 -6.73 -6.35 -5.97 -5.60
1944.00 -6.28 -6.26 -6.24 -6.22 -6.20 -6.18 -6.16 -6.14 -6.12
1945.00 -3.32 -3.68 -4.03 -4.38 -4.73 -5.08 -5.43 -5.78 -6.13
1946.00 -0.73 -1.47 -2.20 -2.94 -3.67 -4.41 -5.14 -5.87 -6.61
1947.00 1.85 0.71 -0.43 -1.57 -2.71 -3.84 -4.98 -6.11 -7.25
1948.00 4.59 3.03 1.46 -0.11 -1.68 -3.24 -4.81 -6.38 -7.95
1949.00 7.83 5.85 3.86 1.87 -0.12 -2.10 -4.09 -6.07 -8.06
1950.00 10.32 7.91 5.50 3.09 0.69 -1.72 -4.13 -6.54 -8.95
1951.00 12.27 9.46 6.65 3.85 1.04 -1.77 -4.58 -7.38 -10.19
1952.00 14.96 11.69 8.43 5.16 1.90 -1.36 -4.63 -7.89 -11.15
1953.00 17.84 14.11 10.38 6.65 2.92 -0.81 -4.54 -8.26 -11.99
1954.00 20.91 16.69 12.47 8.25 4.03 -0.19 -4.41 -8.63 -12.85
1955.00 24.06 19.39 14.72 10.05 5.39 0.72 -3.95 -8.61 -13.28
1956.00 27.01 21.89 16.77 11.65 6.52 1.40 -3.72 -8.84 -13.97
1957.00 29.55 23.98 18.41 12.84 7.27 1.70 -3.87 -9.44 -15.01
1958.00 32.16 26.11 20.06 14.00 7.95 1.90 -4.16 -10.21 -16.26
1959.00 35.39 28.82 22.26 15.69 9.13 2.56 -4.00 -10.57 -17.13
1960.00 38.81 31.76 24.70 17.65 10.59 3.54 -3.52 -10.57 -17.63
1961.00 41.83 34.30 26.77 19.24 11.71 4.18 -3.35 -10.87 -18.40
1962.00 44.79 36.78 28.76 20.74 12.73 4.71 -3.31 -11.32 -19.34
1963.00 48.32 39.79 31.26 22.73 14.20 5.67 -2.87 -11.40 -19.93
1964.00 51.95 42.89 33.83 24.77 15.71 6.65 -2.40 -11.46 -20.52
1965.00 55.36 45.79 36.22 26.65 17.08 7.51 -2.06 -11.63 -21.20
1966.00 58.60 48.52 38.45 28.37 18.30 8.22 -1.85 -11.93 -22.00
1967.00 61.37 50.81 40.24 29.67 19.10 8.54 -2.03 -12.60 -23.16
1968.00 64.55 53.45 42.35 31.25 20.14 9.04 -2.06 -13.16 -24.26
1969.00 68.23 56.60 44.98 33.35 21.72 10.10 -1.53 -13.16 -24.79
1970.00 108.44 108.44 108.44 108.44 108.45 108.45 108.45 108.45 108.46
1971.00 115.38 115.38 115.37 115.37 115.37 115.37 115.37 115.37 115.36
1972.00 121.67 121.67 121.68 121.68 121.68 121.69 121.69 121.69 121.70
1973.00 124.14 124.14 124.14 124.14 124.14 124.14 124.14 124.13 124.13
1974.00 130.45 130.45 130.45 130.46 130.46 130.46 130.46 130.46 130.46
1975.00 132.93 132.93 132.93 132.93 132.93 132.92 132.92 132.92 132.92
1976.00 138.58 138.58 138.59 138.59 138.60 138.60 138.61 138.61 138.62
1977.00 140.41 140.41 140.41 140.41 140.41 140.41 140.41 140.41 140.41
1978.00 143.54 143.54 143.54 143.54 143.54 143.54 143.55 143.55 143.55
1979.00 141.61 141.61 141.61 141.60 141.60 141.60 141.59 141.59 141.59
1980.00 141.65 141.65 141.65 141.65 141.65 141.65 141.65 141.65 141.65
1981.00 143.72 143.73 143.73 143.73 143.74 143.74 143.74 143.75 143.75
1982.00 146.86 146.87 146.87 146.88 146.88 146.88 146.89 146.89 146.90
1983.00 139.93 139.93 139.93 139.93 139.93 139.94 139.94 139.94 139.94
1984.00 128.21 128.20 128.20 128.19 128.19 128.18 128.17 128.17 128.16
1985.00 124.21 124.21 124.21 124.21 124.21 124.21 124.21 124.21 124.22
1986.00 119.86 119.86 119.86 119.86 119.86 119.86 119.86 119.86 119.86
1987.00 113.13 113.13 113.14 113.14 113.14 113.15 113.15 113.15 113.15
1988.00 108.71 108.80 108.90 108.99 109.08 109.17 109.27 109.36 109.45
1989.00 103.80 104.01 104.22 104.44 104.65 104.87 105.08 105.29 105.51
1990.00 98.91 99.24 99.57 99.90 100.23 100.56 100.89 101.22 101.55
1991.00 94.84 95.44 96.05 96.65 97.26 97.86 98.47 99.07 99.68
1992.00 91.45 92.44 93.42 94.41 95.39 96.38 97.37 98.35 99.34
1993.00 87.95 89.29 90.64 91.98 93.32 94.66 96.00 97.34 98.68
1994.00 84.00 85.67 87.35 89.03 90.71 92.38 94.06 95.73 97.41
1995.00 80.45 82.62 84.80 86.98 89.15 91.33 93.50 95.68 97.85
1996.00 76.51 78.97 81.44 83.90 86.37 88.83 91.29 93.76 96.22
1997.00 73.05 75.95 78.84 81.73 84.62 87.51 90.40 93.29 96.18
1998.00 69.92 73.12 76.32 79.52 82.71 85.91 89.11 92.30 95.50
1999.00 66.11 69.47 72.82 76.18 79.54 82.89 86.25 89.60 92.96
2000.00 61.35 64.68 68.01 71.35 74.68 78.02 81.35 84.68 88.01
2001.00 56.89 60.41 63.93 67.46 70.98 74.50 78.02 81.54 85.06
2002.00 53.08 56.88 60.69 64.50 68.30 72.11 75.92 79.72 83.53
2003.00 49.59 53.67 57.76 61.85 65.94 70.03 74.11 78.20 82.29
2004.00 45.55 49.57 53.59 57.61 61.63 65.65 69.67 73.69 77.71
2005.00 42.34 46.68 51.02 55.36 59.70 64.04 68.38 72.72 77.06
2006.00 38.56 43.20 47.83 52.47 57.11 61.74 66.38 71.01 75.65
2007.00 35.66 40.49 45.33 50.17 55.00 59.84 64.68 69.51 74.35
2008.00 31.86 36.65 41.44 46.23 51.02 55.81 60.60 65.38 70.17
2009.00 28.43 33.31 38.19 43.07 47.95 52.84 57.71 62.59 67.47
2010.00 23.74 28.51 33.29 38.06 42.83 47.61 52.38 57.15 61.92
2011.00 20.53 25.52 30.52 35.52 40.51 45.51 50.50 55.49 60.49
2012.00 16.75 21.97 27.19 32.41 37.63 42.86 48.07 53.29 58.51
2013.00 13.56 18.93 24.31 29.69 35.06 40.44 45.81 51.18 56.56
2014.00 10.55 16.04 21.54 27.03 32.53 38.02 43.51 49.01 54.50
2015.00 8.42 14.22 20.02 25.82 31.62 37.43 43.22 49.02 54.82
2016.00 5.15 11.18 17.21 23.24 29.26 35.29 41.32 47.34 53.37
2017.00 1.90 8.10 14.30 20.50 26.70 32.91 39.10 45.30 51.50
2018.00 -13.37 -11.21 -9.04 -6.88 -4.71 -2.54 -0.38 1.78 3.94
2019.00 -15.77 -13.35 -10.93 -8.51 -6.09 -3.66 -1.25 1.17 3.59
2020.00 -18.26 -15.60 -12.94 -10.28 -7.63 -4.97 -2.31 0.34 3.00
2021.00 -19.82 -16.95 -14.07 -11.19 -8.32 -5.44 -2.57 0.30 3.18
2022.00 -21.53 -18.45 -15.37 -12.29 -9.21 -6.13 -3.05 0.02 3.10
2023.00 -23.06 -19.79 -16.51 -13.24 -9.97 -6.69 -3.42 -0.16 3.12
2024.00 -24.52 -21.08 -17.63 -14.19 -10.75 -7.30 -3.86 -0.43 3.02
2025.00 -25.37 -21.80 -18.22 -14.65 -11.08 -7.50 -3.94 -0.37 3.20
2026.00 -26.12 -22.43 -18.75 -15.06 -11.37 -7.69 -4.01 -0.33 3.36
2027.00 -26.69 -22.90 -19.11 -15.32 -11.52 -7.73 -3.95 -0.16 3.63
2028.00 -27.40 -23.50 -19.60 -15.69 -11.79 -7.89 -3.99 -0.09 3.81
2029.00 -27.75 -23.76 -19.78 -15.79 -11.81 -7.83 -3.85 0.13 4.11
2030.00 -28.24 -24.19 -20.14 -16.10 -12.05 -8.01 -3.96 0.08 4.12
2031.00 -28.06 -23.98 -19.90 -15.82 -11.74 -7.66 -3.58 0.49 4.57
2032.00 -27.50 -23.38 -19.27 -15.15 -11.04 -6.93 -2.81 1.29 5.40
2033.00 -27.32 -23.16 -19.00 -14.84 -10.68 -6.53 -2.37 1.78 5.94
2034.00 -27.42 -23.22 -19.02 -14.81 -10.61 -6.41 -2.21 1.99 6.19
2035.00 -27.06 -22.83 -18.61 -14.39 -10.16 -5.94 -1.72 2.50 6.72
2036.00 -26.96 -22.71 -18.47 -14.23 -9.99 -5.75 -1.51 2.72 6.96
2037.00 -26.85 -22.60 -18.35 -14.10 -9.86 -5.61 -1.36 2.88 7.12
2038.00 -27.02 -22.75 -18.48 -14.22 -9.95 -5.68 -1.42 2.84 7.11
2039.00 -26.94 -22.67 -18.39 -14.12 -9.85 -5.57 -1.30 2.97 7.24
2040.00 -27.08 -22.79 -18.50 -14.22 -9.93 -5.65 -1.36 2.92 7.20
2041.00 -27.17 -22.88 -18.59 -14.31 -10.02 -5.74 -1.45 2.83 7.11
2042.00 -27.24 -22.94 -18.65 -14.36 -10.06 -5.77 -1.48 2.81 7.10
2043.00 -27.15 -22.85 -18.55 -14.24 -9.94 -5.64 -1.34 2.96 7.25
2044.00 -27.46 -23.14 -18.83 -14.51 -10.20 -5.88 -1.57 2.74 7.05
2045.00 -27.54 -23.22 -18.90 -14.59 -10.27 -5.95 -1.64 2.68 6.99
2046.00 -27.58 -23.26 -18.94 -14.62 -10.30 -5.98 -1.65 2.66 6.98
2047.00 -27.56 -23.24 -18.92 -14.60 -10.28 -5.97 -1.65 2.67 6.98
2048.00 -27.73 -23.41 -19.09 -14.77 -10.44 -6.12 -1.80 2.52 6.84
2049.00 -27.79 -23.46 -19.14 -14.81 -10.49 -6.17 -1.84 2.48 6.80
2050.00 -27.88 -23.55 -19.23 -14.90 -10.57 -6.25 -1.92 2.40 6.72
2051.00 -27.90 -23.57 -19.25 -14.93 -10.61 -6.29 -1.97 2.35 6.66
2052.00 -28.10 -23.78 -19.46 -15.14 -10.82 -6.50 -2.18 2.14 6.46
2053.00 -28.02 -23.71 -19.40 -15.09 -10.78 -6.47 -2.16 2.15 6.45
2054.00 -27.95 -23.64 -19.33 -15.02 -10.72 -6.41 -2.10 2.20 6.51
2055.00 -27.80 -23.49 -19.20 -14.90 -10.59 -6.29 -1.99 2.31 6.60
2056.00 -27.86 -23.55 -19.26 -14.95 -10.65 -6.35 -2.05 2.25 6.54
2057.00 -27.54 -23.25 -18.96 -14.67 -10.38 -6.09 -1.79 2.49 6.78
2058.00 -27.40 -23.11 -18.82 -14.53 -10.24 -5.95 -1.66 2.63 6.92
2059.00 -27.28 -23.00 -18.73 -14.45 -10.17 -5.89 -1.62 2.66 6.93
2060.00 -27.21 -22.93 -18.66 -14.38 -10.11 -5.83 -1.55 2.72 6.99
2061.00 -26.95 -22.68 -18.41 -14.14 -9.87 -5.60 -1.33 2.94 7.20
2062.00 -27.09 -22.82 -18.55 -14.28 -10.01 -5.74 -1.47 2.80 7.06
2063.00 -27.10 -22.84 -18.58 -14.32 -10.05 -5.79 -1.53 2.73 6.99
2064.00 -27.17 -22.91 -18.66 -14.41 -10.16 -5.90 -1.65 2.60 6.85
2065.00 -27.04 -22.80 -18.56 -14.33 -10.09 -5.85 -1.61 2.63 6.86
