# yearspad, alpred
# [0.3 0.4 0.5 0.6 0.7 0.8 0.9 1.  1.1]
1922.00 -34.62 -30.40 -26.19 -21.94 -17.73 -13.52 -9.32 -5.11 -0.90
1923.00 -34.08 -29.89 -25.69 -21.47 -17.28 -13.09 -8.91 -4.72 -0.53
1924.00 -33.33 -29.15 -24.98 -20.78 -16.61 -12.44 -8.27 -4.10 0.07
1925.00 -32.16 -28.04 -23.91 -19.76 -15.64 -11.53 -7.41 -3.29 0.83
1926.00 -31.20 -27.13 -23.06 -18.96 -14.89 -10.82 -6.76 -2.69 1.38
1927.00 -29.94 -25.93 -21.92 -17.89 -13.88 -9.88 -5.87 -1.87 2.14
1928.00 -28.80 -24.86 -20.92 -16.95 -13.02 -9.08 -5.15 -1.21 2.73
1929.00 -27.63 -23.79 -19.95 -16.08 -12.24 -8.41 -4.57 -0.73 3.11
1930.00 -26.07 -22.35 -18.62 -14.87 -11.15 -7.43 -3.71 0.02 3.74
1931.00 -23.86 -20.29 -16.72 -13.12 -9.55 -5.99 -2.42 1.15 4.72
1932.00 -21.73 -18.30 -14.88 -11.43 -8.01 -4.59 -1.17 2.25 5.67
1933.00 -19.15 -15.90 -12.64 -9.36 -6.11 -2.86 0.40 3.65 6.90
1934.00 -16.34 -13.26 -10.19 -7.09 -4.02 -0.95 2.13 5.20 8.27
1935.00 -13.07 -10.23 -7.39 -4.53 -1.70 1.13 3.97 6.80 9.64
1936.00 -10.26 -7.68 -5.10 -2.50 0.08 2.66 5.24 7.82 10.39
1937.00 -7.26 -4.95 -2.64 -0.30 2.00 4.31 6.62 8.93 11.24
1938.00 -4.43 -2.37 -0.31 1.76 3.82 5.87 7.92 9.98 12.03
1939.00 -1.48 0.29 2.06 3.84 5.60 7.36 9.13 10.89 12.65
1940.00 1.31 2.78 4.26 5.75 7.21 8.68 10.15 11.61 13.08
1941.00 4.97 6.09 7.21 8.35 9.47 10.59 11.71 12.82 13.94
1942.00 8.29 9.07 9.85 10.65 11.42 12.19 12.97 13.74 14.52
1943.00 12.11 12.52 12.92 13.34 13.74 14.14 14.53 14.93 15.33
1944.00 15.66 15.70 15.75 15.82 15.86 15.91 15.95 16.00 16.04
1945.00 19.29 18.97 18.65 18.34 18.02 17.70 17.37 17.05 16.73
1946.00 22.54 21.84 21.14 20.45 19.75 19.04 18.33 17.63 16.92
1947.00 25.55 24.44 23.34 22.25 21.14 20.03 18.92 17.81 16.70
1948.00 29.33 27.80 26.27 24.75 23.21 21.67 20.14 18.60 17.06
1949.00 33.03 31.07 29.12 27.18 25.22 23.27 21.31 19.36 17.40
1950.00 36.91 34.53 32.16 29.80 27.43 25.05 22.68 20.30 17.93
1951.00 40.80 38.03 35.27 32.52 29.75 26.98 24.21 21.44 18.68
1952.00 45.53 42.32 39.10 35.90 32.68 29.46 26.24 23.02 19.80
1953.00 49.40 45.72 42.04 38.37 34.68 31.00 27.31 23.63 19.95
1954.00 53.30 49.12 44.95 40.79 36.62 32.45 28.27 24.10 19.93
1955.00 56.79 52.17 47.55 42.94 38.32 33.70 29.08 24.46 19.84
1956.00 60.54 55.46 50.39 45.33 40.26 35.19 30.11 25.04 19.97
1957.00 64.11 58.59 53.08 47.57 42.06 36.54 31.03 25.51 20.00
1958.00 68.65 62.66 56.66 50.68 44.68 38.69 32.69 26.70 20.71
1959.00 73.60 67.09 60.59 54.10 47.59 41.09 34.58 28.08 21.58
1960.00 77.96 70.96 63.97 56.99 49.99 43.00 36.01 29.01 22.02
1961.00 82.20 74.74 67.28 59.82 52.36 44.90 37.44 29.98 22.53
1962.00 86.54 78.60 70.65 62.72 54.77 46.83 38.89 30.95 23.01
1963.00 90.73 82.28 73.82 65.37 56.92 48.46 40.01 31.55 23.10
1964.00 94.97 85.99 77.01 68.04 59.06 50.08 41.10 32.12 23.14
1965.00 99.28 89.79 80.31 70.82 61.33 51.84 42.35 32.87 23.38
1966.00 103.69 93.70 83.71 73.72 63.73 53.74 43.75 33.76 23.77
1967.00 108.00 97.53 87.05 76.57 66.09 55.61 45.14 34.66 24.18
1968.00 112.89 101.88 90.87 79.86 68.85 57.84 46.83 35.82 24.82
1969.00 116.78 105.25 93.72 82.18 70.65 59.12 47.58 36.05 24.51
1970.00 156.95 156.96 156.96 156.96 156.96 156.97 156.97 156.97 156.97
1971.00 157.90 157.90 157.90 157.90 157.90 157.90 157.89 157.89 157.89
1972.00 160.32 160.32 160.33 160.33 160.33 160.34 160.34 160.34 160.35
1973.00 155.36 155.36 155.35 155.35 155.35 155.35 155.35 155.35 155.35
1974.00 155.80 155.80 155.80 155.80 155.80 155.80 155.80 155.80 155.80
1975.00 154.44 154.44 154.43 154.43 154.43 154.43 154.43 154.43 154.42
1976.00 156.49 156.49 156.50 156.50 156.51 156.51 156.52 156.52 156.53
1977.00 155.61 155.61 155.61 155.61 155.61 155.61 155.61 155.62 155.62
1978.00 156.22 156.22 156.23 156.23 156.23 156.23 156.23 156.23 156.23
1979.00 150.71 150.71 150.70 150.70 150.70 150.69 150.69 150.69 150.68
1980.00 146.52 146.52 146.52 146.52 146.52 146.52 146.51 146.51 146.51
1981.00 143.04 143.04 143.05 143.05 143.05 143.06 143.06 143.06 143.07
1982.00 135.27 135.27 135.28 135.28 135.29 135.29 135.30 135.30 135.30
1983.00 124.68 124.68 124.68 124.68 124.68 124.68 124.68 124.68 124.69
1984.00 118.08 118.07 118.07 118.06 118.05 118.05 118.04 118.04 118.03
1985.00 118.50 118.50 118.51 118.51 118.51 118.51 118.51 118.51 118.51
1986.00 112.03 112.03 112.03 112.03 112.03 112.04 112.04 112.04 112.04
1987.00 108.88 108.89 108.89 108.89 108.90 108.90 108.90 108.90 108.91
1988.00 103.54 103.62 103.69 103.76 103.83 103.90 103.98 104.05 104.12
1989.00 98.25 98.43 98.61 98.79 98.98 99.16 99.34 99.52 99.70
1990.00 92.46 92.74 93.02 93.31 93.59 93.87 94.16 94.44 94.73
1991.00 87.77 88.33 88.89 89.45 90.01 90.57 91.13 91.69 92.25
1992.00 83.19 84.13 85.06 85.99 86.93 87.86 88.79 89.73 90.66
1993.00 78.72 80.01 81.31 82.60 83.89 85.18 86.48 87.77 89.06
1994.00 74.60 76.27 77.93 79.60 81.27 82.93 84.60 86.27 87.94
1995.00 71.02 73.19 75.37 77.55 79.73 81.91 84.09 86.27 88.45
1996.00 66.72 69.19 71.66 74.13 76.60 79.08 81.55 84.02 86.49
1997.00 62.96 65.86 68.77 71.68 74.58 77.49 80.40 83.31 86.22
1998.00 58.89 62.11 65.33 68.55 71.77 75.00 78.22 81.44 84.66
1999.00 53.56 56.95 60.33 63.71 67.09 70.48 73.86 77.24 80.62
2000.00 47.87 51.24 54.61 57.98 61.35 64.72 68.09 71.46 74.83
2001.00 43.36 46.92 50.48 54.04 57.60 61.16 64.72 68.28 71.84
2002.00 39.39 43.23 47.06 50.90 54.73 58.57 62.41 66.24 70.08
2003.00 36.28 40.41 44.54 48.66 52.79 56.92 61.05 65.18 69.31
2004.00 31.64 35.70 39.77 43.84 47.91 51.98 56.05 60.12 64.19
2005.00 27.86 32.24 36.63 41.01 45.40 49.79 54.17 58.56 62.94
2006.00 23.40 28.06 32.72 37.37 42.03 46.69 51.35 56.00 60.66
2007.00 19.76 24.61 29.46 34.31 39.16 44.01 48.86 53.71 58.56
2008.00 14.61 19.42 24.23 29.03 33.84 38.65 43.46 48.27 53.08
2009.00 10.50 15.39 20.28 25.16 30.06 34.95 39.84 44.73 49.62
2010.00 5.61 10.39 15.16 19.93 24.71 29.49 34.27 39.04 43.82
2011.00 2.79 7.78 12.78 17.77 22.77 27.77 32.77 37.76 42.76
2012.00 -0.66 4.56 9.79 15.02 20.25 25.48 30.71 35.94 41.17
2013.00 -3.39 1.99 7.37 12.74 18.12 23.50 28.88 34.26 39.64
2014.00 -6.45 -0.96 4.54 10.03 15.53 21.03 26.53 32.03 37.52
2015.00 -9.14 -3.34 2.46 8.26 14.06 19.87 25.67 31.47 37.27
2016.00 -11.99 -5.96 0.07 6.09 12.12 18.15 24.18 30.21 36.24
2017.00 -14.33 -8.12 -1.92 4.29 10.50 16.71 22.91 29.12 35.33
2018.00 -28.83 -26.70 -24.57 -22.44 -20.31 -18.18 -16.05 -13.92 -11.79
2019.00 -30.17 -27.79 -25.40 -23.01 -20.62 -18.23 -15.84 -13.45 -11.07
2020.00 -31.04 -28.41 -25.78 -23.15 -20.52 -17.89 -15.26 -12.63 -10.00
2021.00 -31.49 -28.64 -25.79 -22.94 -20.09 -17.23 -14.39 -11.54 -8.69
2022.00 -32.14 -29.08 -26.02 -22.96 -19.90 -16.84 -13.79 -10.73 -7.67
2023.00 -32.90 -29.65 -26.39 -23.14 -19.88 -16.62 -13.37 -10.12 -6.86
2024.00 -33.49 -30.06 -26.63 -23.21 -19.78 -16.35 -12.92 -9.50 -6.07
2025.00 -33.98 -30.43 -26.87 -23.31 -19.75 -16.19 -12.64 -9.08 -5.52
2026.00 -34.52 -30.85 -27.18 -23.51 -19.83 -16.16 -12.49 -8.82 -5.15
2027.00 -34.86 -31.08 -27.30 -23.53 -19.75 -15.97 -12.19 -8.42 -4.64
2028.00 -34.98 -31.09 -27.20 -23.30 -19.41 -15.51 -11.62 -7.73 -3.85
2029.00 -34.83 -30.86 -26.88 -22.90 -18.93 -14.95 -10.98 -7.01 -3.04
2030.00 -34.82 -30.78 -26.74 -22.70 -18.66 -14.62 -10.59 -6.55 -2.52
2031.00 -34.45 -30.38 -26.30 -22.23 -18.16 -14.08 -10.01 -5.94 -1.87
2032.00 -34.45 -30.34 -26.24 -22.13 -18.02 -13.92 -9.82 -5.71 -1.61
2033.00 -34.88 -30.73 -26.58 -22.43 -18.28 -14.13 -9.98 -5.83 -1.69
2034.00 -35.03 -30.84 -26.64 -22.45 -18.25 -14.06 -9.87 -5.68 -1.49
2035.00 -35.03 -30.82 -26.61 -22.39 -18.17 -13.96 -9.75 -5.54 -1.33
2036.00 -35.29 -31.06 -26.83 -22.60 -18.37 -14.14 -9.91 -5.68 -1.46
2037.00 -35.43 -31.20 -26.96 -22.72 -18.48 -14.25 -10.01 -5.78 -1.55
2038.00 -35.66 -31.40 -27.15 -22.89 -18.63 -14.37 -10.12 -5.87 -1.62
2039.00 -35.70 -31.43 -27.17 -22.90 -18.64 -14.38 -10.12 -5.86 -1.60
2040.00 -35.94 -31.67 -27.40 -23.11 -18.84 -14.57 -10.30 -6.02 -1.76
2041.00 -35.95 -31.67 -27.40 -23.11 -18.84 -14.57 -10.29 -6.02 -1.75
2042.00 -35.93 -31.65 -27.37 -23.07 -18.79 -14.51 -10.23 -5.95 -1.67
2043.00 -35.92 -31.63 -27.34 -23.04 -18.75 -14.46 -10.17 -5.89 -1.60
2044.00 -35.93 -31.62 -27.32 -23.00 -18.70 -14.40 -10.10 -5.80 -1.50
2045.00 -35.78 -31.48 -27.17 -22.85 -18.54 -14.24 -9.93 -5.63 -1.33
2046.00 -35.74 -31.43 -27.12 -22.79 -18.48 -14.17 -9.86 -5.56 -1.25
2047.00 -35.70 -31.39 -27.08 -22.76 -18.45 -14.14 -9.84 -5.53 -1.23
2048.00 -35.80 -31.49 -27.18 -22.85 -18.54 -14.23 -9.92 -5.61 -1.30
2049.00 -35.81 -31.49 -27.18 -22.85 -18.53 -14.22 -9.91 -5.60 -1.29
2050.00 -35.79 -31.47 -27.16 -22.82 -18.51 -14.19 -9.88 -5.57 -1.26
2051.00 -35.78 -31.46 -27.15 -22.82 -18.51 -14.20 -9.89 -5.59 -1.28
2052.00 -35.79 -31.48 -27.17 -22.83 -18.52 -14.22 -9.91 -5.60 -1.30
2053.00 -35.50 -31.20 -26.89 -22.57 -18.27 -13.98 -9.68 -5.38 -1.09
2054.00 -35.39 -31.09 -26.79 -22.47 -18.18 -13.88 -9.59 -5.29 -1.00
2055.00 -35.25 -30.95 -26.66 -22.35 -18.06 -13.77 -9.48 -5.20 -0.91
2056.00 -35.14 -30.85 -26.56 -22.24 -17.95 -13.67 -9.38 -5.09 -0.80
2057.00 -34.96 -30.68 -26.39 -22.09 -17.81 -13.53 -9.26 -4.98 -0.70
2058.00 -35.07 -30.79 -26.50 -22.20 -17.92 -13.65 -9.37 -5.09 -0.82
2059.00 -35.00 -30.74 -26.47 -22.17 -17.91 -13.65 -9.38 -5.12 -0.86
2060.00 -35.07 -30.80 -26.53 -22.24 -17.98 -13.72 -9.46 -5.20 -0.94
2061.00 -35.04 -30.78 -26.53 -22.24 -17.99 -13.74 -9.48 -5.23 -0.98
2062.00 -35.16 -30.90 -26.64 -22.35 -18.10 -13.85 -9.59 -5.34 -1.09
2063.00 -35.14 -30.88 -26.63 -22.36 -18.11 -13.87 -9.62 -5.38 -1.13
2064.00 -35.02 -30.78 -26.54 -22.27 -18.03 -13.80 -9.56 -5.33 -1.09
2065.00 -34.81 -30.59 -26.36 -22.11 -17.89 -13.67 -9.45 -5.23 -1.01
