# yearspad, alpred
# [0.3 0.4 0.5 0.6 0.7 0.8 0.9 1.  1.1]
1922.00 -26.06 -21.84 -17.61 -13.39 -9.16 -4.93 -0.71 3.51 7.73
1923.00 -25.61 -21.41 -17.20 -13.00 -8.79 -4.59 -0.38 3.81 8.01
1924.00 -25.25 -21.07 -16.89 -12.70 -8.52 -4.33 -0.15 4.03 8.21
1925.00 -24.84 -20.71 -16.58 -12.44 -8.31 -4.17 -0.04 4.09 8.22
1926.00 -24.32 -20.24 -16.16 -12.08 -7.99 -3.91 0.17 4.25 8.33
1927.00 -24.01 -20.00 -15.98 -11.96 -7.94 -3.92 0.09 4.11 8.12
1928.00 -23.50 -19.55 -15.61 -11.66 -7.71 -3.77 0.18 4.12 8.06
1929.00 -22.95 -19.10 -15.26 -11.41 -7.56 -3.71 0.14 3.98 7.83
1930.00 -22.47 -18.74 -15.01 -11.28 -7.54 -3.81 -0.08 3.65 7.37
1931.00 -21.80 -18.22 -14.65 -11.07 -7.49 -3.92 -0.34 3.23 6.80
1932.00 -21.11 -17.69 -14.26 -10.83 -7.41 -3.98 -0.55 2.87 6.29
1933.00 -20.19 -16.93 -13.68 -10.42 -7.17 -3.91 -0.65 2.60 5.85
1934.00 -19.29 -16.22 -13.15 -10.08 -7.00 -3.93 -0.85 2.21 5.28
1935.00 -18.41 -15.58 -12.74 -9.91 -7.08 -4.24 -1.41 1.42 4.25
1936.00 -16.89 -14.31 -11.74 -9.16 -6.58 -4.00 -1.42 1.15 3.72
1937.00 -15.69 -13.38 -11.08 -8.77 -6.46 -4.15 -1.84 0.46 2.76
1938.00 -14.59 -12.54 -10.49 -8.44 -6.39 -4.34 -2.29 -0.24 1.81
1939.00 -13.00 -11.24 -9.48 -7.72 -5.97 -4.21 -2.45 -0.69 1.06
1940.00 -11.57 -10.11 -8.65 -7.18 -5.72 -4.26 -2.79 -1.34 0.12
1941.00 -9.44 -8.33 -7.22 -6.11 -4.99 -3.88 -2.77 -1.66 -0.55
1942.00 -7.46 -6.70 -5.93 -5.16 -4.39 -3.62 -2.85 -2.09 -1.32
1943.00 -5.47 -5.08 -4.69 -4.30 -3.91 -3.52 -3.12 -2.74 -2.35
1944.00 -3.20 -3.17 -3.13 -3.10 -3.06 -3.02 -2.99 -2.96 -2.92
1945.00 -1.27 -1.60 -1.94 -2.28 -2.61 -2.95 -3.28 -3.62 -3.96
1946.00 1.29 0.57 -0.15 -0.87 -1.59 -2.31 -3.03 -3.75 -4.47
1947.00 3.75 2.63 1.50 0.38 -0.74 -1.86 -2.99 -4.11 -5.24
1948.00 6.48 4.93 3.38 1.83 0.28 -1.27 -2.82 -4.38 -5.93
1949.00 8.80 6.82 4.85 2.87 0.90 -1.07 -3.05 -5.02 -7.00
1950.00 12.00 9.61 7.21 4.81 2.42 0.02 -2.37 -4.77 -7.17
1951.00 14.28 11.49 8.69 5.90 3.10 0.31 -2.48 -5.28 -8.08
1952.00 17.31 14.06 10.81 7.56 4.31 1.06 -2.18 -5.44 -8.69
1953.00 19.82 16.10 12.38 8.67 4.95 1.24 -2.48 -6.19 -9.91
1954.00 22.77 18.56 14.35 10.14 5.94 1.73 -2.47 -6.68 -10.89
1955.00 25.20 20.54 15.88 11.23 6.57 1.91 -2.74 -7.40 -12.06
1956.00 27.97 22.86 17.75 12.63 7.52 2.41 -2.70 -7.82 -12.93
1957.00 30.90 25.35 19.79 14.23 8.68 3.12 -2.44 -7.99 -13.55
1958.00 33.49 27.45 21.41 15.37 9.33 3.29 -2.75 -8.79 -14.83
1959.00 36.56 30.01 23.45 16.90 10.34 3.79 -2.76 -9.32 -15.88
1960.00 39.72 32.68 25.63 18.58 11.54 4.49 -2.55 -9.60 -16.65
1961.00 42.80 35.28 27.76 20.24 12.73 5.21 -2.31 -9.83 -17.35
1962.00 45.64 37.63 29.63 21.62 13.62 5.61 -2.39 -10.40 -18.40
1963.00 48.98 40.46 31.94 23.41 14.89 6.37 -2.15 -10.67 -19.20
1964.00 52.37 43.32 34.27 25.22 16.17 7.12 -1.93 -10.98 -20.04
1965.00 55.36 45.80 36.24 26.67 17.11 7.55 -2.02 -11.58 -21.14
1966.00 58.65 48.59 38.52 28.45 18.38 8.31 -1.76 -11.83 -21.89
1967.00 61.71 51.15 40.59 30.03 19.46 8.90 -1.66 -12.23 -22.79
1968.00 64.71 53.61 42.51 31.41 20.31 9.21 -1.89 -13.00 -24.10
1969.00 67.48 55.85 44.22 32.59 20.96 9.33 -2.30 -13.93 -25.56
1970.00 107.24 107.24 107.24 107.24 107.25 107.25 107.25 107.25 107.25
1971.00 106.34 106.33 106.33 106.33 106.33 106.33 106.33 106.32 106.32
1972.00 109.01 109.02 109.02 109.02 109.03 109.03 109.03 109.04 109.04
1973.00 110.71 110.71 110.71 110.71 110.71 110.71 110.70 110.70 110.70
1974.00 114.16 114.16 114.16 114.16 114.16 114.16 114.16 114.16 114.16
1975.00 114.64 114.64 114.64 114.64 114.64 114.63 114.63 114.63 114.63
1976.00 118.78 118.79 118.79 118.80 118.80 118.81 118.81 118.82 118.82
1977.00 120.11 120.11 120.11 120.11 120.11 120.11 120.11 120.11 120.11
1978.00 122.28 122.28 122.28 122.28 122.28 122.29 122.29 122.29 122.29
1979.00 122.61 122.60 122.60 122.60 122.59 122.59 122.59 122.58 122.58
1980.00 124.00 124.00 123.99 123.99 123.99 123.99 123.99 123.99 123.99
1981.00 125.18 125.19 125.19 125.19 125.20 125.20 125.20 125.21 125.21
1982.00 123.35 123.35 123.36 123.36 123.37 123.37 123.38 123.38 123.38
1983.00 125.15 125.15 125.15 125.16 125.16 125.16 125.16 125.16 125.16
1984.00 115.42 115.41 115.40 115.40 115.39 115.39 115.38 115.38 115.37
1985.00 115.79 115.79 115.79 115.79 115.80 115.80 115.80 115.80 115.80
1986.00 113.87 113.87 113.87 113.87 113.87 113.87 113.87 113.87 113.87
1987.00 110.59 110.60 110.60 110.60 110.60 110.61 110.61 110.61 110.61
1988.00 105.91 105.99 106.07 106.15 106.23 106.31 106.39 106.47 106.55
1989.00 101.63 101.82 102.01 102.20 102.39 102.58 102.77 102.97 103.16
1990.00 96.82 97.13 97.43 97.73 98.03 98.33 98.63 98.93 99.23
1991.00 92.98 93.56 94.13 94.71 95.28 95.86 96.43 97.01 97.58
1992.00 89.48 90.45 91.42 92.38 93.35 94.32 95.28 96.25 97.22
1993.00 86.02 87.35 88.67 90.00 91.33 92.65 93.98 95.31 96.63
1994.00 82.38 84.08 85.78 87.48 89.17 90.87 92.57 94.26 95.96
1995.00 79.30 81.51 83.72 85.93 88.13 90.34 92.55 94.75 96.96
1996.00 75.96 78.47 80.98 83.48 85.99 88.49 91.00 93.51 96.01
1997.00 72.55 75.48 78.42 81.36 84.29 87.23 90.16 93.10 96.04
1998.00 69.01 72.25 75.50 78.74 81.98 85.23 88.47 91.71 94.96
1999.00 65.26 68.67 72.07 75.47 78.88 82.28 85.68 89.08 92.49
2000.00 60.52 63.91 67.29 70.68 74.06 77.44 80.82 84.21 87.59
2001.00 56.55 60.12 63.69 67.27 70.84 74.41 77.98 81.56 85.13
2002.00 53.19 57.03 60.88 64.72 68.57 72.41 76.26 80.10 83.95
2003.00 50.03 54.18 58.34 62.49 66.64 70.79 74.95 79.10 83.25
2004.00 45.41 49.50 53.60 57.69 61.78 65.88 69.97 74.06 78.16
2005.00 42.54 46.96 51.38 55.80 60.22 64.64 69.06 73.48 77.90
2006.00 38.84 43.54 48.23 52.93 57.63 62.32 67.02 71.71 76.41
2007.00 35.69 40.58 45.48 50.38 55.27 60.16 65.06 69.95 74.85
2008.00 31.53 36.37 41.22 46.07 50.91 55.75 60.60 65.44 70.29
2009.00 28.49 33.42 38.35 43.28 48.20 53.13 58.06 62.99 67.92
2010.00 23.89 28.70 33.51 38.32 43.13 47.94 52.75 57.56 62.37
2011.00 21.10 26.13 31.17 36.20 41.24 46.27 51.31 56.34 61.38
2012.00 18.26 23.52 28.79 34.05 39.32 44.58 49.84 55.10 60.37
2013.00 15.47 20.89 26.30 31.72 37.13 42.55 47.96 53.37 58.79
2014.00 12.85 18.39 23.92 29.46 34.99 40.52 46.05 51.59 57.12
2015.00 10.44 16.28 22.12 27.96 33.80 39.64 45.48 51.32 57.16
2016.00 8.15 14.21 20.28 26.34 32.41 38.47 44.53 50.60 56.67
2017.00 5.28 11.54 17.79 24.04 30.29 36.54 42.79 49.04 55.29
2018.00 -9.49 -7.31 -5.14 -2.96 -0.78 1.39 3.56 5.74 7.92
2019.00 -11.13 -8.70 -6.27 -3.83 -1.40 1.03 3.46 5.89 8.33
2020.00 -12.71 -10.04 -7.36 -4.69 -2.02 0.65 3.31 5.98 8.66
2021.00 -14.54 -11.65 -8.76 -5.87 -2.99 -0.10 2.78 5.67 8.56
2022.00 -15.89 -12.80 -9.70 -6.61 -3.52 -0.43 2.66 5.75 8.84
2023.00 -17.52 -14.23 -10.95 -7.66 -4.38 -1.10 2.18 5.47 8.76
2024.00 -18.86 -15.41 -11.95 -8.50 -5.04 -1.59 1.86 5.31 8.77
2025.00 -20.26 -16.68 -13.09 -9.51 -5.93 -2.35 1.23 4.81 8.40
2026.00 -21.48 -17.78 -14.09 -10.39 -6.70 -3.01 0.68 4.37 8.07
2027.00 -22.34 -18.55 -14.75 -10.95 -7.15 -3.36 0.44 4.23 8.03
2028.00 -23.47 -19.56 -15.65 -11.74 -7.83 -3.93 -0.02 3.89 7.80
2029.00 -24.27 -20.28 -16.30 -12.31 -8.32 -4.33 -0.35 3.64 7.63
2030.00 -24.66 -20.61 -16.56 -12.51 -8.46 -4.41 -0.36 3.68 7.74
2031.00 -25.40 -21.31 -17.23 -13.15 -9.07 -4.99 -0.91 3.17 7.26
2032.00 -25.46 -21.34 -17.23 -13.11 -8.99 -4.88 -0.77 3.34 7.46
2033.00 -25.76 -21.60 -17.44 -13.28 -9.12 -4.96 -0.81 3.35 7.51
2034.00 -26.11 -21.91 -17.71 -13.51 -9.31 -5.11 -0.91 3.29 7.50
2035.00 -26.23 -22.01 -17.79 -13.57 -9.35 -5.13 -0.91 3.31 7.53
2036.00 -26.36 -22.12 -17.88 -13.64 -9.41 -5.17 -0.94 3.30 7.54
2037.00 -26.41 -22.16 -17.92 -13.67 -9.43 -5.18 -0.94 3.30 7.54
2038.00 -26.50 -22.24 -17.97 -13.71 -9.44 -5.18 -0.92 3.34 7.60
2039.00 -26.62 -22.35 -18.08 -13.81 -9.54 -5.27 -1.01 3.26 7.53
2040.00 -26.56 -22.28 -17.99 -13.71 -9.43 -5.15 -0.87 3.41 7.69
2041.00 -26.64 -22.36 -18.07 -13.79 -9.51 -5.23 -0.95 3.33 7.61
2042.00 -26.58 -22.29 -18.00 -13.71 -9.42 -5.13 -0.84 3.45 7.74
2043.00 -26.54 -22.24 -17.95 -13.65 -9.35 -5.05 -0.76 3.54 7.83
2044.00 -26.54 -22.23 -17.91 -13.60 -9.29 -4.98 -0.67 3.64 7.95
2045.00 -26.57 -22.25 -17.94 -13.62 -9.31 -4.99 -0.68 3.63 7.94
2046.00 -26.45 -22.14 -17.82 -13.50 -9.18 -4.86 -0.54 3.77 8.09
2047.00 -26.56 -22.25 -17.93 -13.61 -9.30 -4.98 -0.67 3.64 7.96
2048.00 -26.53 -22.21 -17.89 -13.57 -9.25 -4.93 -0.61 3.70 8.02
2049.00 -26.67 -22.35 -18.02 -13.70 -9.38 -5.06 -0.74 3.57 7.89
2050.00 -26.76 -22.43 -18.11 -13.79 -9.46 -5.14 -0.82 3.50 7.82
2051.00 -26.83 -22.51 -18.19 -13.87 -9.55 -5.23 -0.92 3.39 7.71
2052.00 -26.84 -22.52 -18.20 -13.88 -9.57 -5.25 -0.93 3.38 7.70
2053.00 -26.90 -22.59 -18.28 -13.98 -9.67 -5.36 -1.06 3.25 7.55
2054.00 -26.88 -22.58 -18.27 -13.97 -9.66 -5.35 -1.05 3.25 7.55
2055.00 -26.85 -22.55 -18.26 -13.96 -9.66 -5.36 -1.07 3.22 7.52
2056.00 -26.87 -22.58 -18.28 -13.98 -9.68 -5.38 -1.09 3.21 7.50
2057.00 -26.79 -22.50 -18.22 -13.93 -9.64 -5.35 -1.07 3.21 7.50
2058.00 -26.71 -22.43 -18.14 -13.85 -9.56 -5.28 -0.99 3.29 7.58
2059.00 -26.71 -22.44 -18.16 -13.89 -9.61 -5.34 -1.07 3.20 7.47
2060.00 -26.65 -22.38 -18.11 -13.84 -9.56 -5.29 -1.02 3.25 7.52
2061.00 -26.65 -22.38 -18.12 -13.85 -9.59 -5.32 -1.06 3.20 7.46
2062.00 -26.58 -22.31 -18.05 -13.78 -9.51 -5.24 -0.98 3.28 7.54
2063.00 -26.58 -22.32 -18.06 -13.80 -9.54 -5.28 -1.03 3.23 7.48
2064.00 -26.39 -22.14 -17.89 -13.64 -9.39 -5.14 -0.89 3.36 7.60
2065.00 -26.35 -22.11 -17.88 -13.64 -9.41 -5.17 -0.94 3.29 7.52
