# yearspad, alpred
# [0.3 0.4 0.5 0.6 0.7 0.8 0.9 1.  1.1]
1922.00 -31.97 -27.75 -23.53 -19.31 -15.09 -10.86 -6.64 -2.42 1.80
1923.00 -31.50 -27.30 -23.11 -18.90 -14.70 -10.50 -6.30 -2.10 2.10
1924.00 -32.06 -27.88 -23.71 -19.53 -15.35 -11.17 -6.99 -2.81 1.37
1925.00 -31.91 -27.78 -23.66 -19.53 -15.41 -11.28 -7.15 -3.02 1.11
1926.00 -32.11 -28.04 -23.97 -19.89 -15.82 -11.74 -7.67 -3.60 0.48
1927.00 -32.25 -28.24 -24.23 -20.22 -16.22 -12.21 -8.20 -4.19 -0.18
1928.00 -31.53 -27.59 -23.66 -19.72 -15.78 -11.84 -7.90 -3.96 -0.03
1929.00 -30.76 -26.92 -23.09 -19.25 -15.41 -11.57 -7.73 -3.89 -0.05
1930.00 -30.17 -26.45 -22.73 -19.01 -15.29 -11.56 -7.84 -4.12 -0.40
1931.00 -28.94 -25.38 -21.81 -18.24 -14.68 -11.11 -7.54 -3.97 -0.41
1932.00 -28.80 -25.39 -21.97 -18.56 -15.15 -11.73 -8.31 -4.90 -1.48
1933.00 -27.78 -24.53 -21.29 -18.05 -14.80 -11.56 -8.31 -5.06 -1.82
1934.00 -26.49 -23.43 -20.37 -17.31 -14.25 -11.19 -8.13 -5.07 -2.01
1935.00 -24.73 -21.91 -19.09 -16.27 -13.45 -10.63 -7.81 -4.99 -2.17
1936.00 -23.17 -20.61 -18.05 -15.49 -12.93 -10.36 -7.80 -5.23 -2.67
1937.00 -21.29 -19.00 -16.71 -14.42 -12.13 -9.83 -7.54 -5.25 -2.95
1938.00 -20.13 -18.10 -16.07 -14.03 -12.00 -9.97 -7.93 -5.90 -3.86
1939.00 -17.20 -15.46 -13.73 -11.99 -10.25 -8.51 -6.77 -5.02 -3.28
1940.00 -14.56 -13.11 -11.67 -10.23 -8.78 -7.34 -5.89 -4.45 -3.00
1941.00 -11.74 -10.65 -9.56 -8.47 -7.38 -6.28 -5.19 -4.09 -3.00
1942.00 -8.97 -8.23 -7.48 -6.73 -5.98 -5.23 -4.48 -3.73 -2.98
1943.00 -7.13 -6.76 -6.39 -6.02 -5.65 -5.28 -4.91 -4.54 -4.17
1944.00 -4.55 -4.54 -4.53 -4.51 -4.50 -4.49 -4.48 -4.47 -4.45
1945.00 -1.62 -1.98 -2.35 -2.71 -3.07 -3.43 -3.79 -4.15 -4.50
1946.00 1.68 0.93 0.18 -0.56 -1.31 -2.05 -2.79 -3.54 -4.28
1947.00 5.53 4.38 3.23 2.09 0.94 -0.21 -1.35 -2.50 -3.64
1948.00 8.43 6.85 5.28 3.70 2.12 0.55 -1.03 -2.60 -4.18
1949.00 11.48 9.49 7.48 5.49 3.49 1.49 -0.51 -2.50 -4.50
1950.00 13.55 11.12 8.70 6.27 3.85 1.43 -1.00 -3.42 -5.84
1951.00 17.00 14.18 11.36 8.54 5.72 2.90 0.08 -2.74 -5.56
1952.00 20.00 16.73 13.45 10.17 6.90 3.63 0.35 -2.92 -6.20
1953.00 24.52 20.78 17.04 13.30 9.57 5.83 2.09 -1.65 -5.38
1954.00 27.05 22.81 18.58 14.35 10.12 5.90 1.67 -2.56 -6.79
1955.00 30.90 26.22 21.54 16.87 12.19 7.51 2.84 -1.84 -6.51
1956.00 34.43 29.30 24.17 19.04 13.91 8.78 3.65 -1.47 -6.60
1957.00 38.07 32.50 26.93 21.36 15.78 10.21 4.64 -0.93 -6.50
1958.00 41.93 35.88 29.83 23.78 17.73 11.68 5.63 -0.42 -6.47
1959.00 45.57 39.00 32.44 25.88 19.32 12.76 6.20 -0.36 -6.92
1960.00 48.46 41.41 34.36 27.31 20.26 13.20 6.15 -0.90 -7.95
1961.00 51.46 43.94 36.41 28.89 21.37 13.85 6.33 -1.19 -8.71
1962.00 55.92 47.92 39.91 31.91 23.91 15.91 7.91 -0.09 -8.09
1963.00 59.87 51.35 42.83 34.32 25.81 17.29 8.78 0.26 -8.25
1964.00 64.04 55.00 45.96 36.92 27.88 18.84 9.80 0.76 -8.28
1965.00 67.09 57.54 47.99 38.44 28.89 19.34 9.79 0.24 -9.31
1966.00 70.40 60.35 50.29 40.24 30.19 20.13 10.08 0.02 -10.03
1967.00 74.42 63.88 53.34 42.80 32.26 21.72 11.17 0.63 -9.91
1968.00 78.78 67.70 56.62 45.55 34.47 23.40 12.32 1.24 -9.83
1969.00 82.72 71.12 59.52 47.92 36.32 24.72 13.12 1.52 -10.08
1970.00 123.82 123.83 123.83 123.83 123.83 123.83 123.84 123.84 123.84
1971.00 123.36 123.36 123.36 123.35 123.35 123.35 123.35 123.35 123.35
1972.00 134.36 134.37 134.37 134.38 134.38 134.38 134.39 134.39 134.39
1973.00 141.95 141.95 141.95 141.94 141.94 141.94 141.94 141.94 141.94
1974.00 146.16 146.16 146.16 146.16 146.16 146.16 146.16 146.16 146.16
1975.00 154.53 154.52 154.52 154.52 154.52 154.52 154.51 154.51 154.51
1976.00 150.26 150.26 150.27 150.27 150.28 150.28 150.29 150.29 150.30
1977.00 148.79 148.79 148.80 148.80 148.80 148.80 148.80 148.80 148.80
1978.00 146.83 146.83 146.83 146.83 146.83 146.83 146.84 146.84 146.84
1979.00 145.86 145.86 145.85 145.85 145.85 145.84 145.84 145.83 145.83
1980.00 149.29 149.29 149.28 149.28 149.28 149.28 149.28 149.28 149.28
1981.00 151.09 151.09 151.09 151.10 151.10 151.10 151.10 151.11 151.11
1982.00 146.24 146.25 146.25 146.26 146.26 146.27 146.27 146.28 146.28
1983.00 135.96 135.97 135.97 135.97 135.97 135.97 135.97 135.97 135.97
1984.00 136.85 136.84 136.84 136.83 136.82 136.82 136.81 136.81 136.80
1985.00 133.46 133.46 133.46 133.46 133.47 133.47 133.47 133.47 133.47
1986.00 136.12 136.12 136.12 136.12 136.12 136.12 136.12 136.12 136.12
1987.00 124.49 124.49 124.49 124.50 124.50 124.50 124.50 124.51 124.51
1988.00 119.98 120.03 120.08 120.12 120.17 120.22 120.26 120.31 120.35
1989.00 114.13 114.31 114.50 114.68 114.87 115.05 115.24 115.42 115.61
1990.00 109.54 109.86 110.18 110.50 110.82 111.14 111.46 111.78 112.10
1991.00 105.44 106.03 106.62 107.21 107.79 108.38 108.97 109.55 110.14
1992.00 101.74 102.71 103.68 104.66 105.63 106.60 107.57 108.54 109.51
1993.00 96.24 97.57 98.90 100.24 101.57 102.90 104.23 105.57 106.90
1994.00 91.89 93.60 95.30 97.01 98.72 100.43 102.13 103.84 105.55
1995.00 87.65 89.86 92.07 94.29 96.50 98.72 100.93 103.14 105.36
1996.00 83.37 85.89 88.40 90.91 93.42 95.94 98.45 100.96 103.47
1997.00 79.84 82.77 85.70 88.64 91.57 94.50 97.44 100.37 103.30
1998.00 75.88 79.12 82.36 85.60 88.84 92.08 95.32 98.56 101.80
1999.00 71.26 74.66 78.06 81.46 84.85 88.25 91.65 95.04 98.44
2000.00 65.99 69.37 72.74 76.12 79.50 82.88 86.25 89.63 93.00
2001.00 62.14 65.71 69.28 72.86 76.43 80.00 83.57 87.14 90.71
2002.00 58.22 62.08 65.93 69.78 73.63 77.48 81.33 85.18 89.03
2003.00 54.57 58.71 62.86 67.01 71.16 75.31 79.45 83.60 87.75
2004.00 48.75 52.84 56.93 61.01 65.10 69.19 73.27 77.36 81.44
2005.00 44.83 49.26 53.68 58.10 62.52 66.95 71.37 75.79 80.21
2006.00 41.53 46.23 50.94 55.64 60.35 65.05 69.76 74.46 79.16
2007.00 38.02 42.93 47.83 52.73 57.64 62.54 67.44 72.35 77.25
2008.00 34.08 38.95 43.81 48.67 53.53 58.39 63.25 68.11 72.97
2009.00 28.94 33.88 38.81 43.75 48.68 53.62 58.55 63.48 68.42
2010.00 23.72 28.55 33.38 38.21 43.04 47.87 52.69 57.52 62.34
2011.00 19.89 24.94 30.00 35.05 40.10 45.16 50.21 55.26 60.31
2012.00 16.72 22.00 27.28 32.57 37.85 43.13 48.41 53.69 58.97
2013.00 13.40 18.83 24.26 29.70 35.13 40.56 45.99 51.42 56.84
2014.00 10.09 15.63 21.17 26.72 32.26 37.80 43.35 48.89 54.43
2015.00 6.57 12.42 18.26 24.11 29.95 35.80 41.64 47.49 53.33
2016.00 2.93 9.00 15.07 21.15 27.22 33.29 39.37 45.44 51.50
2017.00 0.66 6.91 13.16 19.41 25.66 31.91 38.16 44.40 50.65
2018.00 -15.32 -13.16 -11.00 -8.84 -6.68 -4.52 -2.36 -0.20 1.96
2019.00 -16.58 -14.16 -11.74 -9.32 -6.90 -4.48 -2.06 0.35 2.77
2020.00 -19.80 -17.14 -14.49 -11.83 -9.17 -6.52 -3.86 -1.21 1.44
2021.00 -21.81 -18.94 -16.06 -13.19 -10.31 -7.44 -4.56 -1.69 1.18
2022.00 -23.92 -20.84 -17.76 -14.68 -11.61 -8.53 -5.45 -2.37 0.70
2023.00 -25.56 -22.29 -19.01 -15.74 -12.47 -9.19 -5.92 -2.65 0.61
2024.00 -26.74 -23.29 -19.85 -16.41 -12.96 -9.52 -6.08 -2.63 0.80
2025.00 -27.10 -23.53 -19.95 -16.38 -12.80 -9.23 -5.66 -2.08 1.49
2026.00 -28.40 -24.71 -21.03 -17.34 -13.65 -9.96 -6.28 -2.59 1.09
2027.00 -29.13 -25.34 -21.55 -17.75 -13.96 -10.17 -6.38 -2.59 1.20
2028.00 -30.14 -26.24 -22.34 -18.43 -14.53 -10.62 -6.72 -2.82 1.08
2029.00 -30.60 -26.62 -22.64 -18.65 -14.67 -10.68 -6.70 -2.72 1.26
2030.00 -30.82 -26.77 -22.73 -18.68 -14.64 -10.59 -6.54 -2.50 1.54
2031.00 -30.95 -26.87 -22.79 -18.71 -14.63 -10.54 -6.47 -2.39 1.69
2032.00 -31.64 -27.53 -23.41 -19.30 -15.19 -11.08 -6.96 -2.85 1.25
2033.00 -31.75 -27.59 -23.44 -19.28 -15.12 -10.97 -6.81 -2.66 1.49
2034.00 -32.35 -28.15 -23.95 -19.75 -15.55 -11.35 -7.15 -2.96 1.23
2035.00 -31.82 -27.60 -23.38 -19.16 -14.94 -10.72 -6.50 -2.28 1.93
2036.00 -31.96 -27.72 -23.49 -19.25 -15.02 -10.78 -6.54 -2.31 1.92
2037.00 -32.05 -27.81 -23.57 -19.32 -15.08 -10.84 -6.59 -2.35 1.88
2038.00 -32.03 -27.76 -23.50 -19.24 -14.97 -10.71 -6.44 -2.18 2.07
2039.00 -31.90 -27.63 -23.37 -19.09 -14.83 -10.55 -6.28 -2.02 2.25
2040.00 -31.98 -27.70 -23.42 -19.14 -14.86 -10.57 -6.29 -2.01 2.26
2041.00 -31.79 -27.51 -23.22 -18.94 -14.66 -10.37 -6.09 -1.81 2.47
2042.00 -32.13 -27.83 -23.55 -19.25 -14.96 -10.67 -6.38 -2.09 2.19
2043.00 -32.24 -27.94 -23.64 -19.35 -15.05 -10.75 -6.45 -2.16 2.14
2044.00 -32.55 -28.23 -23.92 -19.61 -15.30 -10.99 -6.68 -2.37 1.94
2045.00 -32.48 -28.16 -23.85 -19.53 -15.22 -10.90 -6.59 -2.28 2.03
2046.00 -32.68 -28.36 -24.05 -19.73 -15.41 -11.09 -6.77 -2.46 1.86
2047.00 -32.54 -28.23 -23.91 -19.60 -15.28 -10.96 -6.65 -2.33 1.98
2048.00 -32.89 -28.57 -24.25 -19.93 -15.62 -11.29 -6.97 -2.66 1.66
2049.00 -32.65 -28.33 -24.01 -19.69 -15.37 -11.04 -6.72 -2.40 1.91
2050.00 -32.75 -28.42 -24.10 -19.78 -15.45 -11.13 -6.80 -2.48 1.84
2051.00 -32.46 -28.14 -23.83 -19.51 -15.19 -10.87 -6.55 -2.23 2.08
2052.00 -32.58 -28.26 -23.95 -19.63 -15.31 -10.99 -6.67 -2.35 1.96
2053.00 -32.31 -28.00 -23.69 -19.38 -15.07 -10.76 -6.45 -2.15 2.16
2054.00 -32.53 -28.22 -23.92 -19.61 -15.31 -11.00 -6.70 -2.39 1.91
2055.00 -32.56 -28.26 -23.96 -19.66 -15.37 -11.07 -6.77 -2.47 1.82
2056.00 -32.53 -28.24 -23.94 -19.64 -15.34 -11.04 -6.74 -2.45 1.85
2057.00 -32.37 -28.08 -23.80 -19.51 -15.22 -10.93 -6.64 -2.36 1.93
2058.00 -32.44 -28.16 -23.87 -19.58 -15.30 -11.01 -6.72 -2.44 1.85
2059.00 -32.18 -27.90 -23.63 -19.36 -15.09 -10.81 -6.53 -2.26 2.01
2060.00 -32.33 -28.06 -23.79 -19.52 -15.25 -10.97 -6.70 -2.43 1.84
2061.00 -32.14 -27.87 -23.61 -19.35 -15.08 -10.82 -6.55 -2.29 1.98
2062.00 -32.09 -27.83 -23.57 -19.30 -15.04 -10.77 -6.50 -2.24 2.02
2063.00 -31.88 -27.62 -23.37 -19.11 -14.85 -10.59 -6.34 -2.08 2.18
2064.00 -31.80 -27.55 -23.30 -19.05 -14.81 -10.55 -6.30 -2.06 2.19
2065.00 -31.62 -27.38 -23.15 -18.92 -14.69 -10.45 -6.22 -1.98 2.25
