# yearspad, alpred
# [0.3 0.4 0.5 0.6 0.7 0.8 0.9 1.  1.1]
1922.00 -29.08 -24.85 -20.63 -16.40 -12.18 -7.95 -3.73 0.49 4.71
1923.00 -29.52 -25.32 -21.11 -16.91 -12.71 -8.51 -4.31 -0.11 4.08
1924.00 -29.69 -25.51 -21.33 -17.14 -12.96 -8.78 -4.61 -0.43 3.75
1925.00 -30.09 -25.96 -21.83 -17.71 -13.58 -9.45 -5.33 -1.20 2.92
1926.00 -30.18 -26.10 -22.03 -17.95 -13.88 -9.80 -5.73 -1.66 2.41
1927.00 -29.95 -25.94 -21.93 -17.92 -13.91 -9.90 -5.89 -1.89 2.12
1928.00 -30.24 -26.31 -22.37 -18.43 -14.49 -10.56 -6.62 -2.69 1.24
1929.00 -30.07 -26.23 -22.40 -18.56 -14.72 -10.89 -7.05 -3.22 0.61
1930.00 -30.00 -26.29 -22.57 -18.85 -15.13 -11.42 -7.70 -3.99 -0.27
1931.00 -29.51 -25.95 -22.39 -18.83 -15.27 -11.71 -8.15 -4.59 -1.04
1932.00 -28.92 -25.51 -22.10 -18.69 -15.28 -11.88 -8.47 -5.06 -1.66
1933.00 -28.30 -25.06 -21.82 -18.58 -15.35 -12.11 -8.87 -5.64 -2.40
1934.00 -27.50 -24.45 -21.40 -18.34 -15.29 -12.24 -9.18 -6.13 -3.09
1935.00 -26.53 -23.71 -20.90 -18.09 -15.28 -12.46 -9.65 -6.85 -4.04
1936.00 -25.29 -22.73 -20.18 -17.62 -15.07 -12.52 -9.97 -7.42 -4.87
1937.00 -24.00 -21.72 -19.44 -17.15 -14.87 -12.59 -10.30 -8.02 -5.75
1938.00 -22.53 -20.51 -18.48 -16.45 -14.43 -12.40 -10.38 -8.36 -6.34
1939.00 -21.23 -19.50 -17.77 -16.04 -14.30 -12.57 -10.84 -9.11 -7.39
1940.00 -19.66 -18.22 -16.79 -15.35 -13.91 -12.48 -11.05 -9.61 -8.18
1941.00 -17.80 -16.72 -15.64 -14.55 -13.47 -12.39 -11.31 -10.23 -9.15
1942.00 -16.05 -15.31 -14.58 -13.84 -13.10 -12.37 -11.63 -10.90 -10.17
1943.00 -13.62 -13.26 -12.90 -12.54 -12.18 -11.82 -11.47 -11.11 -10.76
1944.00 -11.61 -11.61 -11.61 -11.60 -11.60 -11.60 -11.60 -11.60 -11.60
1945.00 -8.76 -9.13 -9.49 -9.86 -10.23 -10.60 -10.97 -11.34 -11.71
1946.00 -6.98 -7.73 -8.49 -9.24 -9.99 -10.74 -11.50 -12.25 -13.01
1947.00 -4.39 -5.55 -6.71 -7.86 -9.02 -10.18 -11.34 -12.49 -13.66
1948.00 -2.38 -3.97 -5.56 -7.14 -8.73 -10.32 -11.91 -13.50 -15.09
1949.00 0.34 -1.67 -3.68 -5.69 -7.70 -9.71 -11.73 -13.74 -15.75
1950.00 2.64 0.21 -2.23 -4.66 -7.09 -9.52 -11.95 -14.39 -16.82
1951.00 5.32 2.49 -0.34 -3.17 -6.00 -8.83 -11.66 -14.49 -17.32
1952.00 8.07 4.79 1.51 -1.77 -5.05 -8.33 -11.61 -14.90 -18.18
1953.00 11.10 7.35 3.60 -0.15 -3.89 -7.64 -11.39 -15.14 -18.89
1954.00 14.60 10.36 6.12 1.88 -2.36 -6.60 -10.84 -15.08 -19.32
1955.00 17.66 12.97 8.28 3.59 -1.10 -5.78 -10.47 -15.16 -19.86
1956.00 20.33 15.18 10.04 4.90 -0.23 -5.37 -10.51 -15.66 -20.80
1957.00 23.08 17.50 11.92 6.34 0.76 -4.82 -10.40 -15.99 -21.57
1958.00 26.19 20.12 14.06 8.00 1.93 -4.13 -10.19 -16.26 -22.33
1959.00 29.46 22.89 16.31 9.74 3.16 -3.41 -9.99 -16.57 -23.14
1960.00 33.14 26.07 19.00 11.93 4.86 -2.21 -9.27 -16.34 -23.42
1961.00 36.37 28.84 21.30 13.76 6.23 -1.31 -8.85 -16.38 -23.92
1962.00 39.10 31.07 23.05 15.03 7.01 -1.02 -9.04 -17.07 -25.09
1963.00 42.16 33.63 25.09 16.56 8.02 -0.51 -9.05 -17.58 -26.12
1964.00 45.26 36.19 27.12 18.06 8.99 -0.08 -9.14 -18.21 -27.28
1965.00 48.51 38.94 29.36 19.78 10.20 0.63 -8.95 -18.53 -28.11
1966.00 51.57 41.48 31.40 21.31 11.23 1.14 -8.94 -19.03 -29.11
1967.00 55.08 44.50 33.92 23.34 12.76 2.19 -8.39 -18.97 -29.55
1968.00 58.73 47.62 36.50 25.39 14.27 3.15 -7.96 -19.08 -30.19
1969.00 63.24 51.60 39.97 28.33 16.69 5.05 -6.59 -18.23 -29.87
1970.00 103.69 103.69 103.70 103.70 103.70 103.70 103.71 103.71 103.71
1971.00 114.90 114.89 114.89 114.89 114.89 114.89 114.88 114.88 114.88
1972.00 118.75 118.75 118.76 118.76 118.76 118.77 118.77 118.77 118.78
1973.00 125.46 125.46 125.46 125.46 125.45 125.45 125.45 125.45 125.45
1974.00 129.66 129.66 129.66 129.66 129.66 129.66 129.66 129.66 129.66
1975.00 130.57 130.57 130.56 130.56 130.56 130.56 130.56 130.56 130.56
1976.00 136.76 136.76 136.77 136.77 136.78 136.78 136.79 136.79 136.80
1977.00 137.22 137.22 137.22 137.22 137.23 137.23 137.23 137.23 137.23
1978.00 140.31 140.31 140.31 140.32 140.32 140.32 140.32 140.32 140.32
1979.00 135.78 135.78 135.77 135.77 135.77 135.76 135.76 135.76 135.75
1980.00 138.25 138.25 138.25 138.25 138.25 138.25 138.25 138.24 138.24
1981.00 136.12 136.13 136.13 136.13 136.14 136.14 136.14 136.15 136.15
1982.00 135.95 135.96 135.96 135.97 135.97 135.98 135.98 135.99 135.99
1983.00 131.10 131.10 131.10 131.10 131.11 131.11 131.11 131.11 131.11
1984.00 127.03 127.03 127.02 127.02 127.01 127.00 127.00 126.99 126.98
1985.00 125.44 125.44 125.45 125.45 125.45 125.45 125.45 125.45 125.45
1986.00 126.58 126.58 126.58 126.58 126.58 126.58 126.58 126.58 126.58
1987.00 126.54 126.55 126.55 126.55 126.55 126.56 126.56 126.56 126.57
1988.00 122.62 122.70 122.78 122.86 122.94 123.02 123.10 123.17 123.25
1989.00 118.47 118.66 118.85 119.05 119.24 119.44 119.63 119.82 120.02
1990.00 113.90 114.19 114.49 114.78 115.08 115.37 115.67 115.97 116.26
1991.00 109.42 109.99 110.55 111.12 111.68 112.25 112.81 113.38 113.94
1992.00 105.41 106.37 107.33 108.30 109.26 110.22 111.18 112.14 113.10
1993.00 101.39 102.70 104.01 105.32 106.63 107.94 109.25 110.56 111.87
1994.00 97.14 98.83 100.52 102.21 103.89 105.58 107.27 108.96 110.65
1995.00 93.26 95.46 97.66 99.85 102.05 104.25 106.45 108.65 110.85
1996.00 89.09 91.59 94.09 96.60 99.10 101.60 104.10 106.61 109.11
1997.00 85.49 88.38 91.27 94.15 97.04 99.92 102.81 105.69 108.58
1998.00 81.81 85.00 88.19 91.38 94.56 97.75 100.94 104.13 107.32
1999.00 77.70 81.08 84.45 87.83 91.21 94.59 97.96 101.34 104.72
2000.00 72.80 76.16 79.52 82.88 86.25 89.61 92.97 96.33 99.70
2001.00 67.99 71.55 75.11 78.67 82.23 85.79 89.35 92.90 96.47
2002.00 64.45 68.28 72.11 75.93 79.76 83.59 87.42 91.24 95.07
2003.00 61.01 65.12 69.23 73.34 77.45 81.56 85.67 89.78 93.89
2004.00 57.17 61.22 65.27 69.31 73.36 77.41 81.46 85.51 89.56
2005.00 53.44 57.80 62.16 66.52 70.88 75.24 79.60 83.96 88.32
2006.00 49.80 54.43 59.07 63.70 68.33 72.96 77.59 82.22 86.85
2007.00 45.90 50.73 55.57 60.40 65.23 70.07 74.90 79.74 84.57
2008.00 41.22 46.01 50.79 55.58 60.36 65.15 69.93 74.72 79.51
2009.00 37.24 42.11 46.98 51.85 56.72 61.60 66.47 71.34 76.21
2010.00 32.12 36.87 41.62 46.37 51.12 55.87 60.62 65.37 70.12
2011.00 28.57 33.58 38.58 43.59 48.59 53.60 58.60 63.60 68.61
2012.00 24.91 30.15 35.40 40.64 45.89 51.13 56.38 61.62 66.87
2013.00 21.89 27.28 32.67 38.06 43.45 48.85 54.24 59.63 65.02
2014.00 18.14 23.65 29.15 34.66 40.17 45.68 51.19 56.70 62.21
2015.00 15.58 21.39 27.21 33.03 38.84 44.66 50.48 56.29 62.11
2016.00 11.89 17.93 23.97 30.01 36.05 42.08 48.12 54.16 60.20
2017.00 8.73 14.95 21.16 27.38 33.59 39.81 46.02 52.23 58.45
2018.00 -6.95 -4.78 -2.61 -0.44 1.73 3.90 6.07 8.24 10.41
2019.00 -9.49 -7.06 -4.64 -2.22 0.21 2.63 5.06 7.48 9.91
2020.00 -11.59 -8.92 -6.26 -3.60 -0.94 1.72 4.38 7.05 9.71
2021.00 -13.67 -10.79 -7.91 -5.03 -2.15 0.72 3.60 6.48 9.36
2022.00 -15.65 -12.57 -9.48 -6.40 -3.32 -0.23 2.85 5.93 9.02
2023.00 -17.33 -14.05 -10.77 -7.50 -4.22 -0.94 2.34 5.61 8.89
2024.00 -19.17 -15.72 -12.27 -8.82 -5.37 -1.93 1.52 4.97 8.42
2025.00 -20.49 -16.91 -13.33 -9.76 -6.18 -2.61 0.97 4.54 8.12
2026.00 -21.82 -18.12 -14.43 -10.75 -7.06 -3.37 0.32 4.01 7.70
2027.00 -22.73 -18.94 -15.14 -11.35 -7.56 -3.76 0.03 3.82 7.61
2028.00 -23.84 -19.93 -16.03 -12.12 -8.21 -4.31 -0.40 3.50 7.41
2029.00 -24.71 -20.72 -16.74 -12.75 -8.76 -4.78 -0.79 3.19 7.18
2030.00 -25.41 -21.36 -17.31 -13.26 -9.21 -5.16 -1.11 2.93 6.98
2031.00 -25.79 -21.70 -17.62 -13.54 -9.46 -5.37 -1.29 2.79 6.87
2032.00 -26.36 -22.24 -18.13 -14.02 -9.90 -5.79 -1.68 2.43 6.55
2033.00 -26.94 -22.79 -18.63 -14.47 -10.31 -6.15 -2.00 2.16 6.32
2034.00 -27.63 -23.43 -19.23 -15.03 -10.83 -6.63 -2.43 1.76 5.96
2035.00 -28.15 -23.92 -19.70 -15.48 -11.26 -7.04 -2.83 1.39 5.61
2036.00 -28.35 -24.12 -19.88 -15.64 -11.41 -7.17 -2.94 1.30 5.53
2037.00 -28.38 -24.13 -19.89 -15.64 -11.40 -7.16 -2.92 1.33 5.57
2038.00 -28.54 -24.28 -20.01 -15.75 -11.48 -7.22 -2.96 1.30 5.56
2039.00 -28.54 -24.27 -19.99 -15.72 -11.45 -7.18 -2.92 1.35 5.62
2040.00 -28.63 -24.34 -20.06 -15.77 -11.49 -7.21 -2.93 1.35 5.63
2041.00 -28.61 -24.33 -20.04 -15.76 -11.47 -7.19 -2.91 1.37 5.65
2042.00 -28.78 -24.48 -20.19 -15.90 -11.60 -7.32 -3.03 1.26 5.55
2043.00 -28.77 -24.47 -20.17 -15.87 -11.57 -7.27 -2.97 1.32 5.62
2044.00 -29.05 -24.73 -20.42 -16.10 -11.79 -7.48 -3.17 1.14 5.45
2045.00 -29.13 -24.81 -20.50 -16.18 -11.87 -7.55 -3.24 1.07 5.38
2046.00 -29.25 -24.93 -20.61 -16.28 -11.96 -7.65 -3.33 0.99 5.31
2047.00 -29.28 -24.96 -20.64 -16.32 -12.00 -7.69 -3.37 0.94 5.26
2048.00 -29.39 -25.06 -20.74 -16.42 -12.10 -7.78 -3.46 0.86 5.18
2049.00 -29.35 -25.03 -20.70 -16.38 -12.05 -7.73 -3.41 0.91 5.23
2050.00 -29.37 -25.04 -20.71 -16.38 -12.06 -7.73 -3.41 0.91 5.24
2051.00 -29.31 -24.99 -20.67 -16.35 -12.03 -7.71 -3.39 0.93 5.25
2052.00 -29.23 -24.91 -20.59 -16.26 -11.94 -7.62 -3.30 1.02 5.33
2053.00 -29.17 -24.86 -20.55 -16.24 -11.93 -7.62 -3.31 1.00 5.31
2054.00 -29.15 -24.84 -20.53 -16.22 -11.91 -7.60 -3.30 1.01 5.31
2055.00 -29.01 -24.71 -20.41 -16.10 -11.80 -7.50 -3.21 1.09 5.39
2056.00 -29.13 -24.82 -20.52 -16.22 -11.92 -7.62 -3.32 0.98 5.27
2057.00 -29.07 -24.78 -20.49 -16.19 -11.90 -7.62 -3.33 0.96 5.24
2058.00 -29.14 -24.84 -20.55 -16.26 -11.97 -7.69 -3.40 0.89 5.17
2059.00 -29.14 -24.86 -20.58 -16.30 -12.03 -7.75 -3.48 0.80 5.07
2060.00 -29.16 -24.88 -20.60 -16.33 -12.05 -7.78 -3.51 0.76 5.03
2061.00 -29.00 -24.73 -20.46 -16.19 -11.92 -7.66 -3.39 0.87 5.13
2062.00 -29.08 -24.81 -20.54 -16.27 -12.00 -7.74 -3.47 0.79 5.06
2063.00 -28.95 -24.68 -20.42 -16.16 -11.90 -7.64 -3.38 0.88 5.13
2064.00 -29.01 -24.76 -20.50 -16.25 -12.00 -7.75 -3.50 0.75 4.99
2065.00 -28.89 -24.65 -20.41 -16.17 -11.94 -7.70 -3.47 0.76 4.99
