# yearspad, alpred
# [0.3 0.4 0.5 0.6 0.7 0.8 0.9 1.  1.1]
1922.00 -20.99 -16.76 -12.52 -8.29 -4.06 0.18 4.41 8.64 12.87
1923.00 -21.20 -16.98 -12.77 -8.56 -4.35 -0.13 4.07 8.28 12.49
1924.00 -21.18 -16.99 -12.80 -8.60 -4.41 -0.22 3.97 8.16 12.34
1925.00 -21.14 -17.00 -12.86 -8.72 -4.58 -0.44 3.70 7.83 11.97
1926.00 -21.26 -17.18 -13.09 -9.00 -4.92 -0.83 3.25 7.34 11.42
1927.00 -21.38 -17.36 -13.34 -9.31 -5.29 -1.27 2.75 6.77 10.79
1928.00 -21.21 -17.26 -13.31 -9.36 -5.41 -1.45 2.50 6.44 10.39
1929.00 -21.14 -17.29 -13.44 -9.58 -5.73 -1.87 1.98 5.82 9.67
1930.00 -20.85 -17.12 -13.38 -9.65 -5.91 -2.17 1.56 5.29 9.02
1931.00 -20.47 -16.89 -13.31 -9.73 -6.15 -2.57 1.01 4.58 8.16
1932.00 -19.92 -16.49 -13.06 -9.63 -6.20 -2.76 0.67 4.09 7.52
1933.00 -19.49 -16.23 -12.97 -9.71 -6.44 -3.18 0.08 3.33 6.59
1934.00 -18.71 -15.64 -12.56 -9.48 -6.40 -3.32 -0.25 2.82 5.90
1935.00 -17.73 -14.89 -12.05 -9.21 -6.38 -3.54 -0.70 2.13 4.97
1936.00 -16.79 -14.21 -11.63 -9.05 -6.47 -3.88 -1.30 1.27 3.85
1937.00 -15.65 -13.34 -11.03 -8.71 -6.40 -4.09 -1.78 0.53 2.84
1938.00 -14.15 -12.09 -10.04 -7.98 -5.92 -3.86 -1.81 0.25 2.30
1939.00 -12.65 -10.89 -9.13 -7.36 -5.60 -3.83 -2.07 -0.31 1.46
1940.00 -11.15 -9.68 -8.22 -6.75 -5.28 -3.81 -2.34 -0.87 0.59
1941.00 -9.54 -8.42 -7.30 -6.19 -5.07 -3.95 -2.83 -1.72 -0.61
1942.00 -7.66 -6.89 -6.12 -5.34 -4.57 -3.80 -3.02 -2.26 -1.49
1943.00 -5.73 -5.33 -4.93 -4.54 -4.14 -3.74 -3.35 -2.96 -2.56
1944.00 -3.98 -3.94 -3.90 -3.86 -3.82 -3.78 -3.74 -3.70 -3.66
1945.00 -2.15 -2.49 -2.82 -3.15 -3.48 -3.81 -4.15 -4.48 -4.82
1946.00 0.08 -0.64 -1.35 -2.07 -2.79 -3.50 -4.22 -4.94 -5.66
1947.00 1.72 0.59 -0.53 -1.65 -2.78 -3.90 -5.02 -6.15 -7.27
1948.00 4.11 2.56 1.00 -0.55 -2.10 -3.65 -5.20 -6.76 -8.31
1949.00 6.07 4.10 2.12 0.15 -1.83 -3.80 -5.78 -7.75 -9.73
1950.00 8.28 5.88 3.48 1.08 -1.32 -3.72 -6.12 -8.52 -10.92
1951.00 9.93 7.13 4.33 1.53 -1.27 -4.07 -6.86 -9.67 -12.47
1952.00 12.32 9.06 5.81 2.55 -0.70 -3.96 -7.21 -10.47 -13.73
1953.00 14.27 10.55 6.83 3.10 -0.62 -4.34 -8.07 -11.79 -15.52
1954.00 16.53 12.31 8.10 3.88 -0.34 -4.55 -8.77 -12.99 -17.20
1955.00 18.67 14.01 9.34 4.67 0.01 -4.66 -9.33 -14.00 -18.67
1956.00 21.20 16.08 10.96 5.83 0.71 -4.41 -9.53 -14.66 -19.78
1957.00 23.41 17.84 12.27 6.71 1.14 -4.43 -10.00 -15.57 -21.14
1958.00 25.89 19.84 13.78 7.73 1.68 -4.37 -10.43 -16.48 -22.54
1959.00 28.43 21.86 15.29 8.73 2.16 -4.41 -10.97 -17.54 -24.11
1960.00 30.52 23.46 16.40 9.34 2.27 -4.79 -11.85 -18.91 -25.97
1961.00 33.00 25.47 17.93 10.40 2.87 -4.67 -12.20 -19.74 -27.27
1962.00 35.63 27.61 19.58 11.56 3.54 -4.48 -12.50 -20.52 -28.55
1963.00 38.01 29.47 20.93 12.39 3.85 -4.69 -13.23 -21.77 -30.31
1964.00 40.41 31.33 22.26 13.19 4.12 -4.95 -14.02 -23.09 -32.16
1965.00 43.15 33.57 23.98 14.40 4.81 -4.77 -14.36 -23.94 -33.53
1966.00 45.64 35.55 25.46 15.36 5.27 -4.82 -14.91 -25.00 -35.10
1967.00 47.96 37.38 26.79 16.20 5.61 -4.98 -15.57 -26.16 -36.74
1968.00 50.75 39.62 28.49 17.36 6.23 -4.90 -16.03 -27.15 -38.28
1969.00 53.28 41.63 29.97 18.31 6.65 -5.01 -16.67 -28.32 -39.98
1970.00 92.71 92.71 92.71 92.71 92.72 92.72 92.72 92.72 92.73
1971.00 96.72 96.72 96.72 96.71 96.71 96.71 96.71 96.71 96.71
1972.00 102.94 102.94 102.94 102.95 102.95 102.95 102.96 102.96 102.96
1973.00 103.55 103.55 103.55 103.55 103.55 103.55 103.55 103.55 103.55
1974.00 108.42 108.42 108.42 108.42 108.42 108.42 108.42 108.42 108.42
1975.00 113.46 113.46 113.46 113.45 113.45 113.45 113.45 113.45 113.45
1976.00 116.66 116.66 116.67 116.67 116.68 116.68 116.68 116.69 116.69
1977.00 115.64 115.64 115.64 115.64 115.64 115.64 115.65 115.65 115.65
1978.00 116.90 116.90 116.90 116.90 116.90 116.90 116.91 116.91 116.91
1979.00 117.35 117.35 117.34 117.34 117.34 117.33 117.33 117.33 117.32
1980.00 114.74 114.74 114.74 114.74 114.74 114.74 114.74 114.74 114.74
1981.00 115.67 115.67 115.67 115.68 115.68 115.68 115.69 115.69 115.69
1982.00 113.00 113.00 113.01 113.01 113.02 113.02 113.03 113.03 113.04
1983.00 109.80 109.81 109.81 109.81 109.81 109.81 109.81 109.81 109.81
1984.00 105.71 105.70 105.69 105.69 105.68 105.67 105.67 105.66 105.66
1985.00 104.33 104.33 104.33 104.34 104.34 104.34 104.34 104.34 104.34
1986.00 97.08 97.08 97.08 97.08 97.08 97.08 97.08 97.08 97.08
1987.00 95.77 95.77 95.78 95.78 95.78 95.79 95.79 95.79 95.79
1988.00 91.44 91.52 91.60 91.69 91.77 91.85 91.94 92.02 92.11
1989.00 87.92 88.12 88.32 88.53 88.73 88.93 89.14 89.34 89.54
1990.00 83.71 84.01 84.31 84.61 84.91 85.21 85.51 85.81 86.11
1991.00 80.67 81.24 81.81 82.39 82.96 83.53 84.10 84.68 85.25
1992.00 77.76 78.71 79.66 80.61 81.57 82.52 83.47 84.42 85.37
1993.00 74.79 76.10 77.41 78.72 80.04 81.35 82.66 83.97 85.29
1994.00 71.80 73.48 75.15 76.83 78.51 80.19 81.87 83.55 85.22
1995.00 69.21 71.39 73.57 75.75 77.93 80.11 82.29 84.48 86.66
1996.00 65.85 68.34 70.83 73.32 75.81 78.30 80.79 83.28 85.77
1997.00 63.33 66.26 69.19 72.12 75.05 77.97 80.90 83.83 86.76
1998.00 60.60 63.84 67.08 70.32 73.55 76.79 80.03 83.27 86.50
1999.00 56.89 60.30 63.70 67.10 70.51 73.91 77.31 80.72 84.12
2000.00 53.05 56.45 59.85 63.24 66.64 70.03 73.43 76.83 80.23
2001.00 50.11 53.69 57.27 60.85 64.43 68.01 71.59 75.17 78.75
2002.00 47.01 50.87 54.73 58.59 62.45 66.30 70.16 74.02 77.88
2003.00 44.35 48.49 52.64 56.79 60.93 65.08 69.23 73.37 77.52
2004.00 40.56 44.64 48.73 52.82 56.90 60.99 65.07 69.16 73.25
2005.00 38.01 42.41 46.81 51.22 55.62 60.02 64.42 68.82 73.23
2006.00 34.96 39.64 44.32 49.00 53.67 58.35 63.03 67.71 72.39
2007.00 32.60 37.50 42.40 47.30 52.20 57.09 61.99 66.89 71.79
2008.00 29.08 33.95 38.82 43.69 48.56 53.42 58.29 63.16 68.03
2009.00 26.07 31.02 35.97 40.91 45.86 50.80 55.75 60.70 65.65
2010.00 22.15 26.98 31.81 36.63 41.46 46.29 51.12 55.95 60.78
2011.00 19.75 24.81 29.87 34.93 40.00 45.05 50.12 55.18 60.24
2012.00 16.96 22.25 27.54 32.83 38.12 43.41 48.70 53.99 59.28
2013.00 14.18 19.62 25.06 30.50 35.93 41.37 46.80 52.24 57.69
2014.00 11.61 17.17 22.72 28.27 33.83 39.38 44.93 50.48 56.04
2015.00 9.50 15.36 21.22 27.08 32.94 38.79 44.65 50.51 56.37
2016.00 7.38 13.45 19.53 25.60 31.68 37.75 43.82 49.90 55.98
2017.00 4.91 11.16 17.41 23.67 29.92 36.17 42.42 48.68 54.93
2018.00 -9.73 -7.55 -5.36 -3.18 -1.00 1.17 3.35 5.53 7.72
2019.00 -11.66 -9.22 -6.78 -4.34 -1.91 0.52 2.96 5.40 7.84
2020.00 -13.02 -10.35 -7.67 -5.00 -2.33 0.34 3.01 5.69 8.36
2021.00 -14.50 -11.61 -8.72 -5.83 -2.94 -0.06 2.83 5.72 8.61
2022.00 -15.69 -12.60 -9.50 -6.41 -3.32 -0.23 2.86 5.96 9.05
2023.00 -17.00 -13.71 -10.42 -7.13 -3.85 -0.56 2.72 6.01 9.30
2024.00 -17.89 -14.43 -10.98 -7.52 -4.06 -0.61 2.85 6.31 9.77
2025.00 -18.64 -15.06 -11.47 -7.88 -4.30 -0.71 2.87 6.46 10.05
2026.00 -19.17 -15.47 -11.77 -8.07 -4.37 -0.68 3.02 6.72 10.42
2027.00 -19.90 -16.10 -12.29 -8.49 -4.69 -0.89 2.91 6.71 10.52
2028.00 -20.10 -16.18 -12.26 -8.35 -4.43 -0.52 3.39 7.31 11.23
2029.00 -20.38 -16.38 -12.39 -8.39 -4.39 -0.40 3.59 7.59 11.58
2030.00 -20.70 -16.64 -12.59 -8.53 -4.47 -0.42 3.64 7.69 11.75
2031.00 -20.83 -16.74 -12.64 -8.55 -4.46 -0.38 3.71 7.80 11.90
2032.00 -20.83 -16.70 -12.58 -8.45 -4.33 -0.21 3.91 8.03 12.16
2033.00 -21.00 -16.84 -12.67 -8.50 -4.34 -0.17 3.99 8.16 12.33
2034.00 -20.87 -16.65 -12.44 -8.23 -4.02 0.19 4.39 8.60 12.82
2035.00 -20.95 -16.72 -12.49 -8.26 -4.03 0.20 4.42 8.65 12.89
2036.00 -20.93 -16.68 -12.43 -8.19 -3.94 0.30 4.54 8.79 13.04
2037.00 -21.00 -16.75 -12.50 -8.24 -3.99 0.26 4.51 8.76 13.02
2038.00 -21.00 -16.73 -12.46 -8.18 -3.91 0.36 4.63 8.90 13.17
2039.00 -21.02 -16.74 -12.46 -8.18 -3.90 0.38 4.65 8.93 13.21
2040.00 -21.04 -16.75 -12.46 -8.16 -3.87 0.41 4.70 8.99 13.28
2041.00 -21.11 -16.82 -12.53 -8.24 -3.95 0.34 4.63 8.92 13.21
2042.00 -21.10 -16.80 -12.50 -8.20 -3.90 0.40 4.69 8.99 13.29
2043.00 -21.25 -16.95 -12.64 -8.33 -4.03 0.28 4.58 8.88 13.19
2044.00 -21.20 -16.88 -12.56 -8.24 -3.92 0.39 4.71 9.03 13.35
2045.00 -21.38 -17.06 -12.74 -8.42 -4.10 0.23 4.54 8.86 13.19
2046.00 -21.45 -17.13 -12.80 -8.47 -4.15 0.18 4.50 8.82 13.15
2047.00 -21.52 -17.19 -12.87 -8.55 -4.22 0.10 4.42 8.74 13.06
2048.00 -21.52 -17.19 -12.86 -8.54 -4.21 0.12 4.44 8.76 13.09
2049.00 -21.68 -17.35 -13.02 -8.69 -4.36 -0.03 4.29 8.62 12.94
2050.00 -21.57 -17.24 -12.91 -8.58 -4.24 0.09 4.41 8.74 13.07
2051.00 -21.62 -17.29 -12.97 -8.64 -4.32 0.01 4.33 8.65 12.98
2052.00 -21.62 -17.29 -12.97 -8.64 -4.31 0.01 4.34 8.66 12.98
2053.00 -21.58 -17.26 -12.95 -8.63 -4.31 0.00 4.31 8.62 12.94
2054.00 -21.48 -17.17 -12.85 -8.54 -4.23 0.09 4.39 8.70 13.02
2055.00 -21.49 -17.18 -12.88 -8.57 -4.27 0.04 4.34 8.64 12.95
2056.00 -21.39 -17.08 -12.77 -8.47 -4.16 0.15 4.45 8.75 13.06
2057.00 -21.38 -17.08 -12.79 -8.49 -4.20 0.10 4.39 8.68 12.98
2058.00 -21.29 -17.00 -12.70 -8.41 -4.11 0.19 4.48 8.77 13.06
2059.00 -21.22 -16.94 -12.66 -8.37 -4.09 0.19 4.47 8.75 13.03
2060.00 -21.16 -16.88 -12.60 -8.32 -4.04 0.24 4.52 8.80 13.08
2061.00 -21.18 -16.91 -12.63 -8.36 -4.08 0.19 4.46 8.73 13.00
2062.00 -21.04 -16.76 -12.49 -8.21 -3.94 0.34 4.61 8.88 13.15
2063.00 -21.11 -16.84 -12.57 -8.30 -4.04 0.23 4.50 8.76 13.02
2064.00 -21.05 -16.79 -12.53 -8.27 -4.01 0.25 4.51 8.76 13.02
2065.00 -21.05 -16.81 -12.56 -8.32 -4.08 0.17 4.41 8.65 12.89
