# yearspad, alpred
# [0.3 0.4 0.5 0.6 0.7 0.8 0.9 1.  1.1]
1922.00 -28.75 -24.51 -20.27 -16.03 -11.80 -7.56 -3.33 0.90 5.13
1923.00 -29.15 -24.93 -20.71 -16.50 -12.29 -8.07 -3.86 0.35 4.55
1924.00 -28.70 -24.50 -20.31 -16.11 -11.92 -7.73 -3.54 0.65 4.83
1925.00 -28.71 -24.57 -20.43 -16.29 -12.15 -8.02 -3.88 0.25 4.39
1926.00 -28.42 -24.34 -20.25 -16.17 -12.08 -7.99 -3.91 0.17 4.25
1927.00 -28.16 -24.14 -20.12 -16.10 -12.08 -8.06 -4.04 -0.03 3.99
1928.00 -27.78 -23.83 -19.88 -15.93 -11.98 -8.04 -4.09 -0.15 3.79
1929.00 -28.23 -24.39 -20.54 -16.69 -12.85 -9.00 -5.16 -1.32 2.52
1930.00 -27.31 -23.59 -19.86 -16.13 -12.41 -8.68 -4.96 -1.23 2.48
1931.00 -27.35 -23.78 -20.21 -16.64 -13.08 -9.51 -5.95 -2.38 1.18
1932.00 -26.81 -23.39 -19.98 -16.56 -13.14 -9.73 -6.32 -2.90 0.50
1933.00 -25.95 -22.71 -19.46 -16.22 -12.97 -9.73 -6.49 -3.25 -0.02
1934.00 -25.42 -22.37 -19.32 -16.26 -13.20 -10.14 -7.09 -4.04 -0.99
1935.00 -24.47 -21.67 -18.85 -16.04 -13.23 -10.42 -7.61 -4.80 -2.00
1936.00 -23.58 -21.04 -18.49 -15.94 -13.39 -10.84 -8.29 -5.75 -3.20
1937.00 -22.66 -20.39 -18.11 -15.83 -13.56 -11.28 -9.01 -6.74 -4.47
1938.00 -20.26 -18.25 -16.23 -14.20 -12.18 -10.16 -8.15 -6.13 -4.12
1939.00 -20.77 -19.06 -17.34 -15.62 -13.90 -12.19 -10.47 -8.76 -7.04
1940.00 -19.21 -17.80 -16.38 -14.96 -13.54 -12.13 -10.71 -9.29 -7.88
1941.00 -17.95 -16.90 -15.84 -14.78 -13.72 -12.66 -11.60 -10.54 -9.49
1942.00 -16.84 -16.14 -15.42 -14.71 -14.00 -13.29 -12.58 -11.87 -11.16
1943.00 -14.03 -13.70 -13.37 -13.03 -12.69 -12.36 -12.03 -11.70 -11.37
1944.00 -12.10 -12.13 -12.16 -12.18 -12.20 -12.23 -12.25 -12.28 -12.31
1945.00 -10.39 -10.80 -11.20 -11.60 -12.00 -12.40 -12.81 -13.21 -13.61
1946.00 -7.87 -8.67 -9.46 -10.25 -11.03 -11.82 -12.62 -13.41 -14.20
1947.00 -6.53 -7.73 -8.93 -10.12 -11.32 -12.52 -13.72 -14.91 -16.11
1948.00 -3.08 -4.71 -6.33 -7.95 -9.57 -11.20 -12.82 -14.45 -16.07
1949.00 -1.42 -3.48 -5.53 -7.58 -9.62 -11.67 -13.73 -15.78 -17.83
1950.00 1.49 -1.00 -3.47 -5.93 -8.40 -10.87 -13.35 -15.82 -18.29
1951.00 3.77 0.88 -1.99 -4.86 -7.73 -10.60 -13.48 -16.35 -19.23
1952.00 7.24 3.91 0.59 -2.74 -6.06 -9.38 -12.71 -16.04 -19.36
1953.00 8.50 4.69 0.90 -2.89 -6.69 -10.48 -14.28 -18.07 -21.87
1954.00 13.43 9.15 4.87 0.60 -3.68 -7.96 -12.24 -16.52 -20.80
1955.00 15.60 10.86 6.13 1.41 -3.32 -8.05 -12.79 -17.52 -22.25
1956.00 19.19 14.00 8.82 3.64 -1.54 -6.72 -11.90 -17.08 -22.27
1957.00 20.80 15.17 9.54 3.92 -1.71 -7.34 -12.96 -18.59 -24.22
1958.00 24.16 18.05 11.95 5.84 -0.26 -6.36 -12.47 -18.58 -24.68
1959.00 27.14 20.52 13.91 7.29 0.68 -5.93 -12.55 -19.16 -25.78
1960.00 29.99 22.88 15.78 8.68 1.58 -5.52 -12.63 -19.73 -26.84
1961.00 34.22 26.65 19.08 11.51 3.95 -3.62 -11.19 -18.76 -26.33
1962.00 37.44 29.38 21.33 13.28 5.23 -2.82 -10.88 -18.93 -26.98
1963.00 40.11 31.54 22.98 14.42 5.85 -2.71 -11.28 -19.84 -28.41
1964.00 42.93 33.84 24.74 15.65 6.56 -2.53 -11.62 -20.71 -29.81
1965.00 46.66 37.07 27.47 17.88 8.28 -1.32 -10.91 -20.51 -30.10
1966.00 49.99 39.89 29.79 19.70 9.60 -0.50 -10.60 -20.69 -30.79
1967.00 52.55 41.96 31.37 20.79 10.20 -0.39 -10.98 -21.57 -32.16
1968.00 56.12 44.99 33.87 22.74 11.61 0.49 -10.64 -21.77 -32.89
1969.00 59.47 47.82 36.16 24.51 12.86 1.21 -10.44 -22.10 -33.75
1970.00 99.82 99.82 99.83 99.83 99.83 99.83 99.84 99.84 99.84
1971.00 106.29 106.29 106.28 106.28 106.28 106.28 106.28 106.28 106.27
1972.00 111.42 111.42 111.42 111.43 111.43 111.43 111.44 111.44 111.44
1973.00 109.78 109.77 109.77 109.77 109.77 109.77 109.77 109.77 109.77
1974.00 114.80 114.80 114.80 114.80 114.80 114.80 114.80 114.80 114.80
1975.00 117.40 117.39 117.39 117.39 117.39 117.39 117.38 117.38 117.38
1976.00 121.70 121.71 121.71 121.72 121.72 121.73 121.73 121.74 121.74
1977.00 124.60 124.60 124.60 124.60 124.61 124.61 124.61 124.61 124.61
1978.00 127.27 127.27 127.27 127.28 127.28 127.28 127.28 127.28 127.28
1979.00 127.24 127.23 127.23 127.23 127.22 127.22 127.22 127.21 127.21
1980.00 130.32 130.32 130.32 130.32 130.32 130.32 130.32 130.32 130.32
1981.00 129.18 129.18 129.18 129.19 129.19 129.19 129.20 129.20 129.20
1982.00 131.34 131.34 131.34 131.35 131.35 131.36 131.36 131.37 131.37
1983.00 129.01 129.01 129.02 129.02 129.02 129.02 129.02 129.02 129.02
1984.00 125.12 125.12 125.11 125.10 125.10 125.09 125.09 125.08 125.07
1985.00 128.42 128.42 128.42 128.42 128.42 128.42 128.42 128.43 128.43
1986.00 108.48 108.48 108.48 108.49 108.49 108.49 108.49 108.49 108.49
1987.00 130.24 130.24 130.25 130.25 130.25 130.25 130.25 130.26 130.26
1988.00 123.93 124.00 124.08 124.15 124.23 124.30 124.38 124.45 124.53
1989.00 122.07 122.25 122.44 122.62 122.80 122.99 123.17 123.35 123.54
1990.00 116.70 116.98 117.27 117.55 117.83 118.12 118.40 118.68 118.97
1991.00 113.51 114.08 114.64 115.20 115.76 116.33 116.89 117.45 118.01
1992.00 108.40 109.34 110.28 111.21 112.15 113.09 114.02 114.96 115.90
1993.00 105.48 106.78 108.06 109.35 110.63 111.92 113.21 114.49 115.78
1994.00 101.05 102.71 104.36 106.02 107.67 109.33 110.99 112.64 114.30
1995.00 97.71 99.87 102.01 104.16 106.31 108.45 110.60 112.74 114.89
1996.00 93.00 95.46 97.91 100.36 102.81 105.26 107.71 110.16 112.62
1997.00 89.53 92.42 95.30 98.18 101.05 103.93 106.81 109.68 112.56
1998.00 86.33 89.52 92.70 95.88 99.06 102.24 105.43 108.61 111.79
1999.00 81.51 84.86 88.20 91.53 94.87 98.21 101.54 104.88 108.22
2000.00 76.75 80.09 83.41 86.74 90.06 93.38 96.71 100.03 103.36
2001.00 72.83 76.37 79.89 83.40 86.92 90.44 93.96 97.47 100.99
2002.00 67.83 71.64 75.43 79.21 83.00 86.79 90.58 94.36 98.15
2003.00 64.51 68.62 72.71 76.80 80.89 84.97 89.07 93.15 97.25
2004.00 60.48 64.52 68.53 72.54 76.55 80.57 84.58 88.60 92.61
2005.00 57.16 61.51 65.83 70.16 74.48 78.81 83.14 87.46 91.79
2006.00 53.62 58.23 62.83 67.42 72.02 76.61 81.21 85.81 90.41
2007.00 49.71 54.51 59.28 64.06 68.83 73.61 78.38 83.16 87.94
2008.00 44.80 49.63 54.43 59.23 64.03 68.83 73.63 78.44 83.24
2009.00 41.16 46.05 50.91 55.78 60.65 65.51 70.38 75.25 80.12
2010.00 36.43 41.21 45.96 50.72 55.47 60.22 64.98 69.74 74.49
2011.00 32.93 37.93 42.91 47.89 52.87 57.85 62.83 67.81 72.80
2012.00 28.34 33.57 38.79 44.00 49.21 54.42 59.63 64.85 70.07
2013.00 25.99 31.38 36.75 42.12 47.49 52.85 58.22 63.59 68.96
2014.00 22.48 28.00 33.49 38.98 44.47 49.97 55.46 60.96 66.45
2015.00 19.93 25.76 31.55 37.35 43.15 48.94 54.74 60.54 66.35
2016.00 17.59 23.64 29.67 35.70 41.72 47.74 53.77 59.80 65.83
2017.00 13.48 19.71 25.91 32.12 38.32 44.52 50.72 56.93 63.13
2018.00 -1.65 0.55 2.72 4.89 7.05 9.22 11.39 13.56 15.73
2019.00 -5.51 -3.05 -0.63 1.80 4.22 6.65 9.07 11.50 13.93
2020.00 -6.13 -3.43 -0.76 1.91 4.58 7.25 9.92 12.59 15.26
2021.00 -8.48 -5.57 -2.68 0.21 3.09 5.98 8.86 11.75 14.64
2022.00 -10.28 -7.16 -4.06 -0.97 2.12 5.21 8.30 11.39 14.48
2023.00 -12.83 -9.51 -6.23 -2.94 0.35 3.63 6.92 10.21 13.50
2024.00 -13.68 -10.19 -6.73 -3.26 0.20 3.66 7.12 10.58 14.05
2025.00 -17.01 -13.39 -9.80 -6.21 -2.63 0.96 4.55 8.14 11.73
2026.00 -17.79 -14.06 -10.35 -6.65 -2.95 0.75 4.45 8.15 11.86
2027.00 -19.86 -16.03 -12.22 -8.42 -4.61 -0.81 3.00 6.80 10.61
2028.00 -21.02 -17.07 -13.15 -9.24 -5.32 -1.40 2.52 6.43 10.36
2029.00 -22.24 -18.21 -14.22 -10.22 -6.22 -2.22 1.78 5.78 9.78
2030.00 -24.06 -19.97 -15.91 -11.85 -7.79 -3.73 0.33 4.38 8.45
2031.00 -24.44 -20.31 -16.22 -12.12 -8.03 -3.94 0.16 4.25 8.35
2032.00 -24.84 -20.68 -16.55 -12.43 -8.31 -4.18 -0.06 4.07 8.20
2033.00 -26.42 -22.22 -18.05 -13.88 -9.71 -5.55 -1.38 2.79 6.96
2034.00 -25.65 -21.41 -17.19 -12.98 -8.77 -4.55 -0.34 3.87 8.09
2035.00 -27.72 -23.46 -19.23 -15.00 -10.77 -6.54 -2.31 1.92 6.16
2036.00 -28.21 -23.93 -19.69 -15.44 -11.19 -6.95 -2.70 1.55 5.80
2037.00 -28.38 -24.09 -19.83 -15.58 -11.32 -7.07 -2.82 1.44 5.69
2038.00 -28.55 -24.25 -19.97 -15.70 -11.42 -7.15 -2.88 1.40 5.67
2039.00 -28.81 -24.49 -20.21 -15.93 -11.65 -7.37 -3.09 1.19 5.47
2040.00 -28.91 -24.59 -20.29 -16.00 -11.70 -7.41 -3.12 1.17 5.47
2041.00 -29.05 -24.72 -20.43 -16.13 -11.84 -7.55 -3.25 1.04 5.34
2042.00 -28.65 -24.32 -20.01 -15.71 -11.40 -7.10 -2.80 1.50 5.81
2043.00 -29.14 -24.80 -20.48 -16.17 -11.86 -7.55 -3.24 1.07 5.38
2044.00 -28.71 -24.36 -20.03 -15.71 -11.38 -7.06 -2.73 1.59 5.92
2045.00 -28.94 -24.58 -20.25 -15.92 -11.59 -7.26 -2.93 1.39 5.72
2046.00 -29.00 -24.64 -20.30 -15.97 -11.63 -7.30 -2.97 1.36 5.69
2047.00 -29.16 -24.81 -20.47 -16.14 -11.81 -7.48 -3.15 1.18 5.50
2048.00 -28.79 -24.43 -20.09 -15.76 -11.42 -7.09 -2.76 1.58 5.91
2049.00 -29.28 -24.92 -20.58 -16.24 -11.91 -7.57 -3.24 1.10 5.43
2050.00 -29.00 -24.64 -20.29 -15.95 -11.61 -7.28 -2.94 1.40 5.74
2051.00 -29.51 -25.16 -20.82 -16.49 -12.16 -7.82 -3.49 0.84 5.17
2052.00 -29.20 -24.85 -20.51 -16.17 -11.84 -7.50 -3.17 1.16 5.49
2053.00 -29.36 -25.02 -20.69 -16.37 -12.04 -7.72 -3.40 0.92 5.24
2054.00 -29.13 -24.80 -20.47 -16.15 -11.83 -7.51 -3.19 1.13 5.44
2055.00 -29.33 -25.00 -20.68 -16.37 -12.06 -7.74 -3.43 0.88 5.19
2056.00 -28.92 -24.59 -20.27 -15.96 -11.64 -7.33 -3.02 1.30 5.60
2057.00 -29.25 -24.93 -20.63 -16.32 -12.02 -7.72 -3.42 0.88 5.18
2058.00 -29.24 -24.93 -20.62 -16.32 -12.02 -7.72 -3.42 0.88 5.17
2059.00 -29.23 -24.93 -20.63 -16.34 -12.06 -7.77 -3.48 0.80 5.09
2060.00 -29.08 -24.78 -20.49 -16.20 -11.92 -7.63 -3.35 0.94 5.22
2061.00 -29.46 -25.17 -20.89 -16.61 -12.33 -8.05 -3.78 0.50 4.77
2062.00 -29.21 -24.93 -20.64 -16.36 -12.08 -7.81 -3.53 0.75 5.02
2063.00 -29.38 -25.10 -20.82 -16.55 -12.28 -8.01 -3.74 0.53 4.79
2064.00 -29.14 -24.87 -20.60 -16.34 -12.08 -7.82 -3.56 0.70 4.95
2065.00 -29.36 -25.11 -20.86 -16.61 -12.37 -8.12 -3.88 0.36 4.60
