# yearspad, alpred
# [0.3 0.4 0.5 0.6 0.7 0.8 0.9 1.  1.1]
1922.00 -25.12 -20.90 -16.69 -12.47 -8.25 -4.03 0.20 4.41 8.63
1923.00 -24.82 -20.62 -16.42 -12.22 -8.02 -3.82 0.38 4.57 8.77
1924.00 -24.43 -20.25 -16.07 -11.89 -7.71 -3.53 0.65 4.83 9.01
1925.00 -23.95 -19.82 -15.70 -11.57 -7.44 -3.31 0.82 4.95 9.08
1926.00 -23.72 -19.65 -15.57 -11.49 -7.41 -3.34 0.74 4.82 8.89
1927.00 -23.32 -19.31 -15.30 -11.28 -7.27 -3.25 0.76 4.77 8.79
1928.00 -23.20 -19.25 -15.31 -11.37 -7.42 -3.48 0.47 4.41 8.35
1929.00 -22.88 -19.03 -15.19 -11.34 -7.50 -3.65 0.20 4.04 7.88
1930.00 -22.56 -18.83 -15.11 -11.38 -7.65 -3.92 -0.19 3.54 7.27
1931.00 -21.99 -18.42 -14.85 -11.27 -7.70 -4.12 -0.54 3.03 6.60
1932.00 -21.49 -18.06 -14.64 -11.21 -7.79 -4.36 -0.93 2.49 5.92
1933.00 -20.76 -17.51 -14.25 -10.99 -7.74 -4.48 -1.22 2.03 5.29
1934.00 -20.15 -17.07 -14.00 -10.93 -7.85 -4.78 -1.70 1.37 4.44
1935.00 -18.89 -16.06 -13.22 -10.39 -7.55 -4.71 -1.88 0.96 3.79
1936.00 -17.50 -14.92 -12.34 -9.76 -7.18 -4.59 -2.01 0.57 3.15
1937.00 -16.24 -13.93 -11.62 -9.31 -7.00 -4.68 -2.37 -0.06 2.25
1938.00 -14.76 -12.70 -10.64 -8.58 -6.53 -4.47 -2.41 -0.35 1.70
1939.00 -13.19 -11.43 -9.66 -7.90 -6.13 -4.36 -2.60 -0.83 0.93
1940.00 -11.75 -10.28 -8.81 -7.34 -5.87 -4.40 -2.93 -1.46 0.01
1941.00 -9.31 -8.19 -7.07 -5.95 -4.82 -3.70 -2.58 -1.46 -0.34
1942.00 -7.26 -6.48 -5.70 -4.92 -4.15 -3.37 -2.59 -1.81 -1.03
1943.00 -4.94 -4.53 -4.13 -3.73 -3.32 -2.92 -2.51 -2.11 -1.71
1944.00 -2.75 -2.70 -2.65 -2.60 -2.55 -2.50 -2.45 -2.41 -2.36
1945.00 -0.31 -0.63 -0.95 -1.27 -1.59 -1.91 -2.23 -2.55 -2.88
1946.00 1.91 1.20 0.50 -0.21 -0.91 -1.61 -2.32 -3.02 -3.73
1947.00 4.66 3.55 2.44 1.34 0.23 -0.88 -1.98 -3.09 -4.19
1948.00 7.18 5.64 4.11 2.57 1.04 -0.50 -2.03 -3.56 -5.10
1949.00 10.23 8.27 6.32 4.37 2.41 0.46 -1.49 -3.45 -5.40
1950.00 12.69 10.32 7.94 5.57 3.19 0.81 -1.56 -3.94 -6.32
1951.00 15.17 12.40 9.63 6.85 4.08 1.31 -1.46 -4.24 -7.01
1952.00 17.92 14.70 11.47 8.24 5.01 1.79 -1.44 -4.67 -7.90
1953.00 20.64 16.95 13.25 9.56 5.86 2.17 -1.52 -5.22 -8.91
1954.00 23.20 19.01 14.83 10.64 6.46 2.27 -1.91 -6.10 -10.29
1955.00 25.62 20.98 16.35 11.71 7.08 2.44 -2.19 -6.83 -11.47
1956.00 28.09 23.00 17.91 12.82 7.73 2.64 -2.45 -7.55 -12.64
1957.00 30.87 25.33 19.79 14.26 8.72 3.18 -2.35 -7.89 -13.43
1958.00 33.52 27.50 21.48 15.46 9.44 3.42 -2.60 -8.62 -14.64
1959.00 36.53 29.99 23.46 16.92 10.38 3.85 -2.68 -9.22 -15.76
1960.00 39.84 32.81 25.78 18.75 11.72 4.69 -2.33 -9.37 -16.40
1961.00 42.52 35.02 27.52 20.02 12.52 5.02 -2.48 -9.98 -17.49
1962.00 45.28 37.29 29.30 21.31 13.32 5.33 -2.66 -10.65 -18.64
1963.00 48.88 40.37 31.86 23.36 14.85 6.34 -2.16 -10.67 -19.18
1964.00 52.29 43.26 34.22 25.18 16.14 7.11 -1.93 -10.97 -20.01
1965.00 55.26 45.71 36.15 26.60 17.05 7.50 -2.05 -11.61 -21.16
1966.00 58.46 48.40 38.34 28.28 18.22 8.16 -1.90 -11.96 -22.02
1967.00 61.37 50.81 40.26 29.70 19.14 8.59 -1.97 -12.52 -23.08
1968.00 64.23 53.13 42.03 30.93 19.84 8.74 -2.36 -13.45 -24.55
1969.00 67.29 55.67 44.04 32.41 20.79 9.16 -2.47 -14.10 -25.72
1970.00 106.38 106.39 106.39 106.39 106.39 106.40 106.40 106.40 106.40
1971.00 108.85 108.85 108.84 108.84 108.84 108.84 108.84 108.84 108.83
1972.00 108.65 108.65 108.66 108.66 108.66 108.67 108.67 108.68 108.68
1973.00 110.43 110.42 110.42 110.42 110.42 110.42 110.42 110.42 110.42
1974.00 114.66 114.66 114.66 114.66 114.66 114.66 114.66 114.66 114.66
1975.00 116.05 116.04 116.04 116.04 116.04 116.04 116.04 116.04 116.03
1976.00 121.39 121.40 121.40 121.41 121.41 121.42 121.42 121.43 121.43
1977.00 124.18 124.18 124.18 124.19 124.19 124.19 124.19 124.19 124.19
1978.00 126.58 126.58 126.58 126.58 126.58 126.58 126.58 126.59 126.59
1979.00 126.43 126.43 126.43 126.42 126.42 126.42 126.41 126.41 126.40
1980.00 129.66 129.66 129.66 129.66 129.66 129.66 129.66 129.66 129.66
1981.00 129.04 129.05 129.05 129.05 129.06 129.06 129.06 129.07 129.07
1982.00 131.12 131.12 131.12 131.13 131.13 131.14 131.14 131.15 131.15
1983.00 126.34 126.34 126.34 126.34 126.34 126.34 126.34 126.35 126.35
1984.00 117.31 117.30 117.30 117.29 117.28 117.28 117.27 117.27 117.26
1985.00 115.89 115.89 115.89 115.89 115.90 115.90 115.90 115.90 115.90
1986.00 113.62 113.62 113.62 113.62 113.62 113.62 113.62 113.62 113.62
1987.00 105.85 105.86 105.86 105.86 105.86 105.87 105.87 105.87 105.88
1988.00 101.50 101.60 101.69 101.79 101.89 101.98 102.08 102.17 102.27
1989.00 96.41 96.62 96.83 97.04 97.25 97.47 97.68 97.89 98.10
1990.00 91.82 92.14 92.47 92.80 93.13 93.46 93.79 94.12 94.45
1991.00 87.87 88.48 89.10 89.72 90.34 90.96 91.58 92.20 92.82
1992.00 84.71 85.72 86.73 87.74 88.74 89.75 90.76 91.76 92.77
1993.00 81.48 82.84 84.20 85.56 86.91 88.27 89.63 90.98 92.34
1994.00 77.92 79.66 81.39 83.13 84.87 86.60 88.34 90.08 91.81
1995.00 75.01 77.26 79.52 81.77 84.02 86.28 88.53 90.79 93.04
1996.00 71.88 74.44 76.99 79.54 82.09 84.64 87.20 89.75 92.30
1997.00 68.62 71.61 74.60 77.58 80.57 83.55 86.54 89.52 92.51
1998.00 65.25 68.54 71.83 75.13 78.42 81.71 85.00 88.29 91.58
1999.00 61.56 65.02 68.48 71.94 75.40 78.86 82.32 85.77 89.23
2000.00 56.71 60.14 63.57 67.00 70.43 73.86 77.29 80.72 84.16
2001.00 52.69 56.32 59.95 63.58 67.21 70.85 74.48 78.11 81.74
2002.00 49.66 53.57 57.49 61.40 65.31 69.22 73.13 77.05 80.96
2003.00 46.40 50.59 54.78 58.98 63.17 67.36 71.55 75.74 79.94
2004.00 42.24 46.37 50.50 54.63 58.75 62.88 67.01 71.14 75.27
2005.00 38.92 43.37 47.81 52.25 56.70 61.14 65.58 70.03 74.47
2006.00 35.46 40.18 44.90 49.63 54.35 59.07 63.79 68.51 73.24
2007.00 32.56 37.49 42.41 47.34 52.27 57.20 62.12 67.05 71.98
2008.00 29.02 33.91 38.80 43.69 48.58 53.47 58.36 63.25 68.14
2009.00 25.79 30.76 35.73 40.70 45.68 50.65 55.61 60.58 65.56
2010.00 21.59 26.44 31.30 36.16 41.02 45.87 50.73 55.58 60.44
2011.00 18.90 23.98 29.06 34.14 39.22 44.30 49.37 54.45 59.53
2012.00 16.01 21.32 26.62 31.93 37.24 42.55 47.86 53.17 58.48
2013.00 13.38 18.83 24.29 29.74 35.20 40.65 46.11 51.56 57.02
2014.00 10.57 16.14 21.71 27.29 32.86 38.43 44.01 49.58 55.15
2015.00 8.60 14.48 20.35 26.22 32.10 37.97 43.84 49.72 55.59
2016.00 5.74 11.84 17.94 24.03 30.13 36.23 42.33 48.43 54.53
2017.00 3.10 9.37 15.65 21.92 28.19 34.46 40.73 47.00 53.27
2018.00 -11.82 -9.64 -7.46 -5.28 -3.10 -0.93 1.25 3.43 5.61
2019.00 -13.48 -11.05 -8.62 -6.18 -3.75 -1.32 1.11 3.55 5.98
2020.00 -15.40 -12.73 -10.06 -7.39 -4.72 -2.05 0.62 3.28 5.95
2021.00 -16.69 -13.81 -10.92 -8.04 -5.15 -2.27 0.61 3.50 6.38
2022.00 -18.33 -15.24 -12.15 -9.06 -5.98 -2.89 0.20 3.28 6.37
2023.00 -19.76 -16.47 -13.19 -9.91 -6.63 -3.35 -0.07 3.21 6.49
2024.00 -21.11 -17.66 -14.21 -10.76 -7.31 -3.86 -0.42 3.03 6.48
2025.00 -22.19 -18.62 -15.04 -11.46 -7.88 -4.31 -0.73 2.84 6.42
2026.00 -23.22 -19.53 -15.84 -12.16 -8.47 -4.78 -1.09 2.60 6.29
2027.00 -23.92 -20.12 -16.33 -12.54 -8.75 -4.95 -1.16 2.63 6.42
2028.00 -24.92 -21.02 -17.12 -13.21 -9.31 -5.41 -1.51 2.39 6.30
2029.00 -25.24 -21.26 -17.28 -13.29 -9.31 -5.33 -1.35 2.63 6.61
2030.00 -25.62 -21.58 -17.54 -13.49 -9.45 -5.41 -1.36 2.68 6.72
2031.00 -25.76 -21.69 -17.61 -13.53 -9.46 -5.38 -1.30 2.77 6.85
2032.00 -25.56 -21.45 -17.34 -13.23 -9.12 -5.01 -0.90 3.21 7.32
2033.00 -25.59 -21.44 -17.28 -13.13 -8.97 -4.82 -0.67 3.48 7.64
2034.00 -25.74 -21.54 -17.34 -13.15 -8.95 -4.75 -0.56 3.63 7.83
2035.00 -25.40 -21.18 -16.96 -12.75 -8.53 -4.31 -0.10 4.11 8.33
2036.00 -25.38 -21.15 -16.92 -12.68 -8.45 -4.22 0.01 4.24 8.47
2037.00 -25.33 -21.09 -16.85 -12.61 -8.37 -4.13 0.11 4.35 8.59
2038.00 -25.53 -21.27 -17.01 -12.75 -8.49 -4.24 0.02 4.28 8.54
2039.00 -25.48 -21.21 -16.95 -12.68 -8.42 -4.15 0.11 4.37 8.64
2040.00 -25.53 -21.25 -16.98 -12.70 -8.42 -4.14 0.13 4.40 8.68
2041.00 -25.59 -21.31 -17.04 -12.76 -8.48 -4.21 0.07 4.34 8.62
2042.00 -25.59 -21.30 -17.02 -12.73 -8.45 -4.16 0.12 4.40 8.69
2043.00 -25.39 -21.10 -16.81 -12.52 -8.22 -3.93 0.36 4.65 8.94
2044.00 -25.61 -21.31 -17.00 -12.70 -8.39 -4.09 0.22 4.52 8.83
2045.00 -25.49 -21.18 -16.88 -12.57 -8.26 -3.95 0.36 4.66 8.97
2046.00 -25.45 -21.14 -16.83 -12.51 -8.20 -3.89 0.43 4.74 9.05
2047.00 -25.48 -21.17 -16.86 -12.55 -8.24 -3.93 0.38 4.68 8.99
2048.00 -25.64 -21.33 -17.01 -12.70 -8.39 -4.07 0.24 4.55 8.86
2049.00 -25.69 -21.37 -17.06 -12.74 -8.43 -4.11 0.20 4.51 8.83
2050.00 -25.90 -21.58 -17.27 -12.95 -8.63 -4.32 0.00 4.31 8.63
2051.00 -25.95 -21.64 -17.33 -13.01 -8.70 -4.39 -0.08 4.23 8.54
2052.00 -26.11 -21.80 -17.49 -13.17 -8.86 -4.55 -0.24 4.07 8.38
2053.00 -26.10 -21.80 -17.50 -13.20 -8.90 -4.60 -0.30 4.00 8.30
2054.00 -26.06 -21.76 -17.47 -13.17 -8.87 -4.57 -0.27 4.02 8.32
2055.00 -25.95 -21.66 -17.37 -13.08 -8.79 -4.50 -0.21 4.08 8.37
2056.00 -26.05 -21.75 -17.46 -13.17 -8.88 -4.59 -0.30 3.99 8.28
2057.00 -25.75 -21.47 -17.19 -12.90 -8.62 -4.34 -0.06 4.22 8.50
2058.00 -25.65 -21.37 -17.09 -12.81 -8.52 -4.24 0.04 4.32 8.60
2059.00 -25.59 -21.32 -17.06 -12.79 -8.52 -4.25 0.02 4.28 8.55
2060.00 -25.52 -21.26 -16.99 -12.72 -8.46 -4.19 0.08 4.34 8.61
2061.00 -25.34 -21.08 -16.82 -12.56 -8.30 -4.04 0.22 4.48 8.73
2062.00 -25.51 -21.25 -17.00 -12.73 -8.47 -4.21 0.05 4.31 8.57
2063.00 -25.40 -21.15 -16.90 -12.64 -8.39 -4.14 0.12 4.37 8.62
2064.00 -25.36 -21.12 -16.87 -12.63 -8.38 -4.14 0.11 4.35 8.59
2065.00 -25.20 -20.97 -16.74 -12.51 -8.28 -4.05 0.18 4.41 8.63
