# yearspad, alpred
# [0.3 0.4 0.5 0.6 0.7 0.8 0.9 1.  1.1]
1922.00 -10.99 -6.78 -2.57 1.64 5.86 10.07 14.28 18.49 22.70
1923.00 -11.10 -6.90 -2.71 1.48 5.68 9.87 14.06 18.26 22.45
1924.00 -10.95 -6.78 -2.60 1.57 5.74 9.92 14.09 18.27 22.44
1925.00 -11.11 -6.98 -2.85 1.27 5.40 9.52 13.65 17.77 21.90
1926.00 -11.05 -6.98 -2.90 1.17 5.25 9.32 13.40 17.47 21.55
1927.00 -10.94 -6.92 -2.91 1.11 5.12 9.14 13.15 17.17 21.18
1928.00 -10.86 -6.91 -2.97 0.98 4.92 8.87 12.81 16.76 20.70
1929.00 -10.86 -7.01 -3.16 0.69 4.54 8.39 12.24 16.09 19.94
1930.00 -10.63 -6.89 -3.15 0.58 4.32 8.06 11.80 15.54 19.28
1931.00 -10.45 -6.86 -3.27 0.32 3.91 7.50 11.09 14.68 18.27
1932.00 -9.91 -6.46 -3.02 0.43 3.87 7.31 10.76 14.20 17.64
1933.00 -9.63 -6.36 -3.08 0.20 3.47 6.75 10.02 13.30 16.58
1934.00 -8.94 -5.84 -2.74 0.35 3.45 6.55 9.65 12.74 15.84
1935.00 -8.35 -5.49 -2.62 0.25 3.11 5.98 8.84 11.71 14.58
1936.00 -7.89 -5.27 -2.65 -0.04 2.58 5.20 7.82 10.44 13.05
1937.00 -7.14 -4.79 -2.43 -0.08 2.27 4.62 6.98 9.33 11.68
1938.00 -6.58 -4.47 -2.37 -0.27 1.83 3.93 6.04 8.14 10.24
1939.00 -6.23 -4.41 -2.60 -0.78 1.03 2.85 4.66 6.48 8.29
1940.00 -5.40 -3.88 -2.35 -0.82 0.70 2.23 3.75 5.28 6.81
1941.00 -4.74 -3.55 -2.37 -1.19 -0.01 1.17 2.35 3.53 4.72
1942.00 -3.87 -3.03 -2.18 -1.34 -0.49 0.35 1.19 2.04 2.88
1943.00 -3.06 -2.59 -2.12 -1.65 -1.18 -0.71 -0.24 0.23 0.70
1944.00 -2.14 -2.02 -1.90 -1.78 -1.66 -1.54 -1.41 -1.29 -1.17
1945.00 -1.21 -1.46 -1.70 -1.95 -2.19 -2.44 -2.68 -2.93 -3.17
1946.00 -0.17 -0.79 -1.42 -2.04 -2.67 -3.29 -3.92 -4.54 -5.17
1947.00 0.27 -0.76 -1.79 -2.81 -3.84 -4.86 -5.89 -6.92 -7.94
1948.00 1.57 0.12 -1.34 -2.79 -4.24 -5.69 -7.14 -8.59 -10.04
1949.00 2.12 0.25 -1.62 -3.49 -5.37 -7.24 -9.11 -10.99 -12.86
1950.00 3.21 0.92 -1.38 -3.68 -5.97 -8.27 -10.57 -12.86 -15.16
1951.00 4.14 1.44 -1.25 -3.95 -6.64 -9.34 -12.03 -14.72 -17.42
1952.00 5.56 2.41 -0.74 -3.89 -7.04 -10.19 -13.34 -16.49 -19.64
1953.00 6.51 2.89 -0.73 -4.35 -7.96 -11.58 -15.20 -18.82 -22.43
1954.00 7.87 3.76 -0.35 -4.45 -8.57 -12.67 -16.78 -20.89 -25.00
1955.00 9.13 4.57 0.01 -4.56 -9.12 -13.68 -18.24 -22.81 -27.37
1956.00 10.26 5.23 0.21 -4.81 -9.83 -14.85 -19.87 -24.89 -29.91
1957.00 11.12 5.66 0.19 -5.27 -10.74 -16.21 -21.67 -27.14 -32.61
1958.00 12.39 6.43 0.48 -5.47 -11.43 -17.38 -23.33 -29.29 -35.24
1959.00 13.97 7.49 1.02 -5.46 -11.93 -18.40 -24.88 -31.35 -37.83
1960.00 15.35 8.38 1.40 -5.57 -12.54 -19.52 -26.49 -33.47 -40.44
1961.00 16.80 9.35 1.89 -5.56 -13.02 -20.47 -27.92 -35.38 -42.83
1962.00 18.12 10.17 2.22 -5.73 -13.68 -21.62 -29.57 -37.52 -45.47
1963.00 19.15 10.67 2.19 -6.28 -14.76 -23.24 -31.71 -40.19 -48.67
1964.00 20.23 11.21 2.19 -6.83 -15.84 -24.86 -33.88 -42.90 -51.92
1965.00 21.63 12.08 2.53 -7.02 -16.57 -26.12 -35.67 -45.22 -54.77
1966.00 22.65 12.58 2.51 -7.57 -17.64 -27.71 -37.79 -47.86 -57.93
1967.00 23.89 13.30 2.71 -7.87 -18.46 -29.04 -39.63 -50.21 -60.80
1968.00 25.61 14.47 3.32 -7.82 -18.96 -30.11 -41.25 -52.39 -63.54
1969.00 26.93 15.24 3.55 -8.14 -19.83 -31.53 -43.22 -54.91 -66.60
1970.00 65.50 65.50 65.50 65.50 65.51 65.51 65.51 65.51 65.52
1971.00 67.72 67.72 67.71 67.71 67.71 67.71 67.71 67.71 67.70
1972.00 71.28 71.29 71.29 71.29 71.30 71.30 71.31 71.31 71.31
1973.00 72.71 72.71 72.71 72.71 72.71 72.70 72.70 72.70 72.70
1974.00 75.57 75.57 75.57 75.57 75.57 75.57 75.57 75.57 75.57
1975.00 75.82 75.82 75.82 75.82 75.81 75.81 75.81 75.81 75.81
1976.00 77.91 77.91 77.92 77.92 77.93 77.93 77.94 77.94 77.95
1977.00 78.90 78.90 78.90 78.90 78.90 78.90 78.91 78.91 78.91
1978.00 79.58 79.58 79.58 79.58 79.58 79.59 79.59 79.59 79.59
1979.00 79.05 79.05 79.04 79.04 79.03 79.03 79.03 79.02 79.02
1980.00 74.89 74.89 74.89 74.89 74.89 74.89 74.89 74.89 74.89
1981.00 77.52 77.53 77.53 77.53 77.53 77.54 77.54 77.54 77.55
1982.00 73.59 73.59 73.60 73.60 73.61 73.61 73.62 73.62 73.63
1983.00 69.04 69.04 69.04 69.05 69.05 69.05 69.05 69.05 69.05
1984.00 66.31 66.31 66.30 66.30 66.29 66.28 66.28 66.27 66.26
1985.00 66.48 66.49 66.49 66.49 66.49 66.49 66.49 66.49 66.49
1986.00 64.46 64.46 64.46 64.47 64.47 64.47 64.47 64.47 64.47
1987.00 67.63 67.63 67.63 67.64 67.64 67.64 67.65 67.65 67.65
1988.00 65.06 65.18 65.30 65.42 65.54 65.66 65.78 65.90 66.02
1989.00 63.23 63.47 63.71 63.96 64.20 64.44 64.69 64.93 65.17
1990.00 60.54 60.91 61.28 61.65 62.02 62.39 62.76 63.13 63.50
1991.00 58.66 59.32 59.99 60.65 61.31 61.98 62.64 63.31 63.97
1992.00 56.82 57.87 58.93 59.98 61.04 62.09 63.15 64.20 65.26
1993.00 54.88 56.30 57.72 59.15 60.57 61.99 63.41 64.83 66.26
1994.00 53.01 54.82 56.63 58.43 60.24 62.05 63.86 65.66 67.47
1995.00 51.73 54.07 56.40 58.74 61.08 63.41 65.75 68.08 70.42
1996.00 49.50 52.13 54.76 57.39 60.03 62.66 65.29 67.92 70.56
1997.00 48.02 51.08 54.14 57.21 60.27 63.34 66.40 69.46 72.53
1998.00 46.52 49.93 53.33 56.74 60.14 63.55 66.96 70.36 73.77
1999.00 43.99 47.55 51.11 54.68 58.24 61.81 65.37 68.94 72.50
2000.00 41.14 44.69 48.24 51.79 55.34 58.89 62.45 66.00 69.55
2001.00 38.93 42.68 46.42 50.16 53.91 57.65 61.39 65.14 68.88
2002.00 36.83 40.84 44.85 48.86 52.87 56.88 60.90 64.91 68.92
2003.00 35.71 40.01 44.31 48.62 52.92 57.22 61.53 65.83 70.13
2004.00 33.27 37.51 41.74 45.98 50.22 54.46 58.70 62.94 67.18
2005.00 31.84 36.40 40.95 45.51 50.07 54.62 59.18 63.73 68.29
2006.00 29.99 34.82 39.65 44.48 49.32 54.15 58.98 63.81 68.64
2007.00 28.40 33.42 38.45 43.48 48.51 53.54 58.57 63.59 68.62
2008.00 25.51 30.49 35.47 40.45 45.44 50.42 55.40 60.38 65.36
2009.00 23.35 28.41 33.48 38.54 43.61 48.67 53.74 58.80 63.87
2010.00 20.49 25.44 30.38 35.33 40.27 45.21 50.16 55.10 60.05
2011.00 18.78 23.96 29.13 34.30 39.47 44.65 49.82 54.99 60.16
2012.00 17.15 22.54 27.93 33.32 38.71 44.10 49.50 54.89 60.28
2013.00 15.62 21.16 26.70 32.23 37.77 43.31 48.85 54.39 59.92
2014.00 14.27 19.92 25.57 31.23 36.88 42.53 48.18 53.83 59.48
2015.00 12.87 18.82 24.77 30.72 36.66 42.61 48.56 54.51 60.45
2016.00 11.46 17.63 23.80 29.97 36.14 42.31 48.48 54.65 60.82
2017.00 9.90 16.24 22.57 28.91 35.25 41.58 47.92 54.26 60.59
2018.00 -3.97 -1.76 0.45 2.66 4.87 7.08 9.30 11.51 13.72
2019.00 -5.02 -2.56 -0.10 2.36 4.82 7.28 9.74 12.20 14.67
2020.00 -5.28 -2.59 0.10 2.80 5.49 8.18 10.88 13.57 16.26
2021.00 -6.02 -3.11 -0.21 2.70 5.60 8.51 11.42 14.32 17.23
2022.00 -6.53 -3.42 -0.32 2.79 5.90 9.01 12.11 15.22 18.33
2023.00 -7.09 -3.80 -0.50 2.79 6.09 9.39 12.68 15.98 19.28
2024.00 -7.62 -4.16 -0.70 2.76 6.22 9.68 13.14 16.60 20.06
2025.00 -8.17 -4.58 -1.00 2.59 6.18 9.77 13.35 16.94 20.53
2026.00 -8.46 -4.76 -1.06 2.64 6.33 10.03 13.73 17.43 21.13
2027.00 -9.03 -5.23 -1.43 2.37 6.17 9.97 13.77 17.57 21.37
2028.00 -9.03 -5.12 -1.21 2.70 6.61 10.52 14.43 18.34 22.25
2029.00 -9.45 -5.46 -1.48 2.51 6.49 10.48 14.46 18.45 22.43
2030.00 -9.63 -5.59 -1.55 2.50 6.54 10.59 14.63 18.67 22.72
2031.00 -9.58 -5.50 -1.43 2.65 6.73 10.81 14.89 18.97 23.05
2032.00 -9.77 -5.65 -1.54 2.57 6.68 10.80 14.91 19.02 23.13
2033.00 -10.16 -6.01 -1.85 2.30 6.45 10.60 14.75 18.91 23.06
2034.00 -10.32 -6.13 -1.94 2.25 6.44 10.64 14.83 19.02 23.21
2035.00 -10.76 -6.55 -2.34 1.87 6.08 10.28 14.49 18.70 22.91
2036.00 -10.85 -6.63 -2.41 1.82 6.04 10.26 14.49 18.71 22.94
2037.00 -11.05 -6.83 -2.60 1.63 5.86 10.09 14.32 18.55 22.78
2038.00 -11.03 -6.78 -2.53 1.72 5.97 10.22 14.47 18.71 22.96
2039.00 -11.08 -6.83 -2.58 1.68 5.93 10.18 14.44 18.69 22.95
2040.00 -11.13 -6.86 -2.60 1.67 5.93 10.20 14.46 18.73 23.00
2041.00 -11.14 -6.87 -2.61 1.66 5.92 10.19 14.45 18.72 22.99
2042.00 -11.00 -6.73 -2.45 1.82 6.09 10.37 14.64 18.91 23.19
2043.00 -11.18 -6.90 -2.62 1.66 5.94 10.22 14.50 18.79 23.07
2044.00 -11.09 -6.79 -2.50 1.80 6.09 10.38 14.68 18.97 23.27
2045.00 -11.22 -6.92 -2.62 1.67 5.97 10.26 14.56 18.86 23.15
2046.00 -11.18 -6.88 -2.58 1.72 6.02 10.32 14.62 18.92 23.22
2047.00 -11.28 -6.99 -2.69 1.61 5.91 10.20 14.50 18.80 23.10
2048.00 -11.26 -6.96 -2.66 1.64 5.94 10.24 14.54 18.84 23.14
2049.00 -11.39 -7.09 -2.79 1.51 5.82 10.12 14.42 18.72 23.02
2050.00 -11.28 -6.98 -2.67 1.63 5.94 10.24 14.55 18.85 23.16
2051.00 -11.35 -7.05 -2.75 1.55 5.85 10.15 14.45 18.75 23.04
2052.00 -11.24 -6.94 -2.64 1.66 5.96 10.26 14.56 18.86 23.16
2053.00 -11.15 -6.87 -2.57 1.71 6.00 10.29 14.58 18.87 23.16
2054.00 -11.04 -6.76 -2.47 1.82 6.10 10.39 14.68 18.97 23.25
2055.00 -11.09 -6.82 -2.53 1.74 6.02 10.30 14.58 18.86 23.14
2056.00 -10.95 -6.67 -2.39 1.89 6.17 10.45 14.73 19.01 23.29
2057.00 -11.02 -6.75 -2.48 1.79 6.06 10.33 14.60 18.87 23.14
2058.00 -11.04 -6.77 -2.50 1.77 6.04 10.31 14.58 18.85 23.12
2059.00 -11.15 -6.89 -2.63 1.62 5.88 10.14 14.39 18.65 22.91
2060.00 -11.10 -6.85 -2.59 1.66 5.92 10.17 14.43 18.68 22.94
2061.00 -11.23 -6.98 -2.73 1.51 5.76 10.01 14.26 18.51 22.76
2062.00 -11.14 -6.89 -2.64 1.61 5.86 10.11 14.36 18.61 22.86
2063.00 -11.22 -6.97 -2.73 1.51 5.76 10.00 14.24 18.49 22.73
2064.00 -11.10 -6.86 -2.63 1.61 5.84 10.08 14.32 18.55 22.79
2065.00 -11.10 -6.88 -2.65 1.57 5.79 10.01 14.23 18.45 22.67
