# yearspad, alpred
# [0.3 0.4 0.5 0.6 0.7 0.8 0.9 1.  1.1]
1922.00 -33.46 -29.26 -25.06 -20.85 -16.65 -12.45 -8.24 -4.04 0.16
1923.00 -33.49 -29.30 -25.12 -20.94 -16.76 -12.57 -8.39 -4.21 -0.03
1924.00 -33.80 -29.63 -25.47 -21.31 -17.15 -12.99 -8.83 -4.66 -0.50
1925.00 -33.95 -29.84 -25.73 -21.63 -17.52 -13.41 -9.30 -5.19 -1.08
1926.00 -34.03 -29.97 -25.91 -21.86 -17.80 -13.74 -9.68 -5.63 -1.57
1927.00 -34.00 -30.01 -26.02 -22.02 -18.03 -14.04 -10.04 -6.05 -2.06
1928.00 -33.85 -29.93 -26.01 -22.09 -18.16 -14.24 -10.32 -6.39 -2.47
1929.00 -33.32 -29.50 -25.67 -21.85 -18.02 -14.20 -10.37 -6.55 -2.72
1930.00 -32.75 -29.04 -25.33 -21.63 -17.92 -14.21 -10.50 -6.79 -3.08
1931.00 -31.74 -28.18 -24.63 -21.07 -17.52 -13.96 -10.40 -6.85 -3.29
1932.00 -30.65 -27.24 -23.83 -20.42 -17.02 -13.61 -10.20 -6.79 -3.38
1933.00 -29.60 -26.36 -23.12 -19.88 -16.64 -13.40 -10.16 -6.92 -3.68
1934.00 -28.51 -25.45 -22.39 -19.34 -16.28 -13.22 -10.16 -7.10 -4.04
1935.00 -27.13 -24.31 -21.49 -18.67 -15.85 -13.03 -10.21 -7.39 -4.57
1936.00 -25.35 -22.78 -20.21 -17.65 -15.08 -12.51 -9.94 -7.38 -4.81
1937.00 -23.39 -21.09 -18.79 -16.49 -14.19 -11.89 -9.59 -7.29 -5.00
1938.00 -21.84 -19.80 -17.75 -15.71 -13.66 -11.62 -9.57 -7.52 -5.48
1939.00 -19.51 -17.76 -16.00 -14.25 -12.49 -10.74 -8.98 -7.22 -5.47
1940.00 -17.26 -15.80 -14.34 -12.87 -11.41 -9.95 -8.48 -7.02 -5.56
1941.00 -14.58 -13.46 -12.35 -11.23 -10.12 -9.00 -7.89 -6.77 -5.66
1942.00 -11.93 -11.16 -10.39 -9.61 -8.84 -8.07 -7.29 -6.51 -5.74
1943.00 -9.30 -8.90 -8.50 -8.10 -7.70 -7.30 -6.90 -6.50 -6.10
1944.00 -6.68 -6.64 -6.59 -6.55 -6.50 -6.46 -6.41 -6.36 -6.32
1945.00 -4.03 -4.35 -4.68 -5.00 -5.32 -5.65 -5.97 -6.29 -6.61
1946.00 -1.10 -1.81 -2.51 -3.22 -3.92 -4.63 -5.33 -6.04 -6.74
1947.00 1.91 0.81 -0.30 -1.41 -2.51 -3.62 -4.72 -5.83 -6.94
1948.00 5.14 3.61 2.08 0.54 -0.99 -2.53 -4.06 -5.59 -7.12
1949.00 8.15 6.20 4.25 2.29 0.34 -1.61 -3.57 -5.52 -7.47
1950.00 11.53 9.16 6.78 4.41 2.03 -0.34 -2.72 -5.09 -7.46
1951.00 14.23 11.46 8.69 5.92 3.15 0.38 -2.39 -5.16 -7.94
1952.00 17.35 14.12 10.89 7.67 4.44 1.22 -2.01 -5.23 -8.46
1953.00 20.89 17.20 13.51 9.82 6.13 2.44 -1.25 -4.94 -8.64
1954.00 24.74 20.56 16.38 12.20 8.02 3.84 -0.34 -4.52 -8.70
1955.00 28.55 23.92 19.29 14.66 10.03 5.40 0.78 -3.85 -8.48
1956.00 32.26 27.18 22.10 17.01 11.93 6.85 1.77 -3.31 -8.39
1957.00 36.00 30.48 24.95 19.43 13.90 8.38 2.85 -2.67 -8.20
1958.00 39.66 33.65 27.65 21.64 15.63 9.62 3.62 -2.39 -8.40
1959.00 43.72 37.20 30.68 24.16 17.64 11.12 4.60 -1.91 -8.43
1960.00 47.71 40.70 33.69 26.68 19.67 12.66 5.65 -1.36 -8.37
1961.00 51.27 43.78 36.30 28.82 21.34 13.86 6.37 -1.11 -8.59
1962.00 54.72 46.75 38.78 30.81 22.84 14.87 6.90 -1.07 -9.04
1963.00 58.50 50.01 41.53 33.04 24.56 16.07 7.58 -0.90 -9.39
1964.00 62.64 53.62 44.61 35.59 26.58 17.56 8.55 -0.47 -9.48
1965.00 66.49 56.96 47.43 37.90 28.37 18.85 9.32 -0.21 -9.74
1966.00 70.38 60.34 50.31 40.27 30.24 20.20 10.17 0.13 -9.91
1967.00 74.21 63.68 53.15 42.61 32.08 21.55 11.02 0.49 -10.04
1968.00 78.39 67.32 56.25 45.18 34.11 23.05 11.98 0.91 -10.16
1969.00 82.74 71.14 59.54 47.95 36.35 24.76 13.16 1.57 -10.03
1970.00 124.28 124.29 124.29 124.29 124.29 124.30 124.30 124.30 124.30
1971.00 128.45 128.45 128.45 128.45 128.45 128.45 128.44 128.44 128.44
1972.00 136.99 136.99 136.99 137.00 137.00 137.00 137.01 137.01 137.02
1973.00 143.09 143.09 143.09 143.09 143.09 143.09 143.09 143.08 143.08
1974.00 149.56 149.56 149.56 149.56 149.56 149.56 149.56 149.56 149.57
1975.00 152.73 152.73 152.72 152.72 152.72 152.72 152.72 152.72 152.71
1976.00 158.05 158.05 158.06 158.06 158.07 158.07 158.08 158.08 158.09
1977.00 157.68 157.68 157.68 157.68 157.68 157.68 157.68 157.68 157.68
1978.00 155.87 155.88 155.88 155.88 155.88 155.88 155.88 155.88 155.89
1979.00 151.81 151.81 151.81 151.80 151.80 151.80 151.79 151.79 151.78
1980.00 148.96 148.96 148.96 148.96 148.96 148.96 148.95 148.95 148.95
1981.00 149.86 149.87 149.87 149.87 149.88 149.88 149.88 149.89 149.89
1982.00 147.39 147.40 147.40 147.41 147.41 147.42 147.42 147.43 147.43
1983.00 144.63 144.63 144.64 144.64 144.64 144.64 144.64 144.64 144.64
1984.00 136.87 136.86 136.85 136.85 136.84 136.84 136.83 136.82 136.82
1985.00 134.66 134.66 134.66 134.66 134.67 134.67 134.67 134.67 134.67
1986.00 135.74 135.74 135.74 135.74 135.74 135.74 135.74 135.74 135.74
1987.00 132.97 132.97 132.98 132.98 132.98 132.99 132.99 132.99 132.99
1988.00 128.14 128.22 128.30 128.38 128.47 128.55 128.63 128.72 128.80
1989.00 123.30 123.51 123.71 123.92 124.13 124.34 124.55 124.75 124.96
1990.00 117.91 118.23 118.54 118.86 119.17 119.49 119.80 120.12 120.43
1991.00 113.31 113.92 114.53 115.15 115.76 116.37 116.98 117.59 118.20
1992.00 109.09 110.08 111.08 112.07 113.06 114.05 115.04 116.04 117.03
1993.00 104.54 105.89 107.24 108.60 109.95 111.31 112.66 114.01 115.37
1994.00 99.79 101.51 103.24 104.96 106.69 108.41 110.14 111.86 113.58
1995.00 95.24 97.47 99.70 101.93 104.17 106.40 108.63 110.86 113.09
1996.00 90.27 92.80 95.33 97.86 100.39 102.91 105.44 107.97 110.50
1997.00 85.87 88.82 91.77 94.72 97.67 100.62 103.57 106.52 109.47
1998.00 81.69 84.95 88.21 91.47 94.73 97.99 101.25 104.51 107.77
1999.00 77.17 80.60 84.02 87.45 90.87 94.29 97.72 101.14 104.56
2000.00 71.85 75.25 78.66 82.07 85.48 88.88 92.29 95.70 99.10
2001.00 67.08 70.67 74.27 77.87 81.47 85.07 88.66 92.26 95.86
2002.00 62.99 66.87 70.74 74.61 78.49 82.36 86.23 90.10 93.98
2003.00 59.25 63.40 67.55 71.70 75.85 80.00 84.14 88.29 92.44
2004.00 54.07 58.14 62.21 66.28 70.35 74.42 78.50 82.57 86.64
2005.00 50.40 54.82 59.23 63.65 68.06 72.47 76.89 81.30 85.71
2006.00 45.90 50.59 55.29 59.99 64.68 69.38 74.07 78.76 83.46
2007.00 41.90 46.79 51.69 56.58 61.48 66.37 71.26 76.16 81.05
2008.00 37.17 42.02 46.87 51.72 56.57 61.41 66.26 71.11 75.96
2009.00 33.12 38.05 42.98 47.90 52.83 57.75 62.68 67.60 72.53
2010.00 27.55 32.36 37.17 41.98 46.79 51.60 56.40 61.21 66.02
2011.00 23.38 28.42 33.45 38.48 43.52 48.55 53.58 58.61 63.64
2012.00 19.38 24.63 29.88 35.12 40.37 45.61 50.86 56.10 61.34
2013.00 15.61 21.00 26.40 31.80 37.19 42.58 47.98 53.37 58.76
2014.00 12.03 17.54 23.06 28.57 34.08 39.59 45.10 50.60 56.11
2015.00 8.88 14.69 20.51 26.32 32.13 37.94 43.75 49.56 55.37
2016.00 5.49 11.53 17.57 23.61 29.65 35.69 41.72 47.76 53.79
2017.00 2.02 8.23 14.45 20.66 26.87 33.08 39.29 45.50 51.71
2018.00 -13.53 -11.35 -9.18 -7.01 -4.83 -2.66 -0.49 1.68 3.85
2019.00 -15.73 -13.30 -10.87 -8.44 -6.02 -3.59 -1.17 1.26 3.68
2020.00 -18.07 -15.40 -12.74 -10.08 -7.41 -4.75 -2.09 0.57 3.23
2021.00 -20.36 -17.49 -14.61 -11.73 -8.85 -5.98 -3.10 -0.23 2.64
2022.00 -22.33 -19.25 -16.17 -13.09 -10.01 -6.93 -3.86 -0.78 2.29
2023.00 -24.15 -20.88 -17.61 -14.34 -11.07 -7.80 -4.53 -1.26 2.00
2024.00 -25.91 -22.48 -19.04 -15.60 -12.16 -8.72 -5.29 -1.85 1.58
2025.00 -27.02 -23.46 -19.89 -16.32 -12.76 -9.19 -5.63 -2.06 1.50
2026.00 -27.95 -24.27 -20.59 -16.91 -13.23 -9.56 -5.88 -2.21 1.47
2027.00 -28.62 -24.83 -21.05 -17.27 -13.49 -9.71 -5.93 -2.15 1.62
2028.00 -29.47 -25.58 -21.69 -17.80 -13.90 -10.01 -6.12 -2.23 1.66
2029.00 -30.32 -26.35 -22.38 -18.41 -14.44 -10.47 -6.50 -2.53 1.44
2030.00 -30.78 -26.75 -22.72 -18.68 -14.65 -10.62 -6.59 -2.56 1.46
2031.00 -31.30 -27.23 -23.16 -19.10 -15.04 -10.97 -6.91 -2.85 1.21
2032.00 -31.69 -27.59 -23.50 -19.40 -15.31 -11.21 -7.12 -3.02 1.07
2033.00 -32.08 -27.94 -23.80 -19.66 -15.52 -11.38 -7.25 -3.11 1.02
2034.00 -32.84 -28.65 -24.47 -20.29 -16.11 -11.93 -7.75 -3.57 0.60
2035.00 -33.16 -28.96 -24.76 -20.56 -16.36 -12.16 -7.97 -3.77 0.43
2036.00 -33.33 -29.11 -24.89 -20.68 -16.46 -12.25 -8.03 -3.82 0.39
2037.00 -33.39 -29.16 -24.94 -20.72 -16.49 -12.27 -8.05 -3.83 0.39
2038.00 -33.49 -29.25 -25.00 -20.76 -16.52 -12.28 -8.04 -3.80 0.44
2039.00 -33.54 -29.29 -25.04 -20.79 -16.54 -12.29 -8.05 -3.80 0.44
2040.00 -33.54 -29.28 -25.02 -20.76 -16.50 -12.24 -7.98 -3.73 0.53
2041.00 -33.50 -29.24 -24.98 -20.72 -16.46 -12.20 -7.94 -3.69 0.57
2042.00 -33.60 -29.33 -25.06 -20.79 -16.52 -12.26 -7.99 -3.73 0.54
2043.00 -33.69 -29.41 -25.14 -20.86 -16.59 -12.31 -8.04 -3.77 0.50
2044.00 -33.91 -29.62 -25.33 -21.04 -16.75 -12.46 -8.18 -3.89 0.39
2045.00 -34.12 -29.83 -25.54 -21.25 -16.95 -12.66 -8.38 -4.09 0.20
2046.00 -34.24 -29.94 -25.65 -21.35 -17.06 -12.77 -8.47 -4.18 0.11
2047.00 -34.31 -30.02 -25.73 -21.44 -17.14 -12.85 -8.56 -4.27 0.02
2048.00 -34.38 -30.08 -25.79 -21.49 -17.19 -12.90 -8.60 -4.31 -0.02
2049.00 -34.37 -30.07 -25.78 -21.48 -17.18 -12.89 -8.59 -4.30 -0.00
2050.00 -34.35 -30.05 -25.75 -21.45 -17.15 -12.85 -8.55 -4.26 0.04
2051.00 -34.17 -29.88 -25.58 -21.29 -17.00 -12.70 -8.41 -4.11 0.18
2052.00 -34.07 -29.78 -25.48 -21.19 -16.89 -12.60 -8.30 -4.01 0.28
2053.00 -33.92 -29.64 -25.35 -21.07 -16.78 -12.50 -8.21 -3.93 0.35
2054.00 -33.89 -29.60 -25.32 -21.04 -16.76 -12.48 -8.19 -3.91 0.37
2055.00 -33.81 -29.53 -25.26 -20.98 -16.71 -12.43 -8.16 -3.88 0.39
2056.00 -33.88 -29.61 -25.33 -21.06 -16.78 -12.50 -8.23 -3.96 0.32
2057.00 -33.88 -29.61 -25.35 -21.08 -16.82 -12.55 -8.29 -4.02 0.24
2058.00 -33.91 -29.64 -25.38 -21.11 -16.85 -12.58 -8.32 -4.06 0.21
2059.00 -33.88 -29.62 -25.37 -21.12 -16.87 -12.62 -8.37 -4.12 0.13
2060.00 -33.88 -29.63 -25.38 -21.13 -16.88 -12.63 -8.38 -4.14 0.11
2061.00 -33.81 -29.56 -25.32 -21.08 -16.83 -12.59 -8.35 -4.10 0.14
2062.00 -33.74 -29.50 -25.25 -21.01 -16.76 -12.52 -8.28 -4.03 0.21
2063.00 -33.67 -29.44 -25.20 -20.96 -16.73 -12.49 -8.25 -4.01 0.22
2064.00 -33.59 -29.36 -25.13 -20.90 -16.67 -12.44 -8.21 -3.98 0.24
2065.00 -33.48 -29.27 -25.05 -20.84 -16.63 -12.41 -8.20 -3.98 0.23
