# yearspad, alpred
# [0.3 0.4 0.5 0.6 0.7 0.8 0.9 1.  1.1]
1922.00 -32.13 -27.91 -23.70 -19.47 -15.25 -11.03 -6.81 -2.58 1.64
1923.00 -32.28 -28.08 -23.88 -19.68 -15.48 -11.28 -7.08 -2.88 1.32
1924.00 -32.96 -28.79 -24.61 -20.43 -16.25 -12.08 -7.90 -3.71 0.46
1925.00 -33.41 -29.29 -25.17 -21.04 -16.92 -12.79 -8.67 -4.54 -0.42
1926.00 -33.55 -29.48 -25.41 -21.34 -17.27 -13.20 -9.13 -5.05 -0.98
1927.00 -33.95 -29.94 -25.94 -21.93 -17.93 -13.93 -9.92 -5.91 -1.90
1928.00 -34.50 -30.57 -26.64 -22.71 -18.78 -14.85 -10.92 -6.98 -3.05
1929.00 -34.27 -30.44 -26.61 -22.78 -18.95 -15.12 -11.28 -7.45 -3.61
1930.00 -33.79 -30.08 -26.37 -22.66 -18.94 -15.23 -11.52 -7.80 -4.08
1931.00 -33.33 -29.78 -26.22 -22.67 -19.11 -15.55 -12.00 -8.43 -4.88
1932.00 -32.59 -29.18 -25.78 -22.38 -18.97 -15.57 -12.16 -8.75 -5.34
1933.00 -32.01 -28.78 -25.54 -22.31 -19.07 -15.84 -12.61 -9.37 -6.13
1934.00 -31.54 -28.50 -25.45 -22.40 -19.35 -16.31 -13.26 -10.21 -7.16
1935.00 -29.91 -27.10 -24.30 -21.49 -18.68 -15.88 -13.07 -10.26 -7.45
1936.00 -28.18 -25.63 -23.08 -20.54 -17.99 -15.44 -12.89 -10.34 -7.78
1937.00 -26.00 -23.72 -21.44 -19.16 -16.88 -14.61 -12.33 -10.05 -7.77
1938.00 -23.92 -21.90 -19.88 -17.86 -15.84 -13.82 -11.80 -9.77 -7.75
1939.00 -21.39 -19.66 -17.93 -16.21 -14.48 -12.75 -11.02 -9.30 -7.57
1940.00 -18.22 -16.79 -15.36 -13.92 -12.49 -11.06 -9.63 -8.19 -6.76
1941.00 -15.21 -14.13 -13.05 -11.97 -10.89 -9.81 -8.73 -7.65 -6.57
1942.00 -13.01 -12.28 -11.54 -10.81 -10.07 -9.34 -8.61 -7.87 -7.13
1943.00 -9.40 -9.04 -8.68 -8.33 -7.97 -7.61 -7.25 -6.89 -6.53
1944.00 -6.42 -6.42 -6.42 -6.41 -6.41 -6.41 -6.41 -6.40 -6.40
1945.00 -3.97 -4.34 -4.71 -5.08 -5.45 -5.82 -6.19 -6.56 -6.93
1946.00 -0.53 -1.29 -2.04 -2.80 -3.55 -4.31 -5.07 -5.82 -6.57
1947.00 2.77 1.61 0.46 -0.70 -1.86 -3.02 -4.18 -5.33 -6.49
1948.00 6.73 5.14 3.55 1.97 0.38 -1.20 -2.79 -4.37 -5.95
1949.00 9.69 7.68 5.68 3.67 1.66 -0.35 -2.35 -4.36 -6.36
1950.00 13.20 10.77 8.34 5.91 3.48 1.05 -1.38 -3.81 -6.23
1951.00 15.34 12.51 9.69 6.86 4.04 1.21 -1.62 -4.44 -7.27
1952.00 18.07 14.79 11.51 8.23 4.95 1.67 -1.61 -4.89 -8.17
1953.00 20.82 17.07 13.33 9.58 5.83 2.09 -1.66 -5.41 -9.15
1954.00 25.26 21.02 16.79 12.55 8.32 4.08 -0.15 -4.39 -8.62
1955.00 28.59 23.90 19.22 14.54 9.85 5.17 0.49 -4.20 -8.88
1956.00 32.52 27.38 22.25 17.12 11.98 6.85 1.72 -3.42 -8.55
1957.00 35.91 30.34 24.76 19.19 13.61 8.04 2.46 -3.11 -8.68
1958.00 39.52 33.46 27.41 21.35 15.30 9.24 3.19 -2.87 -8.92
1959.00 43.78 37.22 30.65 24.09 17.52 10.96 4.40 -2.17 -8.73
1960.00 47.21 40.16 33.11 26.06 19.00 11.95 4.89 -2.16 -9.21
1961.00 50.13 42.61 35.08 27.56 20.04 12.51 4.99 -2.53 -10.05
1962.00 54.03 46.03 38.03 30.02 22.02 14.01 6.01 -1.99 -10.00
1963.00 58.49 49.98 41.46 32.95 24.43 15.92 7.40 -1.11 -9.63
1964.00 62.18 53.14 44.10 35.06 26.01 16.97 7.93 -1.11 -10.15
1965.00 66.16 56.61 47.06 37.51 27.96 18.40 8.85 -0.70 -10.25
1966.00 70.20 60.15 50.09 40.04 29.99 19.93 9.88 -0.17 -10.23
1967.00 73.10 62.56 52.01 41.47 30.92 20.37 9.83 -0.72 -11.26
1968.00 77.03 65.95 54.87 43.79 32.71 21.63 10.55 -0.53 -11.61
1969.00 80.75 69.14 57.54 45.94 34.33 22.73 11.13 -0.48 -12.08
1970.00 122.55 122.55 122.55 122.56 122.56 122.56 122.56 122.56 122.57
1971.00 124.56 124.56 124.56 124.55 124.55 124.55 124.55 124.55 124.55
1972.00 137.96 137.96 137.97 137.97 137.97 137.98 137.98 137.98 137.99
1973.00 146.70 146.70 146.70 146.70 146.70 146.70 146.70 146.70 146.69
1974.00 151.82 151.82 151.82 151.82 151.82 151.82 151.82 151.82 151.82
1975.00 155.67 155.66 155.66 155.66 155.66 155.66 155.66 155.66 155.66
1976.00 170.88 170.88 170.88 170.89 170.89 170.90 170.90 170.91 170.91
1977.00 169.30 169.30 169.30 169.30 169.31 169.31 169.31 169.31 169.31
1978.00 162.50 162.50 162.50 162.51 162.51 162.51 162.51 162.51 162.51
1979.00 160.95 160.94 160.94 160.94 160.93 160.93 160.93 160.92 160.92
1980.00 161.62 161.62 161.62 161.62 161.62 161.62 161.62 161.62 161.62
1981.00 163.75 163.75 163.75 163.76 163.76 163.76 163.77 163.77 163.77
1982.00 162.20 162.21 162.21 162.21 162.22 162.22 162.23 162.23 162.24
1983.00 153.82 153.82 153.82 153.82 153.82 153.83 153.83 153.83 153.83
1984.00 144.40 144.40 144.39 144.38 144.38 144.37 144.37 144.36 144.35
1985.00 144.33 144.33 144.33 144.33 144.33 144.33 144.33 144.33 144.33
1986.00 131.33 131.33 131.33 131.33 131.33 131.33 131.33 131.33 131.33
1987.00 128.28 128.28 128.29 128.29 128.29 128.29 128.30 128.30 128.30
1988.00 121.54 121.61 121.68 121.75 121.82 121.89 121.96 122.03 122.09
1989.00 116.76 116.95 117.14 117.33 117.53 117.72 117.91 118.10 118.29
1990.00 111.19 111.47 111.75 112.03 112.31 112.59 112.87 113.15 113.43
1991.00 106.86 107.42 107.98 108.54 109.10 109.66 110.21 110.77 111.33
1992.00 103.03 103.95 104.88 105.80 106.72 107.65 108.57 109.50 110.42
1993.00 99.11 100.41 101.70 103.00 104.29 105.59 106.88 108.18 109.47
1994.00 94.37 96.03 97.69 99.34 101.00 102.66 104.32 105.97 107.63
1995.00 90.40 92.56 94.72 96.87 99.03 101.19 103.34 105.50 107.66
1996.00 85.18 87.67 90.16 92.64 95.13 97.62 100.10 102.59 105.08
1997.00 80.57 83.49 86.42 89.34 92.26 95.18 98.10 101.02 103.94
1998.00 77.56 80.79 84.02 87.25 90.48 93.70 96.93 100.16 103.38
1999.00 73.17 76.56 79.95 83.34 86.73 90.11 93.50 96.89 100.28
2000.00 67.34 70.70 74.07 77.44 80.81 84.17 87.54 90.91 94.28
2001.00 63.06 66.60 70.14 73.68 77.23 80.77 84.31 87.85 91.39
2002.00 59.15 62.96 66.77 70.59 74.40 78.21 82.03 85.84 89.65
2003.00 55.30 59.43 63.55 67.67 71.80 75.92 80.04 84.17 88.29
2004.00 49.77 53.84 57.91 61.98 66.05 70.11 74.18 78.25 82.32
2005.00 46.19 50.59 54.98 59.37 63.77 68.16 72.55 76.95 81.34
2006.00 41.94 46.61 51.28 55.95 60.62 65.29 69.96 74.63 79.29
2007.00 38.77 43.66 48.54 53.42 58.31 63.19 68.07 72.96 77.84
2008.00 34.31 39.15 43.99 48.83 53.68 58.51 63.36 68.19 73.03
2009.00 31.22 36.15 41.07 46.00 50.92 55.85 60.77 65.69 70.62
2010.00 25.40 30.20 35.01 39.81 44.62 49.42 54.23 59.03 63.83
2011.00 21.16 26.18 31.21 36.24 41.26 46.29 51.31 56.34 61.36
2012.00 16.83 22.09 27.35 32.61 37.86 43.12 48.38 53.63 58.88
2013.00 13.30 18.71 24.12 29.53 34.94 40.35 45.76 51.17 56.58
2014.00 9.33 14.85 20.38 25.91 31.44 36.97 42.50 48.02 53.55
2015.00 6.03 11.86 17.70 23.53 29.36 35.19 41.02 46.85 52.68
2016.00 2.82 8.88 14.94 21.01 27.07 33.13 39.20 45.26 51.32
2017.00 -0.68 5.55 11.79 18.03 24.27 30.51 36.75 42.98 49.21
2018.00 -16.61 -14.45 -12.30 -10.14 -7.99 -5.83 -3.68 -1.53 0.62
2019.00 -19.90 -17.49 -15.08 -12.67 -10.26 -7.85 -5.44 -3.03 -0.63
2020.00 -22.10 -19.45 -16.80 -14.15 -11.50 -8.85 -6.21 -3.56 -0.92
2021.00 -24.72 -21.85 -18.99 -16.12 -13.25 -10.39 -7.53 -4.67 -1.80
2022.00 -26.93 -23.86 -20.79 -17.72 -14.65 -11.58 -8.51 -5.44 -2.38
2023.00 -28.69 -25.43 -22.16 -18.90 -15.63 -12.37 -9.10 -5.84 -2.58
2024.00 -30.33 -26.89 -23.45 -20.02 -16.58 -13.15 -9.71 -6.28 -2.85
2025.00 -31.43 -27.87 -24.30 -20.73 -17.17 -13.60 -10.04 -6.48 -2.92
2026.00 -31.34 -27.66 -23.97 -20.29 -16.61 -12.93 -9.25 -5.58 -1.90
2027.00 -31.95 -28.16 -24.38 -20.59 -16.80 -13.02 -9.23 -5.45 -1.67
2028.00 -32.66 -28.76 -24.86 -20.96 -17.06 -13.17 -9.27 -5.37 -1.48
2029.00 -32.89 -28.91 -24.93 -20.95 -16.97 -12.99 -9.02 -5.04 -1.07
2030.00 -33.16 -29.12 -25.07 -21.03 -16.99 -12.95 -8.91 -4.87 -0.83
2031.00 -32.90 -28.82 -24.75 -20.67 -16.59 -12.51 -8.44 -4.37 -0.29
2032.00 -32.73 -28.61 -24.50 -20.39 -16.28 -12.17 -8.06 -3.95 0.15
2033.00 -32.82 -28.67 -24.51 -20.36 -16.20 -12.05 -7.89 -3.74 0.41
2034.00 -32.36 -28.16 -23.96 -19.76 -15.56 -11.36 -7.17 -2.97 1.23
2035.00 -32.36 -28.14 -23.92 -19.70 -15.48 -11.26 -7.04 -2.83 1.39
2036.00 -32.30 -28.06 -23.82 -19.59 -15.35 -11.11 -6.88 -2.64 1.59
2037.00 -32.12 -27.88 -23.63 -19.39 -15.14 -10.90 -6.66 -2.41 1.83
2038.00 -32.25 -27.99 -23.73 -19.46 -15.20 -10.93 -6.67 -2.41 1.85
2039.00 -32.21 -27.94 -23.67 -19.40 -15.13 -10.85 -6.58 -2.31 1.95
2040.00 -32.33 -28.05 -23.77 -19.49 -15.20 -10.92 -6.64 -2.36 1.92
2041.00 -32.26 -27.98 -23.70 -19.41 -15.13 -10.84 -6.56 -2.28 2.00
2042.00 -32.18 -27.88 -23.59 -19.30 -15.01 -10.71 -6.42 -2.13 2.16
2043.00 -32.64 -28.34 -24.05 -19.74 -15.45 -11.15 -6.85 -2.55 1.75
2044.00 -32.82 -28.51 -24.20 -19.88 -15.57 -11.26 -6.94 -2.63 1.68
2045.00 -32.85 -28.53 -24.22 -19.90 -15.59 -11.27 -6.96 -2.64 1.67
2046.00 -33.22 -28.90 -24.59 -20.27 -15.95 -11.63 -7.31 -2.99 1.33
2047.00 -33.49 -29.17 -24.86 -20.54 -16.23 -11.91 -7.59 -3.27 1.04
2048.00 -33.34 -29.02 -24.71 -20.38 -16.07 -11.74 -7.42 -3.10 1.21
2049.00 -33.51 -29.19 -24.87 -20.54 -16.22 -11.90 -7.58 -3.26 1.06
2050.00 -33.60 -29.27 -24.95 -20.63 -16.30 -11.98 -7.65 -3.33 0.99
2051.00 -33.48 -29.16 -24.85 -20.53 -16.21 -11.89 -7.57 -3.25 1.06
2052.00 -33.40 -29.08 -24.76 -20.44 -16.13 -11.80 -7.48 -3.16 1.15
2053.00 -33.31 -29.00 -24.70 -20.39 -16.08 -11.77 -7.46 -3.15 1.15
2054.00 -33.25 -28.95 -24.65 -20.34 -16.03 -11.73 -7.42 -3.11 1.19
2055.00 -33.18 -28.88 -24.59 -20.29 -15.99 -11.69 -7.39 -3.09 1.20
2056.00 -33.01 -28.72 -24.42 -20.12 -15.82 -11.52 -7.22 -2.92 1.38
2057.00 -32.83 -28.54 -24.26 -19.97 -15.68 -11.39 -7.10 -2.81 1.47
2058.00 -32.96 -28.67 -24.39 -20.10 -15.81 -11.52 -7.23 -2.94 1.34
2059.00 -32.63 -28.36 -24.08 -19.81 -15.54 -11.26 -6.98 -2.71 1.57
2060.00 -32.34 -28.07 -23.80 -19.52 -15.25 -10.98 -6.70 -2.43 1.84
2061.00 -32.47 -28.21 -23.94 -19.68 -15.41 -11.15 -6.88 -2.61 1.65
2062.00 -32.43 -28.16 -23.90 -19.63 -15.37 -11.10 -6.84 -2.57 1.70
2063.00 -32.21 -27.95 -23.70 -19.44 -15.18 -10.92 -6.67 -2.40 1.85
2064.00 -32.24 -27.99 -23.75 -19.50 -15.25 -11.00 -6.75 -2.50 1.75
2065.00 -32.33 -28.10 -23.87 -19.63 -15.40 -11.17 -6.93 -2.70 1.54
