# yearspad, alpred
# [0.3 0.4 0.5 0.6 0.7 0.8 0.9 1.  1.1]
1922.00 -20.49 -16.29 -12.08 -7.87 -3.66 0.55 4.76 8.97 13.18
1923.00 -20.11 -15.92 -11.73 -7.54 -3.35 0.84 5.03 9.23 13.41
1924.00 -18.78 -14.61 -10.43 -6.26 -2.09 2.08 6.26 10.44 14.61
1925.00 -18.64 -14.52 -10.39 -6.27 -2.14 1.98 6.11 10.23 14.36
1926.00 -18.12 -14.05 -9.97 -5.90 -1.82 2.25 6.33 10.40 14.48
1927.00 -17.60 -13.59 -9.57 -5.56 -1.55 2.47 6.48 10.50 14.51
1928.00 -17.21 -13.26 -9.32 -5.37 -1.42 2.52 6.47 10.41 14.36
1929.00 -16.54 -12.69 -8.84 -4.99 -1.13 2.72 6.57 10.42 14.27
1930.00 -15.62 -11.89 -8.15 -4.41 -0.67 3.07 6.81 10.55 14.29
1931.00 -14.92 -11.33 -7.75 -4.16 -0.57 3.02 6.61 10.20 13.79
1932.00 -14.21 -10.77 -7.33 -3.88 -0.44 3.00 6.45 9.89 13.34
1933.00 -14.25 -10.97 -7.70 -4.42 -1.14 2.13 5.41 8.69 11.96
1934.00 -12.68 -9.58 -6.49 -3.39 -0.29 2.81 5.90 9.00 12.10
1935.00 -11.76 -8.89 -6.03 -3.17 -0.30 2.56 5.42 8.29 11.15
1936.00 -10.65 -8.04 -5.42 -2.81 -0.20 2.42 5.03 7.64 10.26
1937.00 -9.42 -7.07 -4.73 -2.38 -0.03 2.32 4.67 7.02 9.37
1938.00 -8.38 -6.28 -4.18 -2.09 0.01 2.11 4.20 6.30 8.40
1939.00 -7.96 -6.15 -4.34 -2.54 -0.73 1.08 2.88 4.69 6.50
1940.00 -6.42 -4.91 -3.39 -1.87 -0.36 1.16 2.67 4.19 5.71
1941.00 -4.40 -3.23 -2.06 -0.89 0.28 1.45 2.62 3.79 4.96
1942.00 -2.15 -1.32 -0.49 0.35 1.18 2.01 2.84 3.67 4.50
1943.00 -1.14 -0.68 -0.23 0.23 0.69 1.14 1.60 2.06 2.51
1944.00 0.39 0.50 0.60 0.71 0.81 0.91 1.02 1.12 1.23
1945.00 2.13 1.86 1.60 1.34 1.07 0.81 0.55 0.28 0.02
1946.00 4.00 3.35 2.71 2.07 1.42 0.77 0.13 -0.51 -1.16
1947.00 6.19 5.14 4.09 3.05 2.00 0.95 -0.09 -1.14 -2.19
1948.00 9.68 8.21 6.74 5.27 3.80 2.32 0.85 -0.62 -2.09
1949.00 11.41 9.51 7.62 5.73 3.83 1.94 0.05 -1.85 -3.74
1950.00 13.09 10.77 8.45 6.14 3.82 1.50 -0.81 -3.13 -5.45
1951.00 14.93 12.22 9.50 6.79 4.07 1.35 -1.36 -4.08 -6.79
1952.00 18.06 14.89 11.72 8.55 5.38 2.20 -0.97 -4.14 -7.31
1953.00 20.12 16.48 12.84 9.20 5.56 1.91 -1.73 -5.37 -9.01
1954.00 22.19 18.05 13.92 9.78 5.65 1.51 -2.63 -6.76 -10.90
1955.00 24.26 19.67 15.08 10.49 5.91 1.32 -3.27 -7.86 -12.44
1956.00 26.08 21.04 15.99 10.95 5.90 0.86 -4.19 -9.23 -14.28
1957.00 28.53 23.03 17.54 12.05 6.56 1.06 -4.43 -9.92 -15.41
1958.00 31.00 25.02 19.04 13.06 7.08 1.10 -4.88 -10.86 -16.84
1959.00 33.63 27.13 20.63 14.13 7.63 1.13 -5.37 -11.87 -18.37
1960.00 35.72 28.72 21.72 14.72 7.72 0.72 -6.27 -13.27 -20.27
1961.00 37.86 30.38 22.91 15.43 7.96 0.49 -6.99 -14.46 -21.94
1962.00 40.45 32.48 24.52 16.56 8.59 0.63 -7.33 -15.30 -23.26
1963.00 43.75 35.27 26.78 18.30 9.81 1.33 -7.16 -15.64 -24.13
1964.00 46.91 37.89 28.87 19.85 10.83 1.81 -7.21 -16.23 -25.25
1965.00 49.58 40.04 30.50 20.96 11.42 1.88 -7.66 -17.20 -26.74
1966.00 51.36 41.30 31.25 21.19 11.13 1.08 -8.98 -19.03 -29.09
1967.00 53.84 43.29 32.73 22.17 11.62 1.06 -9.50 -20.05 -30.61
1968.00 56.48 45.38 34.28 23.18 12.08 0.97 -10.13 -21.23 -32.33
1969.00 58.51 46.87 35.23 23.59 11.95 0.31 -11.33 -22.97 -34.61
1970.00 96.65 96.65 96.66 96.66 96.66 96.66 96.67 96.67 96.67
1971.00 96.88 96.88 96.87 96.87 96.87 96.87 96.87 96.86 96.86
1972.00 88.67 88.68 88.68 88.68 88.69 88.69 88.69 88.70 88.70
1973.00 91.08 91.08 91.08 91.08 91.08 91.07 91.07 91.07 91.07
1974.00 98.49 98.49 98.49 98.49 98.49 98.49 98.49 98.49 98.49
1975.00 99.49 99.48 99.48 99.48 99.48 99.48 99.48 99.47 99.47
1976.00 100.30 100.30 100.31 100.31 100.32 100.32 100.33 100.33 100.34
1977.00 99.35 99.35 99.35 99.35 99.35 99.35 99.35 99.35 99.35
1978.00 101.26 101.27 101.27 101.27 101.27 101.27 101.27 101.27 101.28
1979.00 101.41 101.41 101.40 101.40 101.40 101.39 101.39 101.39 101.38
1980.00 101.55 101.55 101.55 101.54 101.54 101.54 101.54 101.54 101.54
1981.00 112.49 112.49 112.49 112.50 112.50 112.50 112.50 112.51 112.51
1982.00 106.61 106.61 106.62 106.62 106.63 106.63 106.64 106.64 106.65
1983.00 102.40 102.40 102.40 102.40 102.40 102.40 102.40 102.40 102.40
1984.00 96.27 96.27 96.26 96.25 96.25 96.24 96.24 96.23 96.22
1985.00 96.48 96.48 96.48 96.48 96.48 96.48 96.49 96.49 96.49
1986.00 94.18 94.18 94.18 94.18 94.18 94.18 94.18 94.18 94.18
1987.00 91.30 91.30 91.31 91.31 91.31 91.31 91.32 91.32 91.32
1988.00 86.68 86.77 86.86 86.95 87.04 87.13 87.21 87.30 87.39
1989.00 82.38 82.59 82.80 83.01 83.21 83.42 83.63 83.84 84.05
1990.00 78.22 78.55 78.87 79.19 79.51 79.83 80.15 80.47 80.79
1991.00 75.62 76.24 76.85 77.47 78.08 78.70 79.31 79.93 80.54
1992.00 73.23 74.23 75.23 76.23 77.22 78.22 79.22 80.22 81.21
1993.00 70.28 71.64 73.01 74.37 75.74 77.10 78.47 79.83 81.20
1994.00 67.00 68.76 70.52 72.28 74.03 75.79 77.55 79.31 81.06
1995.00 64.56 66.84 69.13 71.41 73.70 75.98 78.26 80.55 82.83
1996.00 62.00 64.61 67.21 69.81 72.42 75.02 77.62 80.22 82.83
1997.00 59.96 63.00 66.04 69.09 72.13 75.17 78.21 81.26 84.30
1998.00 56.83 60.18 63.53 66.88 70.24 73.59 76.94 80.29 83.64
1999.00 53.23 56.75 60.26 63.78 67.29 70.80 74.32 77.83 81.35
2000.00 49.43 52.93 56.43 59.92 63.42 66.92 70.42 73.92 77.41
2001.00 46.00 49.70 53.39 57.08 60.78 64.47 68.16 71.85 75.55
2002.00 43.40 47.38 51.36 55.34 59.32 63.29 67.27 71.25 75.23
2003.00 41.12 45.39 49.66 53.94 58.21 62.48 66.75 71.02 75.29
2004.00 36.93 41.14 45.35 49.55 53.76 57.96 62.17 66.37 70.58
2005.00 33.31 37.83 42.35 46.87 51.39 55.92 60.44 64.96 69.48
2006.00 30.70 35.50 40.31 45.12 49.93 54.74 59.55 64.35 69.16
2007.00 29.13 34.14 39.14 44.15 49.16 54.17 59.18 64.19 69.19
2008.00 25.74 30.70 35.66 40.62 45.58 50.54 55.50 60.46 65.42
2009.00 22.77 27.81 32.85 37.89 42.93 47.97 53.01 58.04 63.08
2010.00 19.28 24.20 29.13 34.06 38.98 43.91 48.83 53.76 58.69
2011.00 16.54 21.70 26.86 32.01 37.17 42.32 47.48 52.63 57.79
2012.00 14.45 19.83 25.22 30.60 35.99 41.37 46.75 52.13 57.52
2013.00 12.37 17.90 23.43 28.95 34.48 40.01 45.54 51.07 56.60
2014.00 11.24 16.88 22.53 28.17 33.81 39.45 45.10 50.74 56.38
2015.00 9.16 15.10 21.04 26.98 32.92 38.86 44.80 50.73 56.67
2016.00 6.92 13.08 19.24 25.40 31.56 37.72 43.88 50.04 56.20
2017.00 4.86 11.19 17.52 23.86 30.19 36.52 42.85 49.18 55.51
2018.00 -9.10 -6.90 -4.69 -2.48 -0.28 1.93 4.13 6.34 8.54
2019.00 -10.68 -8.22 -5.76 -3.31 -0.85 1.61 4.07 6.52 8.98
2020.00 -10.99 -8.30 -5.61 -2.92 -0.22 2.47 5.16 7.85 10.54
2021.00 -12.40 -9.50 -6.59 -3.69 -0.79 2.12 5.02 7.92 10.83
2022.00 -13.68 -10.58 -7.47 -4.37 -1.27 1.84 4.94 8.04 11.15
2023.00 -15.04 -11.74 -8.45 -5.16 -1.86 1.43 4.72 8.02 11.31
2024.00 -15.82 -12.36 -8.90 -5.44 -1.98 1.47 4.93 8.39 11.85
2025.00 -16.40 -12.82 -9.23 -5.64 -2.06 1.53 5.11 8.70 12.29
2026.00 -17.47 -13.78 -10.08 -6.38 -2.69 1.01 4.70 8.40 12.09
2027.00 -18.56 -14.76 -10.97 -7.17 -3.37 0.42 4.22 8.01 11.81
2028.00 -18.92 -15.01 -11.11 -7.20 -3.30 0.61 4.51 8.42 12.32
2029.00 -20.14 -16.15 -12.17 -8.19 -4.21 -0.23 3.74 7.73 11.70
2030.00 -20.23 -16.19 -12.15 -8.11 -4.07 -0.03 4.01 8.05 12.09
2031.00 -20.33 -16.25 -12.18 -8.11 -4.03 0.04 4.11 8.19 12.26
2032.00 -20.39 -16.29 -12.18 -8.08 -3.97 0.14 4.24 8.35 12.45
2033.00 -20.84 -16.69 -12.55 -8.40 -4.25 -0.11 4.04 8.18 12.33
2034.00 -20.84 -16.65 -12.47 -8.28 -4.09 0.09 4.28 8.47 12.66
2035.00 -20.82 -16.61 -12.41 -8.20 -4.00 0.21 4.41 8.62 12.82
2036.00 -20.77 -16.55 -12.33 -8.11 -3.89 0.33 4.55 8.78 13.00
2037.00 -21.22 -17.00 -12.77 -8.55 -4.32 -0.10 4.13 8.36 12.58
2038.00 -21.11 -16.86 -12.62 -8.37 -4.13 0.12 4.36 8.61 12.85
2039.00 -21.25 -17.00 -12.75 -8.50 -4.25 0.00 4.25 8.51 12.75
2040.00 -21.20 -16.94 -12.68 -8.42 -4.15 0.11 4.37 8.63 12.89
2041.00 -21.28 -17.02 -12.76 -8.50 -4.24 0.02 4.28 8.55 12.80
2042.00 -20.96 -16.69 -12.43 -8.15 -3.89 0.38 4.65 8.92 13.19
2043.00 -21.06 -16.78 -12.51 -8.23 -3.96 0.32 4.60 8.87 13.15
2044.00 -21.01 -16.72 -12.43 -8.14 -3.85 0.44 4.73 9.02 13.31
2045.00 -21.06 -16.77 -12.48 -8.19 -3.90 0.39 4.68 8.98 13.27
2046.00 -20.63 -16.34 -12.04 -7.74 -3.45 0.85 5.14 9.44 13.74
2047.00 -20.84 -16.55 -12.26 -7.96 -3.67 0.62 4.91 9.21 13.50
2048.00 -20.85 -16.55 -12.26 -7.96 -3.66 0.63 4.93 9.23 13.52
2049.00 -21.04 -16.74 -12.45 -8.15 -3.85 0.45 4.74 9.04 13.34
2050.00 -20.95 -16.66 -12.36 -8.05 -3.76 0.54 4.84 9.14 13.44
2051.00 -21.34 -17.04 -12.75 -8.45 -4.16 0.13 4.42 8.72 13.01
2052.00 -21.27 -16.98 -12.69 -8.39 -4.10 0.20 4.49 8.79 13.08
2053.00 -21.26 -16.98 -12.69 -8.41 -4.13 0.16 4.44 8.72 13.01
2054.00 -21.15 -16.87 -12.59 -8.31 -4.03 0.25 4.53 8.82 13.10
2055.00 -21.43 -17.16 -12.88 -8.61 -4.34 -0.06 4.21 8.48 12.76
2056.00 -21.32 -17.05 -12.77 -8.50 -4.22 0.05 4.33 8.60 12.88
2057.00 -21.20 -16.93 -12.67 -8.40 -4.14 0.13 4.39 8.66 12.92
2058.00 -20.98 -16.71 -12.45 -8.18 -3.92 0.35 4.61 8.88 13.14
2059.00 -21.19 -16.94 -12.68 -8.43 -4.18 0.07 4.33 8.58 12.83
2060.00 -20.91 -16.65 -12.40 -8.15 -3.90 0.35 4.61 8.86 13.11
2061.00 -21.11 -16.86 -12.62 -8.37 -4.13 0.12 4.36 8.61 12.85
2062.00 -21.09 -16.85 -12.60 -8.35 -4.11 0.14 4.39 8.63 12.88
2063.00 -21.18 -16.94 -12.70 -8.46 -4.22 0.01 4.25 8.49 12.73
2064.00 -20.76 -16.53 -12.30 -8.06 -3.83 0.40 4.64 8.87 13.10
2065.00 -20.65 -16.44 -12.22 -8.00 -3.78 0.44 4.66 8.88 13.10
