# yearspad, alpred
# [0.3 0.4 0.5 0.6 0.7 0.8 0.9 1.  1.1]
1922.00 -25.17 -20.95 -16.72 -12.50 -8.27 -4.05 0.18 4.40 8.62
1923.00 -24.73 -20.52 -16.32 -12.11 -7.91 -3.70 0.50 4.70 8.90
1924.00 -24.35 -20.17 -15.98 -11.80 -7.61 -3.43 0.76 4.94 9.12
1925.00 -23.88 -19.75 -15.62 -11.48 -7.35 -3.21 0.92 5.05 9.18
1926.00 -23.44 -19.36 -15.28 -11.20 -7.12 -3.03 1.05 5.13 9.21
1927.00 -22.95 -18.93 -14.91 -10.89 -6.87 -2.85 1.17 5.19 9.20
1928.00 -22.47 -18.52 -14.57 -10.62 -6.67 -2.72 1.23 5.17 9.12
1929.00 -21.98 -18.13 -14.28 -10.42 -6.57 -2.72 1.13 4.98 8.83
1930.00 -21.14 -17.41 -13.67 -9.94 -6.20 -2.46 1.27 5.00 8.73
1931.00 -20.29 -16.71 -13.13 -9.55 -5.97 -2.38 1.20 4.78 8.36
1932.00 -19.51 -16.08 -12.65 -9.21 -5.78 -2.35 1.09 4.51 7.94
1933.00 -18.50 -15.24 -11.98 -8.71 -5.45 -2.18 1.08 4.34 7.60
1934.00 -17.21 -14.13 -11.05 -7.97 -4.89 -1.81 1.27 4.35 7.43
1935.00 -15.56 -12.72 -9.88 -7.04 -4.19 -1.35 1.49 4.33 7.17
1936.00 -14.43 -11.84 -9.26 -6.67 -4.08 -1.49 1.09 3.68 6.26
1937.00 -12.99 -10.68 -8.36 -6.04 -3.72 -1.40 0.91 3.23 5.54
1938.00 -12.03 -9.97 -7.91 -5.85 -3.79 -1.73 0.33 2.39 4.45
1939.00 -10.96 -9.20 -7.43 -5.66 -3.90 -2.13 -0.36 1.40 3.17
1940.00 -9.18 -7.70 -6.23 -4.76 -3.29 -1.81 -0.34 1.13 2.60
1941.00 -7.24 -6.12 -5.00 -3.88 -2.76 -1.63 -0.51 0.61 1.72
1942.00 -5.38 -4.60 -3.83 -3.05 -2.27 -1.49 -0.72 0.06 0.83
1943.00 -3.44 -3.04 -2.64 -2.24 -1.84 -1.44 -1.04 -0.64 -0.24
1944.00 -1.38 -1.34 -1.30 -1.25 -1.21 -1.16 -1.12 -1.08 -1.04
1945.00 0.64 0.31 -0.02 -0.35 -0.68 -1.00 -1.33 -1.66 -1.99
1946.00 2.90 2.19 1.47 0.76 0.05 -0.66 -1.38 -2.09 -2.81
1947.00 5.05 3.94 2.82 1.70 0.59 -0.53 -1.65 -2.77 -3.88
1948.00 7.76 6.21 4.67 3.12 1.58 0.03 -1.51 -3.06 -4.61
1949.00 9.84 7.87 5.90 3.94 1.97 0.00 -1.97 -3.94 -5.91
1950.00 12.04 9.64 7.25 4.86 2.46 0.07 -2.32 -4.71 -7.11
1951.00 14.82 12.03 9.24 6.45 3.66 0.87 -1.92 -4.71 -7.51
1952.00 17.82 14.58 11.33 8.09 4.84 1.60 -1.65 -4.90 -8.14
1953.00 20.72 17.01 13.30 9.58 5.87 2.16 -1.55 -5.27 -8.98
1954.00 23.41 19.20 15.00 10.79 6.59 2.39 -1.82 -6.02 -10.23
1955.00 25.82 21.16 16.51 11.85 7.20 2.54 -2.11 -6.77 -11.42
1956.00 28.24 23.13 18.02 12.91 7.80 2.69 -2.42 -7.53 -12.65
1957.00 30.58 25.02 19.46 13.91 8.35 2.79 -2.76 -8.32 -13.88
1958.00 33.73 27.70 21.66 15.62 9.58 3.54 -2.50 -8.54 -14.58
1959.00 37.10 30.55 24.00 17.45 10.89 4.34 -2.21 -8.76 -15.31
1960.00 39.95 32.90 25.86 18.81 11.77 4.72 -2.32 -9.37 -16.41
1961.00 42.71 35.19 27.68 20.16 12.64 5.13 -2.39 -9.91 -17.42
1962.00 45.93 37.93 29.92 21.92 13.92 5.92 -2.09 -10.09 -18.09
1963.00 48.99 40.47 31.95 23.43 14.91 6.39 -2.13 -10.65 -19.17
1964.00 51.91 42.86 33.81 24.76 15.71 6.67 -2.38 -11.43 -20.48
1965.00 54.68 45.12 35.55 25.99 16.43 6.87 -2.70 -12.26 -21.82
1966.00 57.40 47.33 37.26 27.19 17.12 7.05 -3.02 -13.09 -23.16
1967.00 60.30 49.74 39.17 28.61 18.04 7.48 -3.08 -13.65 -24.21
1968.00 63.87 52.77 41.67 30.57 19.46 8.36 -2.74 -13.84 -24.94
1969.00 66.63 55.00 43.37 31.73 20.10 8.47 -3.16 -14.79 -26.42
1970.00 106.34 106.34 106.34 106.34 106.34 106.35 106.35 106.35 106.35
1971.00 105.46 105.45 105.45 105.45 105.45 105.45 105.45 105.44 105.44
1972.00 108.78 108.78 108.79 108.79 108.79 108.80 108.80 108.80 108.81
1973.00 109.50 109.50 109.50 109.50 109.50 109.50 109.50 109.50 109.50
1974.00 111.80 111.80 111.80 111.80 111.80 111.80 111.80 111.80 111.80
1975.00 113.50 113.50 113.50 113.49 113.49 113.49 113.49 113.49 113.49
1976.00 115.42 115.42 115.43 115.43 115.44 115.44 115.45 115.45 115.46
1977.00 117.17 117.17 117.17 117.17 117.17 117.17 117.17 117.17 117.17
1978.00 116.72 116.72 116.72 116.72 116.72 116.72 116.72 116.73 116.73
1979.00 117.10 117.10 117.10 117.09 117.09 117.09 117.08 117.08 117.08
1980.00 117.63 117.62 117.62 117.62 117.62 117.62 117.62 117.62 117.62
1981.00 119.81 119.81 119.81 119.82 119.82 119.82 119.83 119.83 119.83
1982.00 115.54 115.54 115.55 115.55 115.56 115.56 115.57 115.57 115.58
1983.00 106.43 106.44 106.44 106.44 106.44 106.44 106.44 106.44 106.44
1984.00 105.62 105.61 105.60 105.60 105.59 105.59 105.58 105.57 105.57
1985.00 106.96 106.96 106.96 106.96 106.96 106.97 106.97 106.97 106.97
1986.00 105.42 105.43 105.43 105.43 105.43 105.43 105.43 105.43 105.43
1987.00 105.95 105.95 105.95 105.95 105.96 105.96 105.96 105.96 105.97
1988.00 101.75 101.83 101.92 102.00 102.08 102.17 102.25 102.33 102.41
1989.00 97.79 97.99 98.19 98.38 98.58 98.78 98.98 99.18 99.38
1990.00 93.47 93.77 94.08 94.39 94.70 95.01 95.32 95.63 95.94
1991.00 89.97 90.55 91.13 91.72 92.30 92.88 93.47 94.05 94.64
1992.00 86.62 87.58 88.54 89.50 90.47 91.43 92.39 93.35 94.32
1993.00 82.85 84.18 85.51 86.84 88.17 89.50 90.83 92.16 93.49
1994.00 79.28 80.98 82.68 84.38 86.08 87.78 89.48 91.18 92.88
1995.00 76.44 78.64 80.85 83.06 85.26 87.47 89.68 91.88 94.09
1996.00 72.91 75.41 77.91 80.42 82.92 85.43 87.93 90.43 92.94
1997.00 70.04 72.97 75.91 78.84 81.78 84.71 87.65 90.58 93.52
1998.00 66.91 70.16 73.41 76.66 79.91 83.16 86.41 89.66 92.91
1999.00 62.65 66.07 69.48 72.89 76.31 79.72 83.13 86.55 89.96
2000.00 57.80 61.20 64.60 67.99 71.39 74.78 78.18 81.58 84.97
2001.00 54.16 57.75 61.34 64.93 68.51 72.10 75.69 79.28 82.86
2002.00 50.89 54.75 58.62 62.49 66.35 70.22 74.08 77.95 81.82
2003.00 48.45 52.61 56.77 60.93 65.09 69.24 73.40 77.56 81.72
2004.00 44.09 48.18 52.27 56.36 60.45 64.54 68.63 72.72 76.82
2005.00 40.90 45.31 49.71 54.12 58.52 62.93 67.33 71.74 76.14
2006.00 37.73 42.41 47.09 51.77 56.45 61.13 65.81 70.49 75.17
2007.00 34.77 39.65 44.53 49.41 54.29 59.16 64.04 68.92 73.80
2008.00 30.59 35.43 40.27 45.10 49.94 54.78 59.61 64.45 69.29
2009.00 26.94 31.88 36.82 41.75 46.69 51.63 56.57 61.51 66.45
2010.00 22.68 27.51 32.34 37.17 42.01 46.84 51.67 56.50 61.33
2011.00 19.81 24.87 29.94 35.00 40.07 45.13 50.20 55.26 60.33
2012.00 17.21 22.51 27.80 33.10 38.39 43.69 48.98 54.28 59.57
2013.00 15.07 20.52 25.96 31.41 36.85 42.30 47.74 53.19 58.64
2014.00 12.57 18.13 23.69 29.25 34.81 40.37 45.93 51.49 57.05
2015.00 10.01 15.87 21.73 27.60 33.46 39.32 45.18 51.05 56.91
2016.00 7.25 13.34 19.43 25.51 31.60 37.68 43.77 49.85 55.94
2017.00 5.04 11.30 17.56 23.82 30.08 36.33 42.59 48.85 55.11
2018.00 -9.67 -7.49 -5.31 -3.13 -0.95 1.23 3.41 5.59 7.78
2019.00 -11.09 -8.65 -6.22 -3.78 -1.34 1.10 3.53 5.97 8.41
2020.00 -12.26 -9.58 -6.91 -4.23 -1.55 1.12 3.79 6.47 9.15
2021.00 -13.54 -10.64 -7.75 -4.85 -1.96 0.93 3.82 6.71 9.61
2022.00 -15.01 -11.92 -8.82 -5.72 -2.62 0.47 3.56 6.66 9.76
2023.00 -16.32 -13.03 -9.74 -6.45 -3.16 0.13 3.42 6.71 10.00
2024.00 -17.47 -14.01 -10.55 -7.09 -3.63 -0.18 3.28 6.74 10.20
2025.00 -18.64 -15.05 -11.47 -7.88 -4.29 -0.70 2.88 6.47 10.06
2026.00 -19.66 -15.96 -12.26 -8.56 -4.86 -1.17 2.53 6.23 9.93
2027.00 -20.88 -17.08 -13.27 -9.47 -5.67 -1.87 1.93 5.73 9.54
2028.00 -21.69 -17.77 -13.86 -9.94 -6.03 -2.12 1.79 5.71 9.62
2029.00 -22.38 -18.39 -14.40 -10.40 -6.41 -2.42 1.57 5.56 9.56
2030.00 -22.88 -18.82 -14.77 -10.72 -6.66 -2.61 1.44 5.49 9.55
2031.00 -22.87 -18.78 -14.69 -10.60 -6.52 -2.43 1.65 5.74 9.83
2032.00 -23.51 -19.39 -15.27 -11.15 -7.03 -2.91 1.20 5.32 9.44
2033.00 -24.22 -20.06 -15.90 -11.74 -7.58 -3.42 0.74 4.90 9.06
2034.00 -24.61 -20.40 -16.20 -12.00 -7.79 -3.59 0.61 4.81 9.02
2035.00 -25.01 -20.78 -16.56 -12.34 -8.12 -3.90 0.32 4.54 8.77
2036.00 -25.28 -21.04 -16.80 -12.56 -8.33 -4.09 0.14 4.38 8.62
2037.00 -25.51 -21.27 -17.02 -12.78 -8.53 -4.29 -0.05 4.19 8.44
2038.00 -25.63 -21.36 -17.10 -12.83 -8.57 -4.31 -0.05 4.21 8.48
2039.00 -25.65 -21.38 -17.11 -12.84 -8.57 -4.30 -0.03 4.24 8.51
2040.00 -25.77 -21.49 -17.21 -12.92 -8.64 -4.36 -0.09 4.19 8.48
2041.00 -25.66 -21.38 -17.09 -12.81 -8.53 -4.25 0.03 4.31 8.60
2042.00 -25.56 -21.27 -16.98 -12.69 -8.40 -4.11 0.17 4.46 8.75
2043.00 -25.70 -21.41 -17.11 -12.81 -8.51 -4.22 0.08 4.37 8.67
2044.00 -25.67 -21.36 -17.05 -12.73 -8.42 -4.11 0.19 4.50 8.82
2045.00 -25.56 -21.25 -16.94 -12.62 -8.31 -3.99 0.32 4.63 8.94
2046.00 -25.56 -21.25 -16.93 -12.61 -8.29 -3.97 0.34 4.66 8.98
2047.00 -25.58 -21.26 -16.95 -12.63 -8.32 -4.00 0.31 4.62 8.94
2048.00 -25.69 -21.37 -17.05 -12.73 -8.41 -4.09 0.22 4.54 8.86
2049.00 -25.75 -21.43 -17.11 -12.79 -8.47 -4.14 0.17 4.49 8.81
2050.00 -25.80 -21.47 -17.15 -12.83 -8.50 -4.18 0.14 4.46 8.78
2051.00 -25.83 -21.51 -17.20 -12.88 -8.56 -4.24 0.07 4.39 8.70
2052.00 -25.81 -21.49 -17.18 -12.86 -8.54 -4.22 0.09 4.41 8.72
2053.00 -25.64 -21.33 -17.03 -12.72 -8.41 -4.10 0.20 4.50 8.81
2054.00 -25.65 -21.34 -17.04 -12.73 -8.43 -4.12 0.18 4.48 8.79
2055.00 -25.70 -21.40 -17.11 -12.81 -8.51 -4.21 0.08 4.37 8.67
2056.00 -25.58 -21.28 -16.98 -12.68 -8.39 -4.09 0.21 4.50 8.80
2057.00 -25.54 -21.25 -16.97 -12.68 -8.39 -4.10 0.18 4.46 8.75
2058.00 -25.66 -21.38 -17.09 -12.80 -8.52 -4.23 0.05 4.34 8.62
2059.00 -25.63 -21.36 -17.09 -12.81 -8.54 -4.26 0.01 4.28 8.55
2060.00 -25.66 -21.39 -17.12 -12.85 -8.57 -4.30 -0.03 4.23 8.51
2061.00 -25.76 -21.49 -17.23 -12.96 -8.70 -4.43 -0.17 4.09 8.35
2062.00 -25.77 -21.50 -17.24 -12.97 -8.70 -4.44 -0.17 4.09 8.35
2063.00 -25.66 -21.40 -17.14 -12.88 -8.62 -4.36 -0.11 4.14 8.40
2064.00 -25.47 -21.22 -16.97 -12.72 -8.47 -4.22 0.03 4.27 8.52
2065.00 -25.33 -21.09 -16.86 -12.62 -8.39 -4.15 0.08 4.31 8.54
