# yearspad, alpred
# [0.3 0.4 0.5 0.6 0.7 0.8 0.9 1.  1.1]
1922.00 -27.08 -22.81 -18.55 -14.29 -10.03 -5.77 -1.50 2.76 7.02
1923.00 -26.22 -21.98 -17.74 -13.50 -9.26 -5.02 -0.78 3.46 7.70
1924.00 -26.34 -22.12 -17.90 -13.68 -9.47 -5.25 -1.03 3.19 7.41
1925.00 -25.57 -21.41 -17.24 -13.08 -8.91 -4.75 -0.59 3.58 7.74
1926.00 -25.27 -21.16 -17.05 -12.94 -8.83 -4.72 -0.61 3.50 7.61
1927.00 -24.86 -20.82 -16.77 -12.73 -8.69 -4.65 -0.60 3.44 7.48
1928.00 -24.67 -20.70 -16.73 -12.76 -8.79 -4.82 -0.86 3.11 7.08
1929.00 -24.18 -20.31 -16.45 -12.58 -8.72 -4.85 -0.98 2.88 6.75
1930.00 -23.41 -19.67 -15.93 -12.18 -8.44 -4.69 -0.95 2.79 6.54
1931.00 -21.64 -18.05 -14.47 -10.88 -7.30 -3.71 -0.13 3.46 7.04
1932.00 -20.64 -17.21 -13.78 -10.35 -6.92 -3.49 -0.06 3.37 6.80
1933.00 -18.83 -15.57 -12.32 -9.06 -5.80 -2.55 0.71 3.97 7.23
1934.00 -17.94 -14.87 -11.81 -8.74 -5.68 -2.61 0.46 3.52 6.59
1935.00 -16.42 -13.60 -10.78 -7.96 -5.14 -2.32 0.49 3.31 6.13
1936.00 -14.88 -12.33 -9.77 -7.22 -4.67 -2.11 0.44 3.00 5.55
1937.00 -12.95 -10.68 -8.40 -6.12 -3.85 -1.57 0.70 2.98 5.26
1938.00 -12.14 -10.13 -8.13 -6.12 -4.11 -2.10 -0.09 1.92 3.93
1939.00 -9.94 -8.23 -6.52 -4.82 -3.11 -1.40 0.30 2.01 3.72
1940.00 -8.35 -6.95 -5.55 -4.15 -2.75 -1.35 0.05 1.45 2.85
1941.00 -5.59 -4.55 -3.50 -2.46 -1.42 -0.38 0.66 1.71 2.75
1942.00 -3.36 -2.67 -1.98 -1.29 -0.60 0.09 0.78 1.47 2.16
1943.00 -0.71 -0.41 -0.10 0.20 0.51 0.82 1.12 1.43 1.73
1944.00 1.68 1.62 1.56 1.50 1.44 1.37 1.31 1.25 1.19
1945.00 3.82 3.38 2.94 2.50 2.06 1.62 1.18 0.73 0.29
1946.00 5.50 4.67 3.83 3.00 2.17 1.33 0.50 -0.34 -1.17
1947.00 8.25 7.01 5.76 4.52 3.28 2.03 0.79 -0.46 -1.70
1948.00 10.93 9.26 7.58 5.90 4.23 2.55 0.87 -0.81 -2.48
1949.00 14.22 12.11 10.01 7.91 5.81 3.70 1.60 -0.50 -2.60
1950.00 17.24 14.72 12.19 9.66 7.14 4.61 2.08 -0.44 -2.97
1951.00 20.09 17.17 14.24 11.32 8.39 5.47 2.54 -0.38 -3.31
1952.00 22.34 18.96 15.58 12.20 8.82 5.44 2.06 -1.32 -4.70
1953.00 25.19 21.34 17.49 13.64 9.79 5.94 2.09 -1.75 -5.60
1954.00 27.90 23.56 19.23 14.89 10.55 6.21 1.88 -2.46 -6.80
1955.00 30.85 26.07 21.29 16.50 11.72 6.93 2.15 -2.63 -7.42
1956.00 33.57 28.34 23.10 17.87 12.64 7.40 2.17 -3.07 -8.30
1957.00 36.48 30.80 25.12 19.45 13.77 8.10 2.42 -3.25 -8.93
1958.00 40.06 33.91 27.76 21.61 15.46 9.30 3.15 -3.00 -9.15
1959.00 43.74 37.09 30.44 23.78 17.13 10.47 3.82 -2.84 -9.49
1960.00 47.14 40.00 32.86 25.72 18.59 11.45 4.31 -2.83 -9.97
1961.00 49.82 42.22 34.62 27.02 19.42 11.82 4.22 -3.38 -10.98
1962.00 52.31 44.23 36.16 28.08 20.00 11.92 3.85 -4.23 -12.31
1963.00 55.07 46.49 37.90 29.32 20.74 12.16 3.57 -5.01 -13.59
1964.00 58.85 49.75 40.65 31.55 22.45 13.34 4.24 -4.86 -13.96
1965.00 61.97 52.37 42.76 33.16 23.56 13.95 4.35 -5.25 -14.86
1966.00 65.52 55.42 45.32 35.22 25.13 15.03 4.93 -5.17 -15.27
1967.00 68.49 57.92 47.34 36.76 26.19 15.61 5.03 -5.54 -16.12
1968.00 71.54 60.44 49.34 38.24 27.14 16.04 4.94 -6.16 -17.27
1969.00 74.01 62.39 50.77 39.15 27.53 15.91 4.29 -7.34 -18.96
1970.00 114.41 114.41 114.41 114.42 114.42 114.42 114.42 114.42 114.43
1971.00 111.60 111.60 111.60 111.60 111.60 111.60 111.60 111.59 111.59
1972.00 117.43 117.44 117.44 117.44 117.45 117.45 117.45 117.46 117.46
1973.00 116.63 116.63 116.63 116.63 116.63 116.63 116.63 116.62 116.62
1974.00 119.92 119.92 119.92 119.92 119.92 119.92 119.92 119.92 119.92
1975.00 123.24 123.24 123.24 123.24 123.23 123.23 123.23 123.23 123.23
1976.00 129.70 129.71 129.71 129.72 129.72 129.73 129.73 129.74 129.74
1977.00 133.78 133.78 133.78 133.78 133.78 133.79 133.79 133.79 133.79
1978.00 131.52 131.52 131.52 131.52 131.52 131.52 131.52 131.52 131.53
1979.00 122.22 122.22 122.22 122.21 122.21 122.21 122.20 122.20 122.20
1980.00 122.30 122.30 122.30 122.30 122.30 122.30 122.29 122.29 122.29
1981.00 120.50 120.51 120.51 120.51 120.52 120.52 120.52 120.53 120.53
1982.00 119.77 119.77 119.78 119.78 119.79 119.79 119.80 119.80 119.80
1983.00 115.70 115.70 115.70 115.70 115.70 115.70 115.70 115.70 115.71
1984.00 111.91 111.91 111.90 111.89 111.89 111.88 111.88 111.87 111.86
1985.00 109.17 109.17 109.18 109.18 109.18 109.18 109.18 109.18 109.18
1986.00 112.00 112.00 112.00 112.00 112.01 112.01 112.01 112.01 112.01
1987.00 107.51 107.51 107.51 107.51 107.52 107.52 107.52 107.52 107.53
1988.00 103.91 103.97 104.03 104.10 104.16 104.22 104.29 104.35 104.41
1989.00 99.04 99.22 99.39 99.56 99.74 99.91 100.09 100.26 100.44
1990.00 94.23 94.49 94.75 95.01 95.27 95.53 95.79 96.05 96.31
1991.00 90.20 90.73 91.26 91.79 92.32 92.85 93.38 93.91 94.44
1992.00 87.11 88.01 88.91 89.81 90.72 91.62 92.52 93.42 94.32
1993.00 83.70 84.93 86.15 87.37 88.59 89.81 91.03 92.26 93.48
1994.00 80.65 82.25 83.85 85.45 87.05 88.65 90.26 91.86 93.46
1995.00 77.06 79.14 81.22 83.29 85.37 87.45 89.53 91.61 93.69
1996.00 73.09 75.46 77.83 80.20 82.57 84.94 87.31 89.68 92.05
1997.00 69.40 72.18 74.96 77.75 80.53 83.31 86.09 88.88 91.66
1998.00 65.84 68.92 72.00 75.08 78.17 81.25 84.33 87.41 90.49
1999.00 62.01 65.24 68.48 71.72 74.96 78.19 81.43 84.67 87.91
2000.00 57.25 60.47 63.68 66.90 70.12 73.34 76.56 79.78 82.99
2001.00 53.29 56.68 60.08 63.48 66.88 70.28 73.68 77.07 80.47
2002.00 50.34 54.01 57.67 61.34 65.01 68.68 72.35 76.01 79.68
2003.00 47.90 51.82 55.75 59.68 63.61 67.54 71.46 75.39 79.32
2004.00 43.33 47.23 51.12 55.01 58.90 62.80 66.69 70.58 74.47
2005.00 40.06 44.27 48.48 52.69 56.90 61.11 65.32 69.53 73.74
2006.00 35.86 40.33 44.80 49.27 53.74 58.21 62.68 67.15 71.62
2007.00 32.22 36.89 41.56 46.23 50.90 55.57 60.25 64.92 69.59
2008.00 28.29 32.91 37.53 42.15 46.77 51.40 56.02 60.64 65.26
2009.00 25.43 30.13 34.84 39.54 44.24 48.94 53.64 58.34 63.04
2010.00 21.07 25.66 30.25 34.84 39.43 44.02 48.61 53.20 57.79
2011.00 18.14 22.98 27.81 32.64 37.47 42.30 47.13 51.96 56.79
2012.00 14.68 19.75 24.82 29.89 34.96 40.03 45.10 50.17 55.23
2013.00 12.11 17.34 22.57 27.80 33.03 38.26 43.49 48.72 53.94
2014.00 9.01 14.38 19.74 25.10 30.47 35.83 41.20 46.56 51.92
2015.00 6.68 12.36 18.03 23.71 29.38 35.06 40.73 46.40 52.08
2016.00 3.99 9.90 15.81 21.72 27.64 33.55 39.46 45.37 51.28
2017.00 1.91 8.04 14.15 20.27 26.39 32.51 38.64 44.75 50.87
2018.00 -13.11 -10.97 -8.84 -6.70 -4.57 -2.43 -0.29 1.84 3.98
2019.00 -13.82 -11.42 -9.01 -6.61 -4.20 -1.80 0.61 3.01 5.41
2020.00 -15.76 -13.11 -10.46 -7.81 -5.16 -2.50 0.15 2.80 5.45
2021.00 -16.73 -13.85 -10.98 -8.10 -5.22 -2.34 0.54 3.41 6.29
2022.00 -18.36 -15.27 -12.18 -9.09 -6.01 -2.92 0.17 3.26 6.34
2023.00 -19.88 -16.59 -13.31 -10.02 -6.73 -3.44 -0.16 3.13 6.42
2024.00 -21.55 -18.09 -14.63 -11.16 -7.70 -4.24 -0.77 2.69 6.15
2025.00 -22.55 -18.95 -15.35 -11.75 -8.16 -4.56 -0.96 2.63 6.23
2026.00 -23.46 -19.75 -16.04 -12.32 -8.61 -4.89 -1.18 2.53 6.24
2027.00 -23.41 -19.59 -15.77 -11.94 -8.12 -4.30 -0.47 3.35 7.17
2028.00 -24.40 -20.46 -16.52 -12.58 -8.64 -4.71 -0.77 3.17 7.11
2029.00 -24.83 -20.81 -16.79 -12.77 -8.75 -4.73 -0.70 3.31 7.34
2030.00 -25.32 -21.23 -17.15 -13.06 -8.98 -4.89 -0.81 3.27 7.36
2031.00 -25.55 -21.43 -17.31 -13.19 -9.07 -4.95 -0.83 3.29 7.41
2032.00 -26.15 -22.00 -17.84 -13.69 -9.54 -5.38 -1.23 2.92 7.07
2033.00 -26.39 -22.19 -17.99 -13.79 -9.59 -5.39 -1.19 3.00 7.20
2034.00 -27.26 -23.02 -18.78 -14.53 -10.29 -6.05 -1.80 2.44 6.68
2035.00 -27.24 -22.98 -18.72 -14.45 -10.19 -5.92 -1.66 2.60 6.87
2036.00 -27.64 -23.36 -19.08 -14.80 -10.52 -6.24 -1.96 2.32 6.61
2037.00 -27.51 -23.22 -18.93 -14.64 -10.35 -6.06 -1.77 2.52 6.81
2038.00 -27.78 -23.47 -19.16 -14.85 -10.54 -6.23 -1.92 2.39 6.70
2039.00 -27.78 -23.46 -19.14 -14.82 -10.50 -6.19 -1.87 2.45 6.77
2040.00 -27.97 -23.64 -19.31 -14.97 -10.64 -6.31 -1.98 2.34 6.68
2041.00 -27.64 -23.31 -18.98 -14.64 -10.31 -5.98 -1.65 2.68 7.02
2042.00 -27.80 -23.45 -19.11 -14.77 -10.43 -6.09 -1.75 2.59 6.93
2043.00 -27.58 -23.23 -18.88 -14.53 -10.18 -5.83 -1.48 2.87 7.22
2044.00 -27.85 -23.48 -19.12 -14.76 -10.39 -6.03 -1.66 2.70 7.06
2045.00 -27.73 -23.36 -19.00 -14.63 -10.26 -5.89 -1.53 2.84 7.21
2046.00 -27.99 -23.62 -19.24 -14.87 -10.50 -6.13 -1.75 2.62 6.99
2047.00 -27.90 -23.53 -19.16 -14.78 -10.41 -6.04 -1.67 2.69 7.07
2048.00 -28.20 -23.83 -19.46 -15.08 -10.71 -6.33 -1.96 2.41 6.79
2049.00 -27.98 -23.61 -19.23 -14.85 -10.48 -6.10 -1.73 2.65 7.02
2050.00 -28.25 -23.87 -19.49 -15.12 -10.74 -6.36 -1.98 2.39 6.77
2051.00 -28.00 -23.63 -19.26 -14.88 -10.51 -6.14 -1.76 2.61 6.98
2052.00 -28.06 -23.69 -19.32 -14.94 -10.57 -6.20 -1.82 2.55 6.92
2053.00 -27.68 -23.32 -18.96 -14.59 -10.23 -5.87 -1.51 2.85 7.22
2054.00 -27.84 -23.48 -19.12 -14.76 -10.40 -6.04 -1.68 2.67 7.03
2055.00 -27.58 -23.23 -18.88 -14.52 -10.17 -5.82 -1.47 2.88 7.23
2056.00 -27.75 -23.40 -19.05 -14.70 -10.35 -6.00 -1.65 2.70 7.06
2057.00 -27.65 -23.31 -18.97 -14.63 -10.29 -5.96 -1.62 2.72 7.06
2058.00 -27.92 -23.58 -19.25 -14.91 -10.58 -6.24 -1.90 2.43 6.77
2059.00 -27.68 -23.36 -19.03 -14.71 -10.39 -6.06 -1.74 2.58 6.90
2060.00 -27.89 -23.57 -19.25 -14.93 -10.61 -6.30 -1.98 2.34 6.66
2061.00 -27.62 -23.31 -19.00 -14.69 -10.38 -6.07 -1.76 2.55 6.87
2062.00 -27.81 -23.50 -19.19 -14.88 -10.57 -6.26 -1.96 2.35 6.67
2063.00 -27.59 -23.29 -18.99 -14.69 -10.39 -6.09 -1.79 2.51 6.82
2064.00 -27.51 -23.22 -18.93 -14.64 -10.35 -6.06 -1.77 2.52 6.81
2065.00 -27.15 -22.88 -18.61 -14.33 -10.06 -5.78 -1.51 2.76 7.04
