# yearspad, alpred
# [0.3 0.4 0.5 0.6 0.7 0.8 0.9 1.  1.1]
1922.00 -30.41 -26.20 -21.99 -17.78 -13.57 -9.36 -5.15 -0.95 3.26
1923.00 -30.39 -26.20 -22.01 -17.83 -13.64 -9.45 -5.26 -1.08 3.11
1924.00 -30.26 -26.09 -21.92 -17.76 -13.59 -9.42 -5.25 -1.09 3.08
1925.00 -29.67 -25.55 -21.44 -17.32 -13.20 -9.08 -4.97 -0.85 3.26
1926.00 -29.88 -25.81 -21.75 -17.69 -13.62 -9.56 -5.49 -1.43 2.63
1927.00 -30.52 -26.52 -22.52 -18.52 -14.52 -10.52 -6.52 -2.52 1.47
1928.00 -29.93 -26.00 -22.07 -18.15 -14.22 -10.29 -6.36 -2.43 1.49
1929.00 -29.71 -25.88 -22.05 -18.22 -14.39 -10.56 -6.73 -2.90 0.93
1930.00 -29.49 -25.77 -22.06 -18.35 -14.63 -10.92 -7.21 -3.50 0.21
1931.00 -28.64 -25.08 -21.52 -17.96 -14.40 -10.84 -7.28 -3.72 -0.17
1932.00 -27.47 -24.05 -20.64 -17.23 -13.82 -10.41 -7.00 -3.59 -0.18
1933.00 -27.04 -23.80 -20.56 -17.31 -14.07 -10.83 -7.59 -4.35 -1.11
1934.00 -25.43 -22.37 -19.31 -16.25 -13.19 -10.13 -7.07 -4.01 -0.95
1935.00 -22.71 -19.88 -17.05 -14.23 -11.40 -8.58 -5.75 -2.93 -0.10
1936.00 -20.50 -17.92 -15.35 -12.78 -10.20 -7.63 -5.06 -2.49 0.08
1937.00 -18.38 -16.07 -13.76 -11.46 -9.15 -6.85 -4.54 -2.24 0.07
1938.00 -16.19 -14.13 -12.08 -10.03 -7.97 -5.92 -3.87 -1.82 0.23
1939.00 -13.19 -11.42 -9.65 -7.89 -6.12 -4.36 -2.60 -0.83 0.93
1940.00 -10.31 -8.83 -7.36 -5.88 -4.41 -2.94 -1.47 0.01 1.48
1941.00 -7.32 -6.19 -5.07 -3.94 -2.82 -1.69 -0.57 0.55 1.68
1942.00 -2.93 -2.14 -1.35 -0.56 0.23 1.02 1.80 2.59 3.38
1943.00 -0.30 0.11 0.53 0.94 1.35 1.76 2.17 2.58 2.99
1944.00 2.68 2.74 2.80 2.86 2.92 2.98 3.03 3.09 3.15
1945.00 5.60 5.29 4.98 4.67 4.36 4.05 3.74 3.43 3.13
1946.00 10.11 9.42 8.74 8.05 7.36 6.67 5.98 5.30 4.61
1947.00 13.05 11.96 10.87 9.77 8.68 7.58 6.49 5.39 4.30
1948.00 16.57 15.06 13.54 12.02 10.51 8.99 7.47 5.96 4.44
1949.00 20.29 18.36 16.42 14.49 12.55 10.61 8.68 6.74 4.80
1950.00 23.24 20.88 18.53 16.18 13.82 11.47 9.11 6.75 4.40
1951.00 25.20 22.44 19.69 16.93 14.17 11.42 8.66 5.90 3.14
1952.00 28.88 25.68 22.47 19.26 16.05 12.85 9.64 6.43 3.22
1953.00 33.72 30.05 26.37 22.70 19.03 15.35 11.68 8.00 4.33
1954.00 35.71 31.54 27.38 23.22 19.05 14.89 10.73 6.56 2.40
1955.00 38.54 33.93 29.32 24.71 20.09 15.48 10.87 6.26 1.65
1956.00 42.45 37.38 32.32 27.25 22.18 17.11 12.05 6.98 1.91
1957.00 46.08 40.57 35.06 29.55 24.03 18.52 13.00 7.49 1.98
1958.00 48.98 42.98 36.99 30.99 25.00 19.00 13.01 7.01 1.02
1959.00 54.13 47.63 41.12 34.61 28.11 21.60 15.09 8.58 2.08
1960.00 57.74 50.74 43.74 36.74 29.73 22.73 15.73 8.73 1.73
1961.00 60.51 53.04 45.57 38.10 30.63 23.16 15.68 8.21 0.74
1962.00 65.02 57.06 49.11 41.15 33.19 25.24 17.28 9.32 1.37
1963.00 69.83 61.36 52.88 44.40 35.92 27.45 18.97 10.49 2.01
1964.00 73.68 64.68 55.68 46.68 37.67 28.67 19.67 10.66 1.66
1965.00 77.15 67.63 58.11 48.59 39.07 29.55 20.03 10.51 0.99
1966.00 80.80 70.78 60.76 50.75 40.72 30.71 20.69 10.67 0.65
1967.00 83.61 73.08 62.56 52.04 41.52 31.00 20.48 9.96 -0.56
1968.00 87.99 76.94 65.89 54.84 43.79 32.74 21.69 10.63 -0.42
1969.00 91.94 80.35 68.77 57.18 45.60 34.01 22.42 10.84 -0.75
1970.00 132.13 132.13 132.14 132.14 132.14 132.14 132.15 132.15 132.15
1971.00 131.81 131.81 131.81 131.81 131.80 131.80 131.80 131.80 131.80
1972.00 139.90 139.90 139.91 139.91 139.91 139.92 139.92 139.92 139.93
1973.00 141.26 141.26 141.26 141.26 141.25 141.25 141.25 141.25 141.25
1974.00 145.95 145.95 145.95 145.95 145.95 145.95 145.95 145.96 145.96
1975.00 160.49 160.49 160.49 160.48 160.48 160.48 160.48 160.47 160.47
1976.00 161.47 161.48 161.48 161.49 161.49 161.50 161.50 161.51 161.51
1977.00 160.45 160.45 160.46 160.46 160.46 160.46 160.46 160.46 160.46
1978.00 160.41 160.41 160.42 160.42 160.42 160.42 160.42 160.43 160.43
1979.00 168.33 168.33 168.32 168.32 168.32 168.31 168.31 168.30 168.30
1980.00 158.33 158.33 158.33 158.33 158.33 158.33 158.33 158.33 158.33
1981.00 162.98 162.98 162.98 162.99 162.99 162.99 163.00 163.00 163.00
1982.00 157.52 157.52 157.53 157.53 157.54 157.54 157.55 157.55 157.56
1983.00 141.28 141.28 141.28 141.28 141.29 141.29 141.29 141.29 141.29
1984.00 129.03 129.03 129.02 129.01 129.01 129.00 129.00 128.99 128.98
1985.00 125.73 125.73 125.73 125.73 125.73 125.74 125.74 125.74 125.74
1986.00 124.60 124.60 124.60 124.60 124.60 124.60 124.60 124.60 124.60
1987.00 110.53 110.54 110.54 110.54 110.54 110.55 110.55 110.55 110.56
1988.00 105.66 105.72 105.78 105.84 105.90 105.96 106.02 106.08 106.14
1989.00 99.34 99.52 99.70 99.87 100.05 100.23 100.41 100.58 100.76
1990.00 93.93 94.23 94.54 94.84 95.15 95.45 95.76 96.06 96.37
1991.00 90.04 90.60 91.16 91.72 92.28 92.83 93.39 93.95 94.51
1992.00 87.15 88.08 89.02 89.96 90.89 91.83 92.77 93.70 94.64
1993.00 82.21 83.50 84.80 86.10 87.40 88.70 90.00 91.29 92.59
1994.00 78.23 79.89 81.56 83.22 84.88 86.55 88.21 89.87 91.54
1995.00 74.69 76.85 79.02 81.19 83.35 85.52 87.69 89.85 92.02
1996.00 69.98 72.45 74.92 77.39 79.87 82.34 84.81 87.28 89.76
1997.00 67.00 69.91 72.81 75.72 78.63 81.53 84.44 87.35 90.25
1998.00 63.41 66.63 69.85 73.08 76.30 79.52 82.74 85.96 89.18
1999.00 58.00 61.37 64.74 68.11 71.49 74.86 78.23 81.61 84.98
2000.00 52.17 55.55 58.92 62.30 65.67 69.05 72.43 75.80 79.18
2001.00 48.90 52.45 56.01 59.57 63.12 66.68 70.24 73.80 77.35
2002.00 44.62 48.46 52.29 56.13 59.96 63.79 67.63 71.47 75.30
2003.00 40.79 44.86 48.93 53.00 57.07 61.13 65.21 69.28 73.34
2004.00 37.04 41.17 45.31 49.44 53.58 57.71 61.85 65.99 70.12
2005.00 33.12 37.50 41.89 46.28 50.67 55.05 59.45 63.84 68.22
2006.00 28.70 33.36 38.02 42.68 47.34 52.00 56.66 61.32 65.98
2007.00 26.14 30.99 35.84 40.69 45.54 50.39 55.24 60.09 64.94
2008.00 23.41 28.21 33.02 37.83 42.64 47.45 52.26 57.08 61.88
2009.00 18.27 23.17 28.06 32.95 37.84 42.73 47.63 52.52 57.41
2010.00 13.30 18.09 22.87 27.66 32.44 37.23 42.02 46.81 51.59
2011.00 10.10 15.09 20.09 25.09 30.09 35.09 40.09 45.09 50.08
2012.00 7.43 12.67 17.92 23.16 28.40 33.64 38.89 44.13 49.37
2013.00 3.18 8.57 13.96 19.35 24.74 30.13 35.52 40.92 46.30
2014.00 1.00 6.51 12.02 17.53 23.04 28.55 34.06 39.58 45.08
2015.00 -2.16 3.64 9.44 15.25 21.05 26.85 32.66 38.46 44.26
2016.00 -5.81 0.22 6.25 12.29 18.32 24.35 30.39 36.42 42.45
2017.00 -9.22 -3.01 3.20 9.40 15.61 21.82 28.03 34.24 40.44
2018.00 -23.93 -21.78 -19.62 -17.47 -15.31 -13.15 -11.00 -8.84 -6.68
2019.00 -25.46 -23.05 -20.64 -18.23 -15.82 -13.41 -11.00 -8.59 -6.18
2020.00 -27.92 -25.27 -22.63 -19.99 -17.34 -14.70 -12.05 -9.41 -6.76
2021.00 -29.50 -26.64 -23.78 -20.92 -18.06 -15.20 -12.34 -9.47 -6.62
2022.00 -30.85 -27.79 -24.73 -21.66 -18.60 -15.53 -12.47 -9.40 -6.34
2023.00 -32.43 -29.17 -25.92 -22.66 -19.40 -16.15 -12.89 -9.63 -6.38
2024.00 -33.69 -30.26 -26.84 -23.41 -19.99 -16.56 -13.14 -9.71 -6.29
2025.00 -33.55 -30.00 -26.45 -22.89 -19.33 -15.78 -12.22 -8.67 -5.11
2026.00 -33.86 -30.19 -26.53 -22.86 -19.19 -15.52 -11.85 -8.18 -4.52
2027.00 -34.92 -31.15 -27.38 -23.60 -19.83 -16.06 -12.29 -8.52 -4.75
2028.00 -34.65 -30.76 -26.88 -22.99 -19.11 -15.22 -11.34 -7.45 -3.57
2029.00 -34.30 -30.33 -26.37 -22.40 -18.44 -14.47 -10.50 -6.54 -2.57
2030.00 -33.73 -29.71 -25.68 -21.65 -17.62 -13.59 -9.56 -5.53 -1.51
2031.00 -33.07 -29.01 -24.95 -20.88 -16.82 -12.75 -8.69 -4.62 -0.56
2032.00 -32.15 -28.06 -23.96 -19.86 -15.76 -11.67 -7.57 -3.47 0.63
2033.00 -31.79 -27.65 -23.51 -19.36 -15.22 -11.08 -6.93 -2.79 1.35
2034.00 -32.03 -27.85 -23.67 -19.48 -15.29 -11.11 -6.92 -2.73 1.45
2035.00 -31.23 -27.02 -22.81 -18.60 -14.39 -10.19 -5.98 -1.77 2.44
2036.00 -30.76 -26.54 -22.31 -18.09 -13.86 -9.64 -5.41 -1.19 3.03
2037.00 -31.17 -26.94 -22.71 -18.48 -14.25 -10.02 -5.78 -1.55 2.67
2038.00 -31.22 -26.97 -22.72 -18.47 -14.22 -9.97 -5.72 -1.47 2.78
2039.00 -31.14 -26.89 -22.63 -18.37 -14.12 -9.86 -5.60 -1.35 2.91
2040.00 -31.05 -26.79 -22.52 -18.25 -13.98 -9.71 -5.45 -1.18 3.09
2041.00 -31.21 -26.94 -22.67 -18.40 -14.13 -9.87 -5.60 -1.33 2.94
2042.00 -31.11 -26.84 -22.56 -18.29 -14.01 -9.73 -5.46 -1.18 3.09
2043.00 -31.23 -26.95 -22.67 -18.38 -14.10 -9.81 -5.53 -1.25 3.03
2044.00 -31.29 -26.99 -22.70 -18.40 -14.10 -9.81 -5.51 -1.21 3.08
2045.00 -31.51 -27.22 -22.92 -18.62 -14.32 -10.02 -5.72 -1.43 2.87
2046.00 -31.49 -27.18 -22.88 -18.58 -14.28 -9.97 -5.67 -1.37 2.93
2047.00 -31.54 -27.24 -22.94 -18.64 -14.34 -10.04 -5.74 -1.45 2.85
2048.00 -31.85 -27.55 -23.25 -18.94 -14.64 -10.34 -6.04 -1.74 2.56
2049.00 -32.22 -27.92 -23.61 -19.31 -15.00 -10.70 -6.40 -2.10 2.20
2050.00 -32.22 -27.91 -23.61 -19.30 -14.99 -10.69 -6.38 -2.08 2.23
2051.00 -32.13 -27.83 -23.53 -19.22 -14.92 -10.62 -6.32 -2.02 2.27
2052.00 -32.31 -28.01 -23.71 -19.41 -15.10 -10.81 -6.51 -2.21 2.09
2053.00 -32.09 -27.80 -23.51 -19.22 -14.93 -10.64 -6.35 -2.06 2.22
2054.00 -31.70 -27.41 -23.13 -18.84 -14.55 -10.26 -5.97 -1.69 2.60
2055.00 -31.70 -27.42 -23.14 -18.86 -14.58 -10.30 -6.02 -1.74 2.54
2056.00 -31.48 -27.20 -22.92 -18.64 -14.36 -10.07 -5.79 -1.52 2.76
2057.00 -31.22 -26.95 -22.68 -18.40 -14.13 -9.86 -5.59 -1.32 2.95
2058.00 -30.87 -26.60 -22.33 -18.06 -13.79 -9.52 -5.25 -0.98 3.29
2059.00 -30.84 -26.58 -22.32 -18.06 -13.80 -9.54 -5.29 -1.03 3.22
2060.00 -30.82 -26.56 -22.30 -18.05 -13.79 -9.53 -5.28 -1.03 3.23
2061.00 -30.90 -26.65 -22.40 -18.15 -13.90 -9.65 -5.40 -1.15 3.10
2062.00 -30.70 -26.45 -22.20 -17.95 -13.69 -9.44 -5.19 -0.95 3.30
2063.00 -30.89 -26.64 -22.40 -18.16 -13.91 -9.67 -5.43 -1.19 3.06
2064.00 -30.73 -26.50 -22.26 -18.03 -13.79 -9.56 -5.32 -1.09 3.14
2065.00 -30.46 -26.24 -22.02 -17.79 -13.57 -9.35 -5.13 -0.92 3.30
