# Treated, TrueCf, Synth (all lag), GL Pred, Error
5.209393817192244569e+01 5.209393817192244569e+01 5.386988064453478131e+01 5.208980903084275127e+01 1.286348877441528815e-01
4.792859175343499345e+01 4.792859175343499345e+01 5.117460386154814955e+01 4.793280469580247427e+01 1.278006480245584275e-01
6.449774038413272592e+01 6.449774038413272592e+01 5.986808350574405324e+01 6.448538742805357060e+01 1.313031155018800078e-01
4.425238424538680704e+01 4.425238424538680704e+01 5.198736902232113266e+01 4.426699903760580668e+01 1.255944764218948906e-01
7.067583833507363522e+01 7.067583833507363522e+01 6.048247204281339862e+01 7.065856300406676382e+01 1.324929325420461101e-01
5.926189811370959859e+01 5.926189811370959859e+01 6.086267944545019049e+01 5.926606176237186219e+01 1.296602767530357636e-01
5.158440910990196215e+01 5.158440910990196215e+01 5.993241906176368872e+01 5.159966617071044936e+01 1.272296722561622462e-01
6.376798367263070588e+01 6.376798367263070588e+01 6.503656665890646593e+01 6.377286158398034388e+01 1.306774601681451042e-01
6.757534313263228398e+01 6.757534313263228398e+01 6.411048652110643786e+01 6.757487937281300105e+01 1.311376195376650899e-01
6.576353267987428808e+01 6.576353267987428808e+01 6.696070811096801378e+01 6.576455477085553980e+01 1.304011104054745018e-01
8.316081895648284217e+01 8.316081895648284217e+01 6.976056376914603163e+01 8.314316348056246397e+01 1.332596974546597368e-01
7.229344935769663039e+01 7.229344935769663039e+01 6.956683751177168062e+01 7.228739248420114905e+01 1.315053999155833819e-01
7.063815790686747675e+01 7.063815790686747675e+01 7.470150460705184514e+01 7.064315426411185683e+01 1.301382230915175686e-01
7.510360219438646823e+01 7.510360219438646823e+01 7.553643880763266338e+01 7.510135240962593173e+01 1.314873040587500042e-01
7.218930782343325347e+01 7.218930782343325347e+01 7.405819931998442485e+01 7.219129782409555673e+01 1.305736436301241088e-01
7.877203478465696662e+01 7.877203478465696662e+01 7.506369940698783694e+01 7.876226316191045385e+01 1.319341849895436791e-01
7.110247451234783966e+01 7.110247451234783966e+01 7.220380492714770071e+01 7.110494706077713545e+01 1.301222312126139591e-01
6.659735458767326577e+01 6.659735458767326577e+01 7.121565669768241946e+01 6.660242495890929604e+01 1.296960663195343977e-01
6.559252243630731982e+01 6.559252243630731982e+01 7.164247080280908619e+01 6.560054573980630721e+01 1.292695194739845732e-01
5.462163998853807811e+01 5.462163998853807811e+01 6.984994808015945011e+01 5.464037258961450050e+01 1.255742913033213171e-01
7.942959860326125465e+01 7.942959860326125465e+01 6.843404301105032062e+01 7.941190359514307318e+01 1.325723310069945871e-01
6.478630570926931398e+01 6.478630570926931398e+01 6.530179190409097600e+01 6.478325893446434236e+01 1.301803891802928714e-01
6.392149587350733952e+01 6.392149587350733952e+01 6.279035961632354201e+01 6.391757701028137717e+01 1.299325678808873619e-01
6.331525728186743862e+01 6.331525728186743862e+01 5.997848476194238998e+01 6.331933999946708980e+01 1.298562083413553891e-01
5.511318138909910402e+01 5.511318138909910402e+01 5.857442341446368061e+01 5.511980549573156907e+01 1.284989226042230204e-01
5.095333827962853235e+01 5.095333827962853235e+01 5.831085543260005011e+01 5.096122391070174729e+01 1.274833752962086786e-01
7.578365554411186622e+01 7.578365554411186622e+01 5.994040044920257060e+01 7.575746425584659960e+01 1.331162151061084931e-01
5.172834068104540961e+01 5.172834068104540961e+01 5.429264003746344969e+01 5.173381840370073803e+01 1.280752514438744105e-01
5.464124344558016588e+01 5.464124344558016588e+01 5.535736871094329103e+01 5.464694997236247076e+01 1.284422435433399956e-01
6.106039809223759107e+01 6.106039809223759107e+01 5.443000116616324391e+01 6.105636892270560878e+01 1.300399768798191913e-01
7.767799536096389090e+01 7.584135008262680344e+01 5.758435994216282694e+01 5.468894131236048395e+01 1.386271099055331746e+01
6.077749521773336028e+01 5.917634111775391403e+01 5.882179400819588722e+01 5.444298137576565466e+01 1.457471870799282954e+01
6.800931166409523598e+01 6.518380007806916865e+01 6.333684208555948203e+01 5.387354385314227301e+01 1.594634766819939031e+01
7.689228107752676067e+01 7.220674459127141631e+01 6.718326726797526760e+01 5.391616863547631056e+01 1.754059684453664403e+01
6.882471480254265828e+01 6.284573054180074791e+01 6.510515210624382121e+01 5.225247092619233058e+01 1.914783308366575909e+01
7.406341763268197553e+01 6.912305672193949135e+01 5.624758432685126053e+01 4.742846284313854710e+01 2.072071083555897530e+01
8.071189761052272615e+01 7.347336778109310274e+01 5.934654710684567647e+01 4.965495493071976796e+01 2.276268178933317543e+01
6.937697719757710502e+01 6.218229129261769117e+01 6.165149982497624137e+01 4.346180122237078791e+01 2.428809275532808698e+01
7.021385022467710257e+01 6.042674615253248049e+01 6.077274889984457928e+01 4.217459664409952325e+01 2.576246966899235957e+01
8.683262230495984113e+01 7.485594527740325077e+01 6.562376088964948906e+01 4.164874581206626658e+01 2.752315958531212203e+01
7.690946720241146295e+01 6.530989869287503780e+01 6.295518574500392361e+01 3.541935990967077430e+01 2.849472725360019609e+01
7.653618446998353875e+01 6.341040085405930427e+01 6.150721121707493921e+01 3.593145099137204568e+01 2.984371244296099945e+01
7.978372203350895120e+01 6.533937575662052666e+01 6.258049765818262244e+01 3.292063052020121461e+01 3.111891852061600261e+01
8.505230007845015905e+01 7.086777967839631742e+01 5.590347156599372624e+01 2.639465010968397252e+01 3.196084023112990380e+01
7.582621607372827555e+01 5.942890349459471366e+01 4.981614892382962267e+01 2.367084092403748841e+01 3.264773719149520304e+01
7.575043468169560867e+01 6.005668917156629760e+01 5.418360842684729306e+01 2.237673083600709134e+01 3.366537926967571082e+01
6.814170425058647140e+01 5.193932620079834095e+01 4.922718450222681952e+01 2.152471957978562500e+01 3.415007424847810569e+01
7.414682602280922197e+01 5.654833989257897997e+01 4.775906844809295393e+01 1.584932782362575487e+01 3.481434128751568835e+01
