0.000000000000000000e+00
2.935121752896841518e-01
5.762870052532298586e-11
1.948676037599258448e-01
0.000000000000000000e+00
0.000000000000000000e+00
2.456611104938959364e-11
0.000000000000000000e+00
0.000000000000000000e+00
1.762962906692972034e-11
4.466727472108887889e-11
0.000000000000000000e+00
0.000000000000000000e+00
1.676219896669950349e-11
2.504253249477416021e-11
0.000000000000000000e+00
1.023791656619470287e-11
3.882787583370381489e-11
0.000000000000000000e+00
0.000000000000000000e+00
2.646707242253708186e-11
6.188812628463944560e-02
0.000000000000000000e+00
0.000000000000000000e+00
1.676737290042885390e-11
0.000000000000000000e+00
0.000000000000000000e+00
0.000000000000000000e+00
5.395084768320413963e-12
3.423489125389175438e-11
4.925631448051635483e-03
0.000000000000000000e+00
1.306411474356302595e-11
0.000000000000000000e+00
2.246630289240973512e-12
2.131700401166248048e-12
1.985971506110894846e-01
0.000000000000000000e+00
0.000000000000000000e+00
5.500775329545075021e-11
6.401846759770676853e-02
1.227264600720877202e-01
3.067895055395013091e-11
0.000000000000000000e+00
1.048864127086671657e-11
0.000000000000000000e+00
0.000000000000000000e+00
0.000000000000000000e+00
5.946438545697753375e-02
