# Treated, TrueCf, Synth (all lag), GL Pred, Error
6.508019664419002481e+00 6.508019664419002481e+00 3.086234761313382702e+00 6.508149443474485096e+00 1.326956446021104186e-01
-8.734434419181006604e+00 -8.734434419181006604e+00 -3.694560619793172407e-01 -8.734025403606514359e+00 1.503842504590204854e-01
6.573059875434302590e+00 6.573059875434302590e+00 5.999727747981027370e+00 6.572738909454667322e+00 1.113867367507458822e-01
2.242575244104234145e+00 2.242575244104234145e+00 5.521818552695035187e+00 2.242662323945573632e+00 1.260313274943651585e-01
3.268061352728720559e-01 3.268061352728720559e-01 1.488766203188242265e+00 3.270293886395521099e-01 1.415576298812637190e-01
4.657337895918125525e-01 4.657337895918125525e-01 -8.979086590149384373e-01 4.655718099033823165e-01 1.166377778342429505e-01
3.134705834520003620e+00 3.134705834520003620e+00 1.522607920221872968e+00 3.134920827562533319e+00 1.402243930773537650e-01
-1.218134209950696345e+01 -1.218134209950696345e+01 -5.616769262642191229e+00 -1.218057567893014692e+01 1.579080551763887286e-01
5.201817534029451018e+00 5.201817534029451018e+00 1.794245673093038285e+00 5.201587141153506622e+00 1.073400557899067270e-01
6.718199817039138821e+00 6.718199817039138821e+00 2.212986082070936611e+00 6.717979890293772627e+00 1.100645500976793340e-01
1.950391326726068186e+00 1.950391326726068186e+00 1.633972842747038801e+00 1.950368907163680277e+00 1.143689662442094052e-01
8.629612327562679042e+00 8.629612327562679042e+00 7.279361374346969171e+00 8.629390909568883217e+00 1.037966675938065686e-01
5.457444667079436762e+00 5.457444667079436762e+00 5.080898173881399416e+00 5.457137678855470853e+00 9.817323454104787128e-02
-8.686781794792088895e-01 -8.686781794792088895e-01 -2.955037785636907444e+00 -8.681186432110656881e-01 1.474661309203333659e-01
2.344244481279224246e+00 2.344244481279224246e+00 2.384157926566896180e+00 2.344220172831382953e+00 1.211019353343481819e-01
3.457303513477012480e+00 3.457303513477012480e+00 1.013854207840906518e+00 3.457299038839783734e+00 1.184065868377861541e-01
4.041589646983517525e+00 4.041589646983517525e+00 4.604791637832676976e+00 4.041604662142629145e+00 1.209492941007787314e-01
8.558145211624783588e-01 8.558145211624783588e-01 -1.413209350747423043e+00 8.561668752554290052e-01 1.302200022180596550e-01
4.368188216028912940e+00 4.368188216028912940e+00 3.361052023963242430e+00 4.367956536108392740e+00 8.043249891526166095e+00
-5.619657459619770812e+00 -5.619657459619770812e+00 5.802446578476959660e-01 -5.619539759578962013e+00 1.089415054326114785e+01
-3.366765586207561167e+00 -3.691743754645159026e+00 -1.224757116371675059e+00 -8.456482876720714970e+00 9.277393617452544206e+00
-1.880094688085891530e+00 -3.747310431965852562e+00 2.511127540712663642e+00 1.144986355508441811e+01 9.678883616597666162e+00
-1.712894219390566075e-01 -3.791090485261872089e+00 5.033301288840100085e+00 6.772279585108869071e+00 1.022523373538041724e+01
8.848333136617993588e+00 3.057164675408078125e+00 4.128628848325412548e+00 3.039487935660118545e+00 8.315621916774647460e+00
7.574172094490076113e+00 2.403171656324280647e+00 3.041193383596944244e+00 1.881374303886636312e+01 9.168415919419224736e+00
3.146356156774206436e+00 -1.127972491638429497e+00 -2.295467357453819246e-01 2.335119301725288032e+00 1.049053151011045415e+01
5.853390393708077788e+00 -1.307268146640045092e+00 8.384985452876538847e-01 1.000860845859896564e+01 9.450542508533160913e+00
7.201814069415074293e+00 6.079939004511714096e-02 1.014660587443190209e+00 1.022855815886535957e+01 9.689815908297461533e+00
1.064910196672607334e+01 1.855522909051550817e+00 2.587098428377073933e+00 7.776552218565424113e+00 1.138032620375288317e+01
1.135818330609733984e+01 8.697568386447265265e-01 -2.063873701606912248e-01 1.465387354040507795e+01 9.629209884807302444e+00
