# Treated, TrueCf, Synth (all lag), GL Pred, Error
2.377237299480967891e+01 2.377237299480967891e+01 2.917601960504640246e+01 2.377242192657405084e+01 9.677060924100518158e-02
2.212290970662499845e+01 2.212290970662499845e+01 1.733934679707793691e+01 2.212276681507017884e+01 9.289705696365242737e-02
1.303920109293587082e+01 1.303920109293587082e+01 1.514930519182449054e+01 1.303937202018688168e+01 9.818094521109591022e-02
1.151805401947193808e+01 1.151805401947193808e+01 1.248730737297389481e+01 1.151823040315307267e+01 9.720617974888039192e-02
1.662045622312771087e+01 1.662045622312771087e+01 1.279048847207720208e+01 1.662026017695919222e+01 9.362883424731203996e-02
1.588126426504514654e+01 1.588126426504514654e+01 1.395412122157868140e+01 1.588102135851388574e+01 9.434989168436404283e-02
5.166100330902253290e+00 5.166100330902253290e+00 3.829869186048659557e+00 5.166222243275790937e+00 1.006984407322110975e-01
2.769037820983466958e+01 2.769037820983466958e+01 2.415243768479797382e+01 2.769019896644536516e+01 9.226809697076857053e-02
-1.827285212655849422e+00 -1.827285212655849422e+00 -1.285394128889267407e+00 -1.826772510810167338e+00 1.039078935658067915e-01
2.473245992154676287e+01 2.473245992154676287e+01 2.488658613038980860e+01 2.473249882534901545e+01 9.379221245074785551e-02
1.812358688696040332e+01 1.812358688696040332e+01 1.460588650848610648e+01 1.812335446938827488e+01 9.302983963297242753e-02
1.193758563091441083e+01 1.193758563091441083e+01 8.586707790332507528e+00 1.193738747199882688e+01 9.533053487928219716e-02
1.383594856651329508e+01 1.383594856651329508e+01 1.071584620570364699e+01 1.383576508684340034e+01 9.392238806994898659e-02
5.799949189576224740e+00 5.799949189576224740e+00 6.095962841565902401e+00 5.800237349373086992e+00 1.004373715839986941e-01
6.905122914701356862e+00 6.905122914701356862e+00 1.001780650734476019e+01 6.905519715991927043e+00 1.022614263312401767e-01
1.990004886492429748e+01 1.990004886492429748e+01 1.721104316738895790e+01 1.989998765998983998e+01 9.393460587025456721e-02
1.546958045898418277e+01 1.546958045898418277e+01 1.408294876713501509e+01 1.546948489271013472e+01 9.478180175669152774e-02
3.134170709550461709e+01 3.134170709550461709e+01 2.862353754550062845e+01 3.134125176891436126e+01 9.215381926781032740e-02
3.405098446463910022e+01 3.405098446463910022e+01 3.729729328881851558e+01 3.405094323649817056e+01 7.682206231563194265e+00
1.116694287350521364e+01 1.116694287350521364e+01 1.193948623213370652e+01 1.116727927981321855e+01 8.137146020389094403e+00
5.405213791927213407e+00 4.301999597646696927e+00 1.073711785685616960e+01 1.333612835475959457e+01 8.392356898785232389e+00
2.763010658159221933e+01 2.577747684087819735e+01 1.818908738954459281e+01 1.764126150067046694e+01 8.944251496655997613e+00
3.277022504100802536e+00 -8.542611584530594993e-01 4.346981848616651156e+00 3.196411930687427461e+00 9.448993006336957379e+00
4.930191133190157338e+00 -1.556479615611567890e-01 2.993212204678691979e+00 3.454820145074856796e+00 9.435034200828127382e+00
1.460983962425455829e+01 9.160353714733632913e+00 1.146723628621831104e+01 1.205024501113584812e+01 9.205545597659666512e+00
2.575951299372807313e+01 1.976247591014871574e+01 1.893448312597448080e+01 1.712083531646771917e+01 9.130860225358558679e+00
1.577781477406730026e+01 9.425991837564110298e+00 1.279151478827277977e+01 1.207933762417513179e+01 9.239501245349842407e+00
2.708327199819840558e+01 2.003942180402920670e+01 1.624711710347107285e+01 1.981940880093360136e+01 9.754613480969883454e+00
2.565639290945951956e+01 1.504593169260779639e+01 1.035361383929977563e+01 1.147953210161573168e+01 1.020813758452354314e+01
2.932068472629740086e+01 1.800106686253213439e+01 1.224612349914273679e+01 1.310633596613365981e+01 1.080027420331316890e+01
