# Treated, TrueCf, Synth (all lag), GL Pred, Error
-3.129585308385527398e+00 -3.129585308385527398e+00 -1.206851986130092813e+00 -3.129016809950341038e+00 1.227874955078244179e-01
1.260754618595573540e+01 1.260754618595573540e+01 7.274268421603285795e+00 1.260726254697765114e+01 7.625099236711430084e-02
6.760060441360822736e+00 6.760060441360822736e+00 5.437390044547920631e+00 6.760226152323496329e+00 1.175000479975624457e-01
1.065737864846710359e+01 1.065737864846710359e+01 2.542852701088163858e+00 1.065717951379421180e+01 1.022098958354369508e-01
9.231330489588545074e-01 9.231330489588545074e-01 4.705082536432985130e+00 9.236597050698911460e-01 1.455880209964765248e-01
3.630250451860354222e+00 3.630250451860354222e+00 5.751421759934658873e+00 3.630347357595561597e+00 1.200241107997452872e-01
3.423897706852733203e-01 3.423897706852733203e-01 9.071969029745244884e-01 3.427734809673754768e-01 1.442992614063610124e-01
5.503349825274534979e+00 5.503349825274534979e+00 2.924709068069822226e+00 5.503097234777798441e+00 7.957947973317722190e-02
1.261022157116530806e+01 1.261022157116530806e+01 6.420380187283015516e+00 1.260976824651848105e+01 7.305679507686747842e-02
1.138148199008542427e+01 1.138148199008542427e+01 5.741676512473304683e+00 1.138128445898096430e+01 8.025183314339244534e-02
4.405567214863539860e+00 4.405567214863539860e+00 5.369090524665357300e+00 4.405616660631943127e+00 1.050705810305669202e-01
7.247598585011182593e+00 7.247598585011182593e+00 4.724961397316345568e+00 7.247439108707954603e+00 1.033060273173068838e-01
-8.704321509062951989e+00 -8.704321509062951989e+00 5.760214800669306578e-01 -8.703854960475947422e+00 1.465306192156439202e-01
-2.809195841484735112e-01 -2.809195841484735112e-01 6.106545703762310318e+00 -2.808341688973801098e-01 1.346153045811221416e-01
2.678675037442819651e+00 2.678675037442819651e+00 3.490130106218659378e+00 2.679147458241635249e+00 1.436555127545607879e-01
6.835924952063146876e+00 6.835924952063146876e+00 8.115111989636602630e+00 6.835661467698379568e+00 8.337593916275165551e-02
-5.945757097206445518e-01 -5.945757097206445518e-01 1.906989466827070823e+00 -5.942663859206449573e-01 1.143164906380948059e-01
9.906702914079746236e+00 9.906702914079746236e+00 6.913484050912369838e+00 9.906832129601625070e+00 1.195592253650993031e-01
5.040804164436629264e+00 5.040804164436629264e+00 5.476846034543878972e+00 5.040671239613698340e+00 5.845337350558539313e+00
2.803609642650881639e-01 2.803609642650881639e-01 -2.328530288292302242e+00 2.805646781541124568e-01 9.298676599442382340e+00
1.474900808880779124e+01 1.268412975996575653e+01 8.859412109665653290e+00 5.132924152077567470e+00 8.300435849907676911e+00
1.158859842040811117e+01 1.016175107526721177e+01 9.575981260698251063e+00 8.491487536009094228e+00 8.609141725377638110e+00
9.247944179798073705e+00 7.051222666683631068e+00 3.485960528975179162e+00 1.989435507706162731e+00 7.955829516481954578e+00
7.117355691125984762e+00 2.024384063959779212e+00 5.095633424857216376e+00 1.345238071796062140e+00 7.525232478096666178e+00
1.115148258572991757e+01 5.500205005986526174e+00 1.094553688471151531e+00 8.994756807017612488e+00 7.671920916763802722e+00
1.889587692620488824e+01 1.073535213843523906e+01 2.875290187995228397e+00 7.117524771493901170e+00 9.331597302833175789e+00
1.830994760004404398e+01 1.194907766778560720e+01 7.931608567952380007e+00 9.223392716524369206e+00 8.007237214067634667e+00
1.322429932134715358e+01 5.557986851000346284e+00 2.332681301211585900e+00 6.851465287255201986e+00 1.113564391150325683e+01
1.189877225831686758e+01 3.336374116133212109e+00 5.065951759866739401e+00 4.600453344822664548e+00 9.490039814868296730e+00
1.512874395152655715e+01 7.034538832554816601e+00 5.513649147976996900e+00 6.046028837141923518e-01 1.009335437444314110e+01
