# Treated, TrueCf, Synth (all lag), GL Pred, Error
2.141638242775556122e+01 2.141638242775556122e+01 2.184221826171759062e+01 2.141628515614819506e+01 1.046749154043820212e-01
5.231430002784858146e+00 5.231430002784858146e+00 4.984793093682381659e+00 5.231405384976076434e+00 1.010847539677900142e-01
1.356739719063932759e+00 1.356739719063932759e+00 2.314753686864607030e+00 1.356949324483177843e+00 9.802980684524728594e-02
-2.388173856722584532e+00 -2.388173856722584532e+00 -3.042932743194956546e-01 -2.388144389537109724e+00 9.768932374451556877e-02
1.642191110326181658e+01 1.642191110326181658e+01 1.697360701661785853e+01 1.642179731679201637e+01 1.044244774430919120e-01
-5.352282497459254884e+00 -5.352282497459254884e+00 -7.162369032900112842e+00 -5.352174579392117160e+00 9.674600019643618543e-02
2.366246275873066907e+01 2.366246275873066907e+01 2.249078318804725285e+01 2.366224382898551681e+01 1.063590037115889619e-01
5.570908750413473776e+00 5.570908750413473776e+00 4.341144444658117330e+00 5.570870511370690892e+00 9.976148215398927821e-02
1.303403580843450271e+01 1.303403580843450271e+01 1.407970148787251397e+01 1.303418727809821220e+01 9.833214241082283147e-02
1.100579844167392096e+01 1.100579844167392096e+01 1.032428860207505572e+01 1.100572495290029451e+01 1.006519638257560162e-01
2.554789328514047142e+01 2.554789328514047142e+01 2.308489982337311019e+01 2.554774993028747332e+01 1.058934393704557553e-01
-4.893394654770288454e+00 -4.893394654770288454e+00 -6.520050059241642160e+00 -4.893385864614277381e+00 9.832510959144731555e-02
5.477450642894044819e+00 5.477450642894044819e+00 5.403513238044920897e+00 5.477404804984255193e+00 1.011822289148431031e-01
3.753677043294226134e+00 3.753677043294226134e+00 8.104634157961106311e+00 3.753897722618772193e+00 9.526571041255355032e-02
1.896384557996686837e+01 1.896384557996686837e+01 1.758444376585287827e+01 1.896374753943337055e+01 1.039901675087819694e-01
8.690108242344539713e-01 8.690108242344539713e-01 1.373887934196011296e+00 8.690374161105134387e-01 9.907274506363765443e-02
7.026542087510986079e+00 7.026542087510986079e+00 8.538312507421375486e+00 7.026646236451346894e+00 9.943813574928087040e-02
1.155612217783408013e+01 1.155612217783408013e+01 8.730288595303482779e+00 1.155605939625447753e+01 9.936169838258586406e-02
9.174335469955039457e+00 9.174335469955039457e+00 1.129671816076355562e+01 9.174377805287781129e+00 8.828813383088533584e+00
1.681901253428188525e+01 1.681901253428188525e+01 1.529541550940888861e+01 1.681894771639101549e+01 9.157723940970745602e+00
7.787037778388395282e+00 6.953637350337725564e+00 3.129833614585529666e+00 5.756134691826314764e+00 8.949357614051038468e+00
2.582848128446039837e+01 2.291128526391637621e+01 2.011956585190947777e+01 9.802187818096847138e+00 8.847335464673584227e+00
1.777937027901059608e+01 1.469911969126583884e+01 1.195219759711762997e+01 5.329658900208110950e+00 9.398390633878431544e+00
1.644260776904077304e+01 1.221436899560273126e+01 1.494958940332481667e+01 8.621095963869118250e+00 9.429838379393517656e+00
2.182098505601784666e+01 1.770146185226737856e+01 1.897403681338031234e+01 8.861118970501692615e+00 9.681049793500296374e+00
1.171776253723586869e+01 5.439633691527424375e+00 5.995059229584426497e+00 8.721875514144540986e+00 9.898380142152376493e+00
2.432300622340741469e+01 1.739316299672544375e+01 9.490108555747953645e+00 7.615383986563327490e+00 1.032495114662554947e+01
6.689978267984920457e+00 -1.939609658651387569e+00 5.027284402119871487e+00 9.967012089717490753e+00 1.097975397286345967e+01
1.637616010321310256e+01 9.189583666168044118e+00 7.733662726079709948e+00 5.192956291749371012e+00 1.128255707867398883e+01
2.911902575998171372e+01 1.757157718325548501e+01 1.522059583182060116e+01 1.420618335575410285e+01 1.156963389782761986e+01
