# Treated, TrueCf, Synth (all lag), GL Pred, Error
1.875044359615829492e+01 1.875044359615829492e+01 1.649451759811747920e+01 1.875125744405578132e+01 7.547769668447901203e-02
3.303958599455853573e+01 3.303958599455853573e+01 3.139965258909456125e+01 3.303652322895456450e+01 6.126484051838602257e-02
1.273448908843244531e+01 1.273448908843244531e+01 1.589152153670904255e+01 1.273678545790099648e+01 7.965928968277898037e-02
3.269642154919647936e+01 3.269642154919647936e+01 3.022365746300224743e+01 3.269207913228703433e+01 5.772315139832918246e-02
8.358010412840972236e+00 8.358010412840972236e+00 4.837343364716104155e+00 8.360672585019484515e+00 8.417861006626803366e-02
2.097172036661512706e+01 2.097172036661512706e+01 1.911219597153296945e+01 2.096906133212888435e+01 6.948287589129817365e-02
1.272726813718494476e+01 1.272726813718494476e+01 1.224601242058349548e+01 1.272719416708465801e+01 8.527174317349017763e-02
-1.425055522381696083e+00 -1.425055522381696083e+00 2.657715039978613206e-02 -1.420897052940104821e+00 1.217770959949490417e-01
9.861673909447583597e+00 9.861673909447583597e+00 1.174668247986461722e+01 9.864356374607842426e+00 8.588467027148832811e-02
2.229627228776460157e+01 2.229627228776460157e+01 2.207593301096675020e+01 2.229601400201853068e+01 6.779118563087611904e-02
2.828166674809118319e+01 2.828166674809118319e+01 2.858531600564234054e+01 2.828196746349194513e+01 6.262816984199254255e-02
3.163392586096020409e+01 3.163392586096020409e+01 3.530713090669974719e+01 3.163332276605791193e+01 6.444223632911716404e-02
1.928345731631024407e+01 1.928345731631024407e+01 1.948406665943225491e+01 1.928658372315375402e+01 7.820208972546036086e-02
2.131753470119122085e+00 2.131753470119122085e+00 2.954367220491386004e+00 2.134818017665997214e+00 1.034781356174211131e-01
1.408273289875240053e+01 1.408273289875240053e+01 1.747806261931863148e+01 1.408491917865453402e+01 8.948365928771921662e-02
2.372495688037121653e+01 2.372495688037121653e+01 2.748582927576777735e+01 2.372373645366937467e+01 7.269074438023000184e-02
1.732344946637835292e+01 1.732344946637835292e+01 1.678373257898848436e+01 1.732490056130253109e+01 7.944151732849839831e-02
2.897851661116754940e+01 2.897851661116754940e+01 2.710772951985480361e+01 2.897702852471685020e+01 6.281332346538616440e-02
3.798967178831411218e+01 3.798967178831411218e+01 3.817858375235365997e+01 3.798768991024721942e+01 3.839640604604202423e+00
4.225888075238974295e+01 4.225888075238974295e+01 3.698216962233757954e+01 4.225599279452554669e+01 3.698583550452271496e+00
2.410397368467819845e+01 2.191267029018732870e+01 1.613360496597229243e+01 2.227153119571910622e+01 4.588850990689035569e+00
2.453518295822178530e+01 2.199451036873330168e+01 3.278571416843813324e+01 2.239523165247133463e+01 5.071126186519748558e+00
2.123678151417076876e+01 1.950580928140562520e+01 1.733040162884134716e+01 1.944206738154611713e+01 5.250551638688262912e+00
7.216269070471632574e+00 3.251268686337493552e+00 6.395741056753944775e+00 1.150755253335942285e+01 5.676600763530435856e+00
2.361380632696523563e+01 1.675170573357793913e+01 1.511323552325186981e+01 1.930156957165227283e+01 5.160016058959151941e+00
2.543338639301202164e+01 1.903574886198761007e+01 2.057134446535718553e+01 2.520398565435791483e+01 5.293565364845361110e+00
2.573539902688820291e+01 1.854308794723909415e+01 2.514632907787028415e+01 2.894371649194140161e+01 5.150981219536496347e+00
2.051426353869087649e+01 1.132803065355574468e+01 1.667952828395564424e+01 1.907079274581159822e+01 5.623442579482644810e+00
2.650574911904988795e+01 1.753477483678461368e+01 2.040967732185784200e+01 2.467902587129361081e+01 5.467206885893110879e+00
2.150911475536893391e+01 1.112651530895203322e+01 1.498323802137361938e+01 2.036025776504656903e+01 6.064993225127339294e+00
