# Treated, TrueCf, Synth (all lag), GL Pred, Error
-4.050504515385631166e-01 -4.050504515385631166e-01 7.417671363266279405e-01 -4.050983144296291805e-01 9.825367378693453113e-02
1.233706326399156117e+00 1.233706326399156117e+00 3.087543538099218665e+00 1.233902001880925248e+00 1.230223990333436240e-01
5.110797477093519170e+00 5.110797477093519170e+00 8.131394247141525256e+00 5.110952869814600064e+00 1.109081924462711338e-01
1.004749436068199842e+01 1.004749436068199842e+01 5.454181729816217405e+00 1.004700061440861703e+01 7.452205421447782863e-02
-6.102454390568397002e+00 -6.102454390568397002e+00 -5.797762259063500956e+00 -6.101978480251688985e+00 1.380762830779830030e-01
2.230646563763692924e+01 2.230646563763692924e+01 2.181401350286711605e+01 2.230597437022352381e+01 8.669900525445980999e-02
6.020623757977561219e+00 6.020623757977561219e+00 8.178037755117665952e+00 6.020719445106221812e+00 1.151819870356698694e-01
1.212120829251266052e+01 1.212120829251266052e+01 9.178853852430487237e+00 1.212093592222063876e+01 9.601037529037810547e-02
-2.882685228329059157e+00 -2.882685228329059157e+00 4.167384633578994357e-01 -2.882638316900889119e+00 1.219621493274424540e-01
-6.046615970503725457e+00 -6.046615970503725457e+00 -1.516371604804348829e-02 -6.046088833473983293e+00 1.390292657198677340e-01
8.211384091312206479e+00 8.211384091312206479e+00 6.153031373311139696e+00 8.211410591249244106e+00 1.198192230846486378e-01
-1.996334424031649846e+00 -1.996334424031649846e+00 -7.658455184778188984e-01 -1.995753018732564499e+00 1.420245019839480316e-01
9.013400151664292537e+00 9.013400151664292537e+00 8.220229347786478513e+00 9.013707948145626148e+00 1.253075563430802175e-01
1.272473792238995216e+01 1.272473792238995216e+01 1.575217302912801465e+01 1.272492810166165178e+01 1.162155135993118149e-01
-7.316581682153419308e+00 -7.316581682153419308e+00 -1.042421777910145897e+00 -7.316287064935037776e+00 1.276215490652587992e-01
-7.409181262632277942e+00 -7.409181262632277942e+00 -4.821656206941741019e+00 -7.409047161845240481e+00 1.313683811111275579e-01
1.262190981286367020e+01 1.262190981286367020e+01 1.044367979152487180e+01 1.262185914956442190e+01 1.083459852404852070e-01
4.008220519230223822e+00 4.008220519230223822e+00 3.010511957963250662e+00 4.008342773338503306e+00 1.327650340117529082e-01
1.266990248868416025e+01 1.266990248868416025e+01 1.257910221458296895e+01 1.266967291604463064e+01 6.788133304899742981e+00
1.831920149281443244e+01 1.831920149281443244e+01 1.854872955034014481e+01 1.831877614359751760e+01 5.594369595533830619e+00
2.283660104741145247e+01 2.214095544415193118e+01 1.628981254967239067e+01 1.107767069824375206e+01 8.102702243168341312e+00
-5.297887153829040408e+00 -7.856558144294008450e+00 -5.430466524068468637e+00 -4.771321570949176305e+00 8.734891300722203766e+00
2.056341415208693846e+01 1.657094194760104955e+01 1.636431230562799399e+01 6.042450119482261073e+00 7.766963144304980915e+00
2.559027188077226711e+01 2.275937102032945702e+01 1.632595764805641991e+01 1.453806484458881165e+01 8.216235365269154656e+00
1.233043841843623589e+01 5.863557014484268137e+00 5.386553023238326077e+00 8.088833377534893287e+00 7.999899317810547750e+00
3.666874920323315301e+00 -3.133679332894168112e+00 -1.143665480712804161e+00 7.933723607070792383e+00 7.938054058795420254e+00
9.459550118506623306e+00 1.660508978750660836e+00 -5.667578351230245087e-02 3.332838754524438674e+00 8.746043915269158475e+00
7.768255153390529522e+00 -3.614681921344609083e-01 6.385157386240973842e+00 9.969830554505790587e+00 9.275305043737530397e+00
1.389205976358566730e+01 3.848898573978379201e+00 3.594708479602944262e+00 -5.914071752424288064e-02 9.744038675210195066e+00
1.284504946421243865e+01 2.827901719998911823e+00 5.779732184254577021e+00 1.016099880616642182e+01 8.580782276676112375e+00
