# Treated, TrueCf, Synth (all lag), GL Pred, Error
3.380972106753785766e+01 3.380972106753785766e+01 3.261000130337599501e+01 3.380858881462108911e+01 5.871868118077847032e-02
1.237951285173902782e+01 1.237951285173902782e+01 1.050442235165481364e+01 1.237995272789132706e+01 8.186543573456615819e-02
1.089317447870149991e+01 1.089317447870149991e+01 1.061389131341283054e+01 1.089395183142753076e+01 8.405939770054990379e-02
2.015725469837967054e+01 2.015725469837967054e+01 2.238655686487285124e+01 2.015712574696294368e+01 7.741902097259045767e-02
5.292018279654458368e+00 5.292018279654458368e+00 7.007416483910036575e+00 5.292380070527862301e+00 9.762543831870823530e-02
-4.193940040624428711e+00 -4.193940040624428711e+00 -4.280959404893358133e+00 -4.192882604774812449e+00 1.117675789610637627e-01
3.356942913886905444e+01 3.356942913886905444e+01 2.668994666643414959e+01 3.356871719031077106e+01 5.549355579832637025e-02
2.035468625605750148e+01 2.035468625605750148e+01 1.992558814724196026e+01 2.035402030894256242e+01 6.903092155143202013e-02
3.068425645562179582e+01 3.068425645562179582e+01 3.076937335884393576e+01 3.068334097967475316e+01 6.136981035096894521e-02
1.276967729642171356e+01 1.276967729642171356e+01 1.309220583742160215e+01 1.276933624931373501e+01 7.929461469017286268e-02
6.985992577953434868e+00 6.985992577953434868e+00 8.524055683795271676e+00 6.986854781834380468e+00 1.006652849273699246e-01
1.688688529934331584e+01 1.688688529934331584e+01 1.637355467173123813e+01 1.688679546905431650e+01 7.478455695131205894e-02
3.894841060796240129e+01 3.894841060796240129e+01 3.781124626648301046e+01 3.894711169769614401e+01 5.627407384318808964e-02
-1.350198864252247333e+01 -1.350198864252247333e+01 -1.610901962527783837e+01 -1.350146032204944468e+01 1.226812837057957156e-01
1.677311846329997280e+01 1.677311846329997280e+01 1.889845143670765992e+01 1.677404771649834103e+01 8.390863825935976350e-02
-1.915735480872441343e+01 -1.915735480872441343e+01 -1.804343390792384483e+01 -1.915597147995348948e+01 1.411047873251663198e-01
2.875179322228597201e+01 2.875179322228597201e+01 2.692264880532430738e+01 2.875115216411383301e+01 6.677114059613852015e-02
1.260561323082339058e+01 1.260561323082339058e+01 1.247544564745190776e+01 1.260576790659585811e+01 8.055900606666197006e-02
7.437940035067084565e+00 7.437940035067084565e+00 5.385366270798817467e+00 7.438273586688152861e+00 7.718312402348580292e+00
-1.062549996760788495e+01 -1.062549996760788495e+01 -2.455555123874680223e+00 -1.062482475806706717e+01 1.206051470395771474e+01
-2.108207649472040046e+01 -2.201545131941994171e+01 -1.658719486844135815e+01 -1.210708885751875385e+01 1.123489688759138083e+01
1.884226820704135719e+01 1.690209033662928562e+01 1.268089563492035410e+01 9.414585234071594755e+00 8.673129780202000205e+00
-1.110701707550316497e+00 -4.254421678455193145e+00 4.374032662199089039e+00 7.802061716763474486e+00 7.672103812343783247e+00
1.538761938115500527e+01 1.146476177493100934e+01 1.274297686617338776e+01 1.152436479714114981e+01 8.059877864792456492e+00
2.763971097769134388e+01 2.326310922881827636e+01 1.959226424723763671e+01 7.758561969022758298e+00 1.024488283541033340e+01
6.644726595126110524e+00 -1.155790257163357704e-01 3.218709972960712928e+00 6.380809658316757282e-01 1.064409368910931164e+01
2.663182737757591667e+01 1.786253372556872776e+01 1.721715837106781777e+01 1.002928422772244588e+01 9.438364879096052817e+00
2.607479198194257464e+01 2.003421425773424502e+01 1.789340208902507001e+01 1.587667416665097875e+01 8.073468331667026376e+00
2.340860470380717118e+01 1.482693052940019385e+01 1.128437632255714007e+01 7.506035673490169202e+00 9.550102863961809518e+00
1.608543771263404665e+01 5.667613710615819755e+00 8.906181683180445674e+00 5.319713465869646107e+00 1.016892910443469589e+01
