# Treated, TrueCf, Synth (all lag), GL Pred, Error
9.985582407007475680e+00 9.985582407007475680e+00 9.717495481238170640e+00 9.987116402289764494e+00 9.507257597989066111e-02
4.541168931544610388e+01 4.541168931544610388e+01 4.983050593340987433e+01 4.540991113933104373e+01 8.371774960382641351e-02
1.898696171631498331e+01 1.898696171631498331e+01 1.802087451960081310e+01 1.898707387201199026e+01 9.193459856522988305e-02
2.059122378681635013e+01 2.059122378681635013e+01 2.059362159150145288e+01 2.059109324208819203e+01 9.049682172537637515e-02
2.640697527712792336e+01 2.640697527712792336e+01 2.592151561987047970e+01 2.640635557956110802e+01 8.863680601630971601e-02
1.873968316272621948e+01 1.873968316272621948e+01 1.768330388975928358e+01 1.873962173728492431e+01 9.113836959658409842e-02
1.897464613909622244e+01 1.897464613909622244e+01 1.590593351312743309e+01 1.897475639534577141e+01 9.113579613542201197e-02
3.073670008494863026e+01 3.073670008494863026e+01 2.072682732832333485e+01 3.073491371625806323e+01 8.522889097848530826e-02
1.246950041734853976e+01 1.246950041734853976e+01 1.519977895802434986e+01 1.247055071640608048e+01 9.581407068148421746e-02
9.340509172042942510e+00 9.340509172042942510e+00 1.074918103366349342e+01 9.341029864353528112e+00 9.599484281664810714e-02
8.142395146263464056e+00 8.142395146263464056e+00 1.006022942058700487e+01 8.143919228213409411e+00 9.672809134466323067e-02
1.294149775116090595e+01 1.294149775116090595e+01 1.478250544249304888e+01 1.294165252701056090e+01 9.504099089824052937e-02
2.851830957724529725e+01 2.851830957724529725e+01 2.290656853704690121e+01 2.851629134898678331e+01 8.672589803613639514e-02
2.285723236354331789e+01 2.285723236354331789e+01 1.855212964173917101e+01 2.285625124253388663e+01 8.946494088623893615e-02
1.626832495056513395e+01 1.626832495056513395e+01 1.815281156615268543e+01 1.626861740941433254e+01 9.427496541165716892e-02
-1.229419793929625371e+01 -1.229419793929625371e+01 -1.035135006759362675e+01 -1.229141365557975085e+01 1.088422006628679967e-01
8.704727263230733314e+00 8.704727263230733314e+00 1.207490453067323877e+01 8.705249221829255646e+00 9.748072294444214136e-02
9.580111776098750198e+00 9.580111776098750198e+00 1.395972023147446528e+01 9.580573219011665032e+00 9.807559022379185032e-02
1.045231553131128521e+01 1.045231553131128521e+01 1.045409810403945983e+01 1.045236262012034700e+01 7.365078185360057539e+00
2.141577484776658480e+01 2.141577484776658480e+01 1.811144395279500685e+01 2.141420005201728571e+01 7.082913088799146273e+00
5.516433526865584724e+01 5.498056381669654513e+01 4.434707175163600112e+01 2.576205316546846902e+01 7.698352552964852435e+00
2.006871467574339718e+01 1.759540549748833982e+01 1.149694324591447980e+01 5.776714853703198038e+00 8.573607039168123833e+00
1.702880121969255001e+01 1.390421841308492112e+01 1.765383951616382774e+01 1.119001685772644805e+01 8.517502466814621087e+00
3.812505179527789068e+01 3.298713326921415501e+01 3.788592520874572500e+01 2.116424319144977417e+01 8.386928988745808056e+00
3.170087309354090621e+01 2.706188371761664513e+01 2.545670316981147607e+01 1.490586904132747570e+01 8.959132219107132755e+00
2.294147523529173327e+01 1.652765269526184611e+01 1.716228349077375270e+01 1.082400454088671538e+01 9.428090461007242240e+00
3.763441154517865073e+01 3.068744913805015528e+01 2.510128346917585773e+01 1.295978494774817591e+01 9.641357680496868809e+00
3.046290649064236078e+01 2.162816650159610532e+01 2.068942700751057728e+01 9.806553701026667014e+00 1.021573358078684279e+01
2.593163183316574916e+01 1.747727585965749952e+01 1.653200851739947908e+01 9.120427406924457969e+00 9.966292125145677971e+00
2.397648027527171166e+01 1.470846835131282226e+01 1.144628296337315554e+01 9.494723870090725271e+00 1.005360685070411897e+01
