# Treated, TrueCf, Synth (all lag), GL Pred, Error
4.036798098337190943e+00 4.036798098337190943e+00 3.751754956824371767e+00 4.036768973303850316e+00 1.041464234433056163e-01
-1.758205466990536703e-01 -1.758205466990536703e-01 6.975284442078567848e-02 -1.757378587466273956e-01 1.099007837948231536e-01
-6.238047055993083845e+00 -6.238047055993083845e+00 -5.358348304798057349e+00 -6.237898122467598228e+00 1.167390051962522157e-01
3.066602126354233793e+00 3.066602126354233793e+00 5.128727070236847041e+00 3.066808832551009445e+00 1.156825012388520563e-01
9.234000140663052747e+00 9.234000140663052747e+00 9.473717846366019657e+00 9.233911738954855508e+00 1.020291319034358352e-01
2.631638965728068769e+00 2.631638965728068769e+00 1.055241543228366385e+00 2.631633383954636418e+00 1.039853200758954210e-01
1.254562233125155224e+01 1.254562233125155224e+01 1.091029834452527325e+01 1.254564997084714939e+01 1.122553872842605299e-01
2.525108854273002912e+00 2.525108854273002912e+00 2.668885873536713582e+00 2.525132706842002861e+00 1.087059673048543645e-01
5.491284647693538190e+00 5.491284647693538190e+00 5.223817702369698779e+00 5.491233640532187543e+00 9.768852365762313583e-02
5.096517071678607458e+00 5.096517071678607458e+00 6.656915230258007021e+00 5.096448640648276296e+00 1.035548637009752054e-01
7.983232621353264058e+00 7.983232621353264058e+00 7.067932820298380214e+00 7.983330443902605822e+00 1.115270158951649909e-01
3.954353602549862678e+00 3.954353602549862678e+00 2.667351379723208016e+00 3.954277082904738450e+00 9.960220967652992641e-02
-1.039813808304403953e+00 -1.039813808304403953e+00 -2.071583834238320598e+00 -1.039843260240962630e+00 9.944553687697532673e-02
8.710347389231827719e+00 8.710347389231827719e+00 6.014198918864311239e+00 8.710231316124460221e+00 9.694698561453350683e-02
1.045472890348336570e+01 1.045472890348336570e+01 9.948487316927973723e+00 1.045469725843936182e+01 1.015472798157912165e-01
1.069985781880630604e+01 1.069985781880630604e+01 8.441884010089340862e+00 1.069971801043822701e+01 9.357802144039249759e-02
7.494081733988897653e+00 7.494081733988897653e+00 7.533643754074475396e+00 7.494085774012965828e+00 1.041647295140118029e-01
-3.166820719815138130e+00 -3.166820719815138130e+00 2.350481170670755682e-01 -3.166680306595123895e+00 1.109016482505680717e-01
5.932705622827164404e+00 5.932705622827164404e+00 6.897566771773638195e+00 5.932659219462143696e+00 9.000966402399697586e+00
-3.731796109328928246e+00 -3.731796109328928246e+00 -1.980239103758108632e+00 -3.731562510392882004e+00 1.011158121736320936e+01
2.759931344519576513e+01 2.509063452185541365e+01 1.724769130589699628e+01 4.500289434602464667e+00 9.531613570908039179e+00
1.484789924391547267e+01 1.245006356843160589e+01 1.070097552488511283e+01 1.530705201230832557e+01 9.285690584375283052e+00
-1.935920139487323777e+00 -6.439551210947891846e+00 -6.475507392230379189e+00 9.819303384896380660e-01 9.565036381726816472e+00
1.690706016388553889e+00 -1.802009708273433874e+00 1.011008223481685508e+00 6.896921222181664923e+00 9.754453600517114964e+00
1.075889270725305202e+01 4.986044230595871873e+00 6.323728154221442743e+00 -1.318753259511314502e+00 9.797063005900188415e+00
4.655674224254079618e+00 8.688265160977753920e-02 4.504148313901829681e+00 2.660408812782700583e+00 9.852366201699457093e+00
4.144712241607930281e+00 -3.597277920375242743e+00 -1.620639949357013609e+00 5.178609033051255750e+00 1.001400463952197484e+01
5.184598926922324935e+00 -3.361175317117692352e+00 1.805561874726447469e+00 9.641120907126389028e+00 1.042546767315397993e+01
2.444832988902123461e+01 1.599552439856030972e+01 1.013766370588048993e+01 1.666042967548829168e+01 1.009834008149623230e+01
1.873168279386351998e+01 9.043030468979448955e+00 1.279880662527458313e+01 1.737684973317900017e+01 1.048713936720973905e+01
