# Treated, TrueCf, Synth (all lag), GL Pred, Error
7.771546603379514195e+00 7.771546603379514195e+00 7.946160577887882326e+00 7.771582205400049403e+00 9.962831768595399595e-02
2.580331789348067062e+01 2.580331789348067062e+01 2.251645810035379114e+01 2.580300206911004324e+01 1.089714638977437866e-01
2.414041318041930673e+00 2.414041318041930673e+00 5.984837551283045398e-01 2.413926693939564050e+00 1.013170172256022822e-01
9.779384908871646687e+00 9.779384908871646687e+00 8.993853479356952008e+00 9.779325379247390870e+00 9.997804276655260225e-02
4.209949438966565261e+00 4.209949438966565261e+00 6.229315309637877718e+00 4.210182400286047510e+00 1.058932239700598604e-01
3.184756849644881260e+00 3.184756849644881260e+00 6.785822915866956073e+00 3.184904159788407796e+00 1.015413705250122756e-01
-3.308768553067529705e+00 -3.308768553067529705e+00 -9.586012102122226652e-01 -3.308735776836436493e+00 9.969940324457796099e-02
5.370700213626321329e+00 5.370700213626321329e+00 4.213806301994831749e+00 5.370623173589330612e+00 1.007651008850996427e-01
7.333912068654022676e+00 7.333912068654022676e+00 9.387842172955872755e+00 7.333716200529324603e+00 9.968415650846532139e-02
4.825675752025227361e+00 4.825675752025227361e+00 1.975893394180386009e+00 4.825618657423138558e+00 1.001529563191911054e-01
-5.059654915204031767e+00 -5.059654915204031767e+00 -5.845738351499560892e-01 -5.059194523229423979e+00 1.211559547208453658e-01
1.650418009419805321e+00 1.650418009419805321e+00 1.204271249384399667e+00 1.650811698249860626e+00 1.183594447083596429e-01
3.829926105918297630e+00 3.829926105918297630e+00 -3.012232822079111139e-01 3.829822443194656145e+00 9.976040815280544372e-02
8.420384481787840159e+00 8.420384481787840159e+00 6.231685440260807063e+00 8.420322481120550151e+00 1.000330558020094546e-01
1.681220414333292013e+01 1.681220414333292013e+01 2.016910802285983451e+01 1.681190163440707153e+01 1.021026185864797875e-01
-7.577174413278420673e+00 -7.577174413278420673e+00 -5.174530861037872853e+00 -7.576757276226722126e+00 1.172073085860726865e-01
8.899302060579650231e+00 8.899302060579650231e+00 7.588893909774342639e+00 8.899142286817193437e+00 1.033756738174838596e-01
1.450234551979415265e+01 1.450234551979415265e+01 1.438404091078801628e+01 1.450227836989354380e+01 9.959771562404258483e-02
-3.912366174318510748e+00 -3.912366174318510748e+00 -2.718685520843015180e+00 -3.912366158205259126e+00 9.062053809406151572e+00
-8.772389947745188321e-01 -8.772389947745188321e-01 2.026302441290846745e-01 -8.772265115002779723e-01 8.757236462347327333e+00
1.536484554236877109e+01 1.440175785040333700e+01 1.168848679818784753e+01 1.149328572292367845e+00 8.707398053994641174e+00
2.622651047646997302e+00 2.721010410147797209e-01 3.718324999466445124e+00 -7.412178993741012079e-01 9.570482883569910726e+00
7.430553809741724081e+00 6.278209703320269952e+00 1.365129221804673243e+01 1.288551076568709064e+01 9.415544061381003971e+00
5.059361637824231650e+00 1.668544379665462429e+00 9.230749704396449928e+00 4.574790067356633294e-01 9.309791435441178820e+00
2.421210046785978420e+01 1.685141441319991884e+01 1.183905855582436217e+01 9.367032662402003496e+00 9.409143661899857847e+00
-2.210357331860113739e+00 -6.507327320950885508e+00 -3.562855154920839595e+00 1.559668120779847733e+00 9.836332225256882111e+00
-3.245038885994116384e+00 -1.086059775576441311e+01 -1.057687220303785303e+01 -1.847565892991457570e+00 9.901264509502695432e+00
1.456720580150183331e+01 6.603810056358918601e+00 9.512191784941034456e+00 1.593962485308165355e+01 9.889155052827151238e+00
1.055615703796371463e+01 3.427698296605130146e+00 -2.024344423640311419e+00 1.766641658145000626e+00 1.054824332636284900e+01
6.321884055098561994e+00 -3.478764189155667097e+00 -1.486560280613223650e+00 1.944711011021351243e+00 1.058428931194295153e+01
