# Treated, TrueCf, Synth (all lag), GL Pred, Error
5.909913680739187214e+00 5.909913680739187214e+00 8.343997932435225806e+00 5.909939599226536444e+00 1.299412257020820249e-01
8.788608561349459336e+00 8.788608561349459336e+00 4.547267395962351522e+00 8.788528566072413284e+00 1.167612287833170448e-01
-1.065877452311135287e-01 -1.065877452311135287e-01 1.571264069519148432e+00 -1.053190042705729468e-01 1.440365412030790160e-01
-1.854176065789294015e+01 -1.854176065789294015e+01 -1.438700336605210417e+01 -1.854079013112123064e+01 1.681595144784066853e-01
9.126152892133498895e+00 9.126152892133498895e+00 6.648526365749879652e+00 9.125962385840765023e+00 1.111815505089528838e-01
1.125236286304183847e-01 1.125236286304183847e-01 5.657027140592091330e-01 1.130832680824926939e-01 1.291632466316619265e-01
1.003844962193659818e+01 1.003844962193659818e+01 7.733978780363487182e+00 1.003735800885801588e+01 7.583360805119768178e-02
-4.128026994435489705e+00 -4.128026994435489705e+00 -2.345307020329328029e+00 -4.127863829536012830e+00 1.387486298477929314e-01
-5.591038280690203699e+00 -5.591038280690203699e+00 -8.633374151112791495e-01 -5.589823270010745304e+00 1.401445086018080211e-01
1.410563250146287473e+00 1.410563250146287473e+00 -5.116272897108392392e+00 1.409829310382452405e+00 8.363457824396772211e-02
3.193205651521522803e+00 3.193205651521522803e+00 2.813824752608389268e+00 3.193755734635990606e+00 1.390518035665975205e-01
9.208474130047573425e+00 9.208474130047573425e+00 1.127321010523906608e+01 9.208260850138962894e+00 8.469971317843275060e-02
3.036311827016138665e+00 3.036311827016138665e+00 -1.144035443300358335e+00 3.035196410365465169e+00 1.203434174200312123e-01
3.367031259497392348e+00 3.367031259497392348e+00 5.233475076447047930e-03 3.367135821659539729e+00 9.436645267513561752e-02
-3.550115814448588925e+00 -3.550115814448588925e+00 -5.716401550939695042e+00 -3.549535046809999983e+00 1.397569875481032009e-01
2.794937423379585617e+00 2.794937423379585617e+00 2.902955661544265986e+00 2.794626275678355753e+00 1.356426121037085930e-01
-9.767045483079744628e+00 -9.767045483079744628e+00 -6.573575732726060217e+00 -9.765863032927939003e+00 1.372743469458636012e-01
4.801074759961920790e+00 4.801074759961920790e+00 1.601129744922983766e+00 4.800763732840849229e+00 1.154439218902311992e-01
4.402298549936681127e+00 4.402298549936681127e+00 4.588347236586512778e+00 4.401772035618030543e+00 8.784211493685264216e+00
-2.963529009867320152e+00 -2.963529009867320152e+00 -5.333957858444358102e-01 -2.962249269403903540e+00 1.322311714918052239e+01
-8.743592624724463747e+00 -7.306619703194683346e+00 1.778164379775019954e+00 4.158788862095406103e+00 1.329723255268223880e+01
6.137456791149698887e+00 4.409102651272528206e+00 2.841361711754074815e+00 4.093338591398824278e+00 1.087427462707322690e+01
7.622565151123641414e+00 4.747588291542051309e+00 2.462683506753124973e+00 4.106468232492954229e+00 8.839123526728204894e+00
-1.912179422799420436e+00 -3.633764782474314003e+00 -4.242496677190131793e-01 2.810181585933904991e+00 1.187526893723524779e+01
5.437925427640040610e+00 1.389764567005113971e-01 9.441432067666793992e-01 8.049399433159667439e+00 1.152150645151741770e+01
5.133021004568973034e+00 -5.028809819635080558e-01 4.078580691202664532e+00 8.505932161916195611e+00 1.105597112717923736e+01
-2.557462702760580076e-01 -6.430494369797351339e+00 -1.713370707345378330e+00 -5.249845091499494742e+00 1.018173219627016124e+01
6.679678477140934767e+00 -1.718167261900845899e+00 1.555820192539261848e+00 7.912529435357837038e+00 1.249782967785339594e+01
1.849522436941748182e+01 7.940905761358890480e+00 7.651961101615111893e+00 8.358161898687484381e+00 1.097957904993653244e+01
2.364949952913358189e+00 -7.822990673217861790e+00 -2.648468664038234888e+00 7.424050102283149322e+00 1.324126377884175021e+01
