# Treated, TrueCf, Synth (all lag), GL Pred, Error
2.150929241437366102e+01 2.150929241437366102e+01 2.118916957435881088e+01 2.150927738075897366e+01 1.012465552544387359e-01
-1.129715064067680741e+00 -1.129715064067680741e+00 3.920879942635573379e-01 -1.129505865946084375e+00 9.912429286774217252e-02
3.379883103507702913e+01 3.379883103507702913e+01 3.428828712078151852e+01 3.379821823737593434e+01 1.041667359999053910e-01
9.226481751717630075e+00 9.226481751717630075e+00 1.434296703287798636e+01 9.226879665958634291e+00 9.853414285180768506e-02
2.004486364098583806e+01 2.004486364098583806e+01 1.782173717763699372e+01 2.004462487865438902e+01 1.028483420646504887e-01
8.710559583401199291e+00 8.710559583401199291e+00 6.348657970221519342e+00 8.710641780982355087e+00 1.007780622149278410e-01
2.027415927194863698e+01 2.027415927194863698e+01 1.718089790214231272e+01 2.027413932879912295e+01 1.023816296345424065e-01
1.040272452782019386e+01 1.040272452782019386e+01 7.835091632234620462e+00 1.040268573957504117e+01 1.009205663189511187e-01
2.836432936475469901e+01 2.836432936475469901e+01 2.782835250588590981e+01 2.836424362025831059e+01 1.022205993872414009e-01
2.199347640720715802e+01 2.199347640720715802e+01 2.313634456287442731e+01 2.199315156566174423e+01 1.030218565765205069e-01
1.014886886755100370e+01 1.014886886755100370e+01 1.478781670828335493e+01 1.014885879489631648e+01 1.008897744436962757e-01
1.756867608561752947e+00 1.756867608561752947e+00 1.697366523637952263e+00 1.757210443873901795e+00 9.760545427845343514e-02
1.550672859779743007e+00 1.550672859779743007e+00 3.400798173398756674e+00 1.550573608495222411e+00 1.009781612128508033e-01
-1.218255493510129517e+00 -1.218255493510129517e+00 4.405503287570235571e+00 -1.217973968787080530e+00 9.766498561051900618e-02
3.249827429390243339e+01 3.249827429390243339e+01 2.720622826093747548e+01 3.249772282493000120e+01 1.031228326738875545e-01
-1.500096695618602149e+00 -1.500096695618602149e+00 5.652877621005800712e+00 -1.499722177476089158e+00 9.696946209274698303e-02
-7.207734086773245785e+00 -7.207734086773245785e+00 -7.634204448993145320e+00 -7.207569292118749971e+00 9.747692490794408748e-02
1.708708156013873136e+01 1.708708156013873136e+01 1.613512719978239218e+01 1.708681071143622177e+01 1.025100170926656201e-01
-8.819023933492003309e+00 -8.819023933492003309e+00 -8.148491942706282742e+00 -8.818857329706073500e+00 1.030499200487094846e+01
-3.539953652268593487e+00 -3.539953652268593487e+00 -4.184431247773490625e+00 -3.539885592691299987e+00 1.101214831435297725e+01
5.032480754190506111e+00 5.132343788700221232e+00 2.190366535396724768e+00 6.701635537893142924e+00 1.142385725341635094e+01
5.066527904772833324e+00 4.076944124546167281e+00 6.435192289653015152e+00 -1.299086728676923386e+01 1.154802180863966932e+01
1.303789905360734558e+01 9.431025517585105433e+00 1.584636601974336401e+01 8.376742872702504172e+00 1.228608993832584950e+01
9.091512013042498452e+00 4.267809836510284782e+00 3.354644877262837888e+00 2.425710416929631297e+00 1.218203925365474838e+01
1.393105162225295235e+00 -3.378115633200672985e+00 -4.778674586202264152e+00 1.943910426846107597e+00 1.230653452899570865e+01
2.652847402592976778e+01 2.120027264233011977e+01 1.193398145842580504e+01 1.016660213308591310e+01 1.250239535043797190e+01
7.039199043838734404e+00 8.087217072007879537e-01 2.573731452874651549e+00 5.840140238132279116e+00 1.261965837675654178e+01
1.746220023024789825e+01 8.133527758696917687e+00 7.144252952847317317e+00 9.254241698761026313e+00 1.282500628273834309e+01
4.025030923716084885e+01 3.082019791878942883e+01 1.899603528865264934e+01 2.549152977864291003e+01 1.271650078446942267e+01
2.308967321837944198e+01 1.306211191842055186e+01 6.427795163708670323e+00 1.205128111670678059e+01 1.292393580752224302e+01
