# Treated, TrueCf, Synth (all lag), GL Pred, Error
6.104759233507680349e+00 6.104759233507680349e+00 3.107035134157420053e+00 6.103875365954682053e+00 9.605995810510183086e-02
-6.920713571938517994e+00 -6.920713571938517994e+00 -5.122129772204488063e+00 -6.920691336319716669e+00 1.459576454418793356e-01
-6.274493101750355351e+00 -6.274493101750355351e+00 -5.936491675998137652e+00 -6.273783237954619452e+00 1.421098590514076609e-01
-2.202770908573516540e+00 -2.202770908573516540e+00 -2.411952249344804677e+00 -2.201826883078076946e+00 1.428937313582900326e-01
-4.809100649241977443e+00 -4.809100649241977443e+00 -1.121870405223653222e+00 -4.809141837814319587e+00 1.335699314235614388e-01
5.015157537245495512e+00 5.015157537245495512e+00 -2.597786319624353357e+00 5.014295547187808566e+00 9.871902143111679906e-02
-6.891473945372756482e+00 -6.891473945372756482e+00 -1.766777436223726072e+00 -6.890338847671451106e+00 1.520101300249153686e-01
-5.705972478560290106e+00 -5.705972478560290106e+00 -4.079264155363690136e+00 -5.705509580453092866e+00 1.435040372379746132e-01
-8.031360627519294582e+00 -8.031360627519294582e+00 -8.843840901405138899e-01 -8.031179080521443581e+00 1.407824812350109700e-01
-1.011521574830021475e+00 -1.011521574830021475e+00 -1.195446079800483785e+00 -1.012203237438631831e+00 1.302343906623484038e-01
-5.061280472223625981e-01 -5.061280472223625981e-01 -6.803609653792545009e-01 -5.059717578601379273e-01 1.259062801732476200e-01
-6.191173734899873438e+00 -6.191173734899873438e+00 -5.780036421800422985e+00 -6.191053420485866710e+00 1.445917879789341554e-01
-6.003261092600464366e+00 -6.003261092600464366e+00 -3.164815873462374363e+00 -6.001932298269281318e+00 1.494410747512496807e-01
-1.633862737668703247e+01 -1.633862737668703247e+01 -9.681737313994477345e-01 -1.633793639810433973e+01 1.573835639246616291e-01
-9.591851435828516514e+00 -9.591851435828516514e+00 -8.750857633185251672e+00 -9.590756822684337379e+00 1.569122504803662221e-01
4.781904641423332158e+00 4.781904641423332158e+00 -1.570132728772308361e+00 4.780919357903688827e+00 1.022921570529205376e-01
-8.275586095278956833e+00 -8.275586095278956833e+00 -2.626728193480881934e+00 -8.274910173325441320e+00 1.351793246424475570e-01
2.969231248200257411e+00 2.969231248200257411e+00 4.748143104313878204e+00 2.968318314177847750e+00 8.402423580996981611e-02
-6.305996234246296073e-01 -6.305996234246296073e-01 1.929552217979831452e+00 -6.306063399493391231e-01 1.052143836846451919e+01
-3.566610610805879489e+00 -3.566610610805879489e+00 -4.195201254410546809e+00 -3.566394542743081431e+00 1.283953689079965166e+01
1.195025741968188004e+00 -1.821387573636437995e+00 9.876182167965881220e-01 5.936481525274978743e+00 1.138789350172534576e+01
-1.008749698696156827e+01 -1.227263478860927570e+01 -8.061646254214926088e+00 7.856015666667115482e+00 1.300474104858594693e+01
3.185699935280823958e+00 7.633441830694934760e-01 1.849533451482128887e+00 2.557982940456112519e+00 1.059894760009808934e+01
-1.849083544669518409e+00 -5.704527344979299031e+00 4.060373168556223877e-01 6.850174063904795219e+00 1.140290230409248018e+01
-2.017164769710317884e-01 -6.536071852523445358e+00 4.766478430587767039e-03 8.266239989728934034e-01 1.307935135845468189e+01
1.239699925145323078e+01 6.478291810796402039e+00 5.165081271719750511e+00 -2.835350708885915338e-01 1.225408613107118327e+01
4.723465352915180659e+00 -1.812876907307950258e+00 -2.196156778488778105e+00 2.355721584027060445e+00 1.260622532745405344e+01
-2.146506398178219754e+00 -1.015812675148901434e+01 -3.978862057505720973e+00 1.015629142837439147e+01 1.036789816742330572e+01
1.788248491245255778e+01 9.123800154216857194e+00 3.925731170470660114e+00 4.960165222877517266e+00 1.106540640533400222e+01
1.307451049349411853e+01 2.839550576498675483e+00 -3.273694779843606018e+00 3.876176143881634673e+00 1.072643658381336351e+01
