# Treated, TrueCf, Synth (all lag), GL Pred, Error
1.868988138061576620e+01 1.868988138061576620e+01 1.833303740596091203e+01 1.868969910803434331e+01 8.326085696248450296e-02
1.552965488542614736e+01 1.552965488542614736e+01 1.494509168050556447e+01 1.552972055381043681e+01 8.406919859218474345e-02
7.399785994415276846e+00 7.399785994415276846e+00 8.178700174434739623e+00 7.400101181332354727e+00 1.130292142753297757e-01
1.511538263621292266e+01 1.511538263621292266e+01 1.492297318407648810e+01 1.511532853210654359e+01 8.889460878203567229e-02
7.786826281224134227e+00 7.786826281224134227e+00 8.628095247338768203e+00 7.786939740272956101e+00 9.746168011819467125e-02
1.325398409621355178e+01 1.325398409621355178e+01 1.048490759818055018e+01 1.325397967022017909e+01 8.911943803580636703e-02
9.911341877000880984e+00 9.911341877000880984e+00 1.169534171681923951e+01 9.911277637691256359e+00 9.024519239602167564e-02
1.841187642156147941e+00 1.841187642156147941e+00 3.857794626828907170e+00 1.841011890939444395e+00 1.079023101046190092e-01
1.451806393830612052e+00 1.451806393830612052e+00 2.029638377040537733e+00 1.452010165758381488e+00 1.048383007713063059e-01
-2.115812898344464621e+00 -2.115812898344464621e+00 -1.170594352105343461e+00 -2.115512328615625215e+00 1.124986434832634802e-01
1.692417063334660554e+01 1.692417063334660554e+01 1.777705012494291026e+01 1.692400024092754407e+01 7.914902259138030527e-02
1.847270346701818511e+01 1.847270346701818511e+01 1.766219960741294415e+01 1.847250384307291426e+01 8.286026170684129832e-02
2.127370854964457081e+01 2.127370854964457081e+01 1.925465286649536623e+01 2.127367239233133844e+01 8.775768934033195690e-02
1.600744303799107016e+01 1.600744303799107016e+01 1.600537365079093632e+01 1.600740094117893619e+01 8.101834712466095267e-02
2.198882884688059747e+01 2.198882884688059747e+01 2.390454179999492368e+01 2.198859644898297461e+01 8.546716571017301534e-02
1.111024348511790194e+01 1.111024348511790194e+01 1.183621298936989419e+01 1.111010717701206119e+01 8.626250078571312541e-02
6.194578198650967593e+00 6.194578198650967593e+00 7.570603881119818190e+00 6.194723392443697740e+00 1.028624508607966781e-01
-1.092193938877902504e+01 -1.092193938877902504e+01 -7.943981501356952357e+00 -1.092097516197754459e+01 1.445575543206111258e-01
1.625974269496146718e+01 1.625974269496146718e+01 1.596494778033841655e+01 1.625944261726461804e+01 5.974683822511948073e+00
4.466553749294678077e+00 4.466553749294678077e+00 4.560605390636916390e+00 4.466672687065236680e+00 8.707194867558374796e+00
1.774519935707730411e+01 1.882988481546890469e+01 2.436885009926770707e+01 1.688659415505913941e+01 6.593106028102324601e+00
6.892725679853026755e+00 5.137181384969828457e+00 2.755845533987996809e+00 5.500092404866515849e+00 7.000095431897285891e+00
2.082611167158946230e+01 1.726238013924654169e+01 1.275683781820184670e+01 2.045527528051074739e+01 7.465809874287913317e+00
2.058635180995810288e+01 1.597602930351572326e+01 1.677076550801531596e+01 1.626245612310966138e+01 6.874527698001404730e+00
2.756059080991162347e+01 2.177404413911902736e+01 1.085480829917486645e+01 1.486154310197444239e+01 7.097828654191753017e+00
1.005118345228765087e+01 4.397641816907881918e+00 4.667076410070102988e+00 4.534975032984853272e+00 7.770318904176531483e+00
6.310848498789355610e+00 1.539351203575731297e+00 6.254907622661045608e+00 3.324632670232412934e+00 8.933825328644273256e+00
3.486244378882344952e-01 -6.867350638542123242e+00 -1.691906145602589895e+00 -5.279350655069084297e+00 1.000343809864138933e+01
1.784953537102727239e+01 8.194665648228241395e+00 6.366401093732791949e+00 9.002135070042205811e+00 9.557612546057089986e+00
2.679347134910515038e+01 1.678860716830522293e+01 1.137645229058456131e+01 8.379339406966675341e+00 1.083317692654925857e+01
