# Treated, TrueCf, Synth (all lag), GL Pred, Error
-1.786154180927812529e+00 -1.786154180927812529e+00 -4.974892501947371315e+00 -1.785083654064937519e+00 1.056331019855141634e-01
2.301180946759700419e+01 2.301180946759700419e+01 2.133716069809517890e+01 2.301055471374390748e+01 5.980619874896254962e-02
3.316948829460426396e+01 3.316948829460426396e+01 3.009979152999997254e+01 3.316913280309867673e+01 6.872747699051767745e-02
5.246009034434963247e+00 5.246009034434963247e+00 5.548175459929105102e+00 5.246080677932492442e+00 1.039642936564661169e-01
-3.452929258300542870e+00 -3.452929258300542870e+00 1.424434771006423572e+00 -3.451957978379185832e+00 1.328291154013107045e-01
2.563382435674568693e+00 2.563382435674568693e+00 6.920046587112694603e+00 2.563683702722070024e+00 1.297003199904447346e-01
1.563018808627527401e+00 1.563018808627527401e+00 2.768752777325800274e+00 1.565279537077659100e+00 1.242144789661595583e-01
2.178257652907811703e+01 2.178257652907811703e+01 1.445431032043658703e+01 2.178191010644168557e+01 6.659780494725582589e-02
1.985260814665038964e+01 1.985260814665038964e+01 1.748362749584145703e+01 1.985168259459059570e+01 6.756717746891753584e-02
4.291312648715893907e+00 4.291312648715893907e+00 2.451514583572035111e+00 4.291721067700112968e+00 1.030496787019353627e-01
-9.388577799100140453e+00 -9.388577799100140453e+00 -5.288192883861871252e+00 -9.387473010852533051e+00 1.363896313750040112e-01
1.493068791151013386e+01 1.493068791151013386e+01 1.102579191974562534e+01 1.493013643754447806e+01 9.734719829488092113e-02
8.322024671606190083e+00 8.322024671606190083e+00 6.138428351863209897e+00 8.321372827170533171e+00 8.517766890688174830e-02
6.805021257545415203e+00 6.805021257545415203e+00 1.053436947027894277e+01 6.805527109231388927e+00 9.312554590197417992e-02
2.910135399098577480e+01 2.910135399098577480e+01 2.381679225031654212e+01 2.910021962836729870e+01 6.370553816198346042e-02
1.357340113586793784e+01 1.357340113586793784e+01 1.941575470354780464e+01 1.357465027126500523e+01 1.179529766994473206e-01
7.092413170642271059e-01 7.092413170642271059e-01 7.152382620321304785e+00 7.102123658543550988e-01 1.303106753206854096e-01
-1.309373216784383764e+01 -1.309373216784383764e+01 -8.226069757078249722e+00 -1.309218576591101701e+01 1.565534362807625979e-01
-1.536130790339731966e+01 -1.536130790339731966e+01 -1.273417898121800640e+01 -1.536035097979739028e+01 1.113453320717006179e+01
1.758550683302453166e+01 1.758550683302453166e+01 2.083167556068986315e+01 1.758456855268007857e+01 5.855341244872070305e+00
8.428594403041815397e+00 8.867436860804708942e+00 8.064160492963488025e+00 1.412881575192128913e+01 6.634804301631263890e+00
5.379536007955808330e+00 3.983528340006772250e+00 1.945317690057921922e+01 2.201093506604470562e+01 7.996905878764769326e+00
2.002116137241349492e+01 1.738368873686954075e+01 2.635031006360421912e+01 1.026996042577148849e+01 9.433162532382857179e+00
9.806168776760502581e+00 4.812226678256621426e+00 1.039303779406694517e+01 -2.544921002785891062e+00 1.114315574112892548e+01
4.014100527831234899e+01 3.418620111958664864e+01 3.886514476744130064e+01 1.092856531308122214e+01 1.011050982678630028e+01
9.829183325647766978e+00 4.973172251719240933e+00 6.544963531596504680e+00 6.266789182895288413e+00 9.527272116415691272e+00
1.125047227949999673e+01 3.520058283396064081e+00 8.187611098034969004e+00 1.011624063308713417e+01 8.822893997764074570e+00
2.795984990181858976e+01 1.949441939571722671e+01 1.873080473113116540e+01 5.991723091153109415e+00 8.834043182853857701e+00
3.822537869227996055e+01 3.016956308510815887e+01 3.030270676514131267e+01 1.385018295230572072e+01 9.998320239554981725e+00
3.031413595224306690e+01 1.968956618846552331e+01 2.437169605416173468e+01 1.361332731230039172e+01 1.126001620964032135e+01
