# Treated, TrueCf, Synth (all lag), GL Pred, Error
1.484369028168209326e+01 1.484369028168209326e+01 1.448784388136379420e+01 1.484361772846347449e+01 9.102242989875421186e-02
1.708183631709360384e+01 1.708183631709360384e+01 1.647323541586907680e+01 1.708187287686779854e+01 8.508502169795384429e-02
8.209719865851479170e+00 8.209719865851479170e+00 7.143792407224958119e+00 8.209662118899968775e+00 9.259570443804875095e-02
6.845236896400843207e+00 6.845236896400843207e+00 5.920677242031473497e+00 6.845063157686484878e+00 1.023969818486025751e-01
-1.132861034434450520e+00 -1.132861034434450520e+00 -6.979908474383235140e-01 -1.132885245465881319e+00 1.168522569401940076e-01
7.649342083174010654e+00 7.649342083174010654e+00 9.900259898982355367e+00 7.649382361742174119e+00 1.046828352358763065e-01
5.226513573317316030e+00 5.226513573317316030e+00 8.198214002769272923e+00 5.226820996756536886e+00 1.197697709625520079e-01
-2.627483152517036125e+00 -2.627483152517036125e+00 3.263339190602538409e+00 -2.627314053571175201e+00 1.141301124095566721e-01
-5.642226445215035024e-01 -5.642226445215035024e-01 1.256319349252065787e-01 -5.642182702382152470e-01 1.060716961571665645e-01
1.490456730619016312e+01 1.490456730619016312e+01 1.442861888448666363e+01 1.490458384536320047e+01 1.035366477894206771e-01
9.588975720662446633e+00 9.588975720662446633e+00 1.059081822217800450e+01 9.588777255865787552e+00 8.203611811446707980e-02
-9.968040406811690346e+00 -9.968040406811690346e+00 -9.033383652623641069e+00 -9.967466414978323641e+00 1.350435348949524106e-01
9.723692667328950989e+00 9.723692667328950989e+00 1.088876001067991339e+01 9.723937924243349684e+00 1.070029767062355974e-01
-2.269808974763726006e+00 -2.269808974763726006e+00 7.096835738751777756e-01 -2.269557025978373055e+00 1.122412922995351670e-01
1.991808569888612723e+01 1.991808569888612723e+01 2.206193823367570417e+01 1.991781088040488612e+01 8.079292143139277238e-02
2.040284404371249494e+01 2.040284404371249494e+01 1.462214149521512851e+01 2.040213764469883273e+01 6.241964464834981463e-02
2.712524921003109313e+01 2.712524921003109313e+01 2.694971699172096535e+01 2.712502628326148013e+01 8.004370211155123482e-02
-9.138249013399828868e+00 -9.138249013399828868e+00 -4.638037602400664206e+00 -9.137407209828030119e+00 1.349199714265180705e-01
3.623470316430482896e+00 3.623470316430482896e+00 -1.053971819024749762e-01 3.623725260526782677e+00 8.171064601020230356e+00
8.198103693428423711e+00 8.198103693428423711e+00 8.891497659835142287e+00 8.198161161238559203e+00 7.332415472886468777e+00
7.405913532753176654e+00 7.742818003649716729e+00 1.064947758967653257e+01 1.115277044701661247e+01 8.553202901831067351e+00
2.139061882174165774e+01 2.048924201918391574e+01 1.992724454759677144e+01 1.056310309448383222e+01 7.736401880674465659e+00
1.152702481369188980e+01 7.418035819579483992e+00 3.567887818668907585e+00 7.799390697119660487e+00 8.937254248513816890e+00
3.637281778338153515e+01 3.078163952946595217e+01 2.388691103830270279e+01 1.949452788099678457e+01 8.267990553832673228e+00
1.779426550432715715e+01 1.337222292837087068e+01 1.014875212207385324e+01 1.362923266540343548e+01 8.477738602987328065e+00
2.321524317911151414e+01 1.619468744014968209e+01 1.870883536445685991e+01 1.729210862997221909e+01 9.932469807959737551e+00
2.868338093133996125e+01 2.111873815160858214e+01 1.998387984425053077e+01 1.492253605526316029e+01 1.032952706708007184e+01
2.060540607845991445e+01 1.299362496710402937e+01 7.786847077880596935e+00 6.852419102188166633e+00 1.056774012202328095e+01
3.431635507987153488e+01 2.447360188591545693e+01 2.389682899829676543e+01 1.689332294848026450e+01 8.706068741406335576e+00
2.720647263546241490e+01 1.812998150224023775e+01 1.998492312129980775e+01 2.299914587244890640e+01 7.920294900570638674e+00
