# Treated, TrueCf, Synth (all lag), GL Pred, Error
7.015063133693293373e-01 7.015063133693293373e-01 1.698021966005631933e+00 7.015670209172686356e-01 1.223164306119876726e-01
-1.215576333855481472e+01 -1.215576333855481472e+01 -7.885630618685042670e+00 -1.215416260796120795e+01 1.705742365285036755e-01
1.379781263287635973e+01 1.379781263287635973e+01 8.914075600991989035e+00 1.379659061860084535e+01 5.278859238558056277e-02
1.091565423744625729e+00 1.091565423744625729e+00 2.681447339368289384e+00 1.090778858402035922e+00 1.462329335728998203e-01
8.973117061094777469e-01 8.973117061094777469e-01 -2.392699207053918364e+00 8.976193803237388913e-01 1.107498270625641712e-01
-4.377342867580412467e+00 -4.377342867580412467e+00 -3.669008412926856977e+00 -4.375508157182938618e+00 1.472502180569461305e-01
8.136635701040204616e-01 8.136635701040204616e-01 -1.759186865196835869e+00 8.138445276989685340e-01 1.402312394425848929e-01
9.353766789911077240e+00 9.353766789911077240e+00 3.509248272970446614e+00 9.353683069048241094e+00 7.439255946184644697e-02
-6.698018559870367206e+00 -6.698018559870367206e+00 -4.140586140534310289e+00 -6.697821887320940526e+00 1.362353919487441778e-01
-8.202814017236067512e-01 -8.202814017236067512e-01 -1.211688963644213413e+00 -8.206400951697538915e-01 1.297756328390377023e-01
8.811047301912987351e+00 8.811047301912987351e+00 2.368688151685867993e+00 8.810635679720093094e+00 1.072050753535525591e-01
-1.280684847576164520e+00 -1.280684847576164520e+00 -1.145741577146936141e+00 -1.281052542433890551e+00 1.614546569096579065e-01
1.056636236230345460e+01 1.056636236230345460e+01 9.441733325127373178e+00 1.056607968200517789e+01 7.378202660417158831e-02
-5.886031832107982531e+00 -5.886031832107982531e+00 -4.706047633115051809e+00 -5.883925173453652846e+00 1.505903752016962971e-01
-1.962047707271513008e+00 -1.962047707271513008e+00 -3.718630130986230853e+00 -1.960602829425951654e+00 1.567584875925291665e-01
2.780861337411212109e+00 2.780861337411212109e+00 4.166676440480550636e-01 2.781123451009222425e+00 1.112202840143146632e-01
-1.027922526846851037e+00 -1.027922526846851037e+00 -1.978608832822808639e+00 -1.027216847214223350e+00 1.434857823690535439e-01
2.306354955686547026e+00 2.306354955686547026e+00 2.870748867227352896e+00 2.306705519014132122e+00 1.394201115674746916e-01
4.632270760625122996e+00 4.632270760625122996e+00 5.418447494489399219e+00 4.631515255296513089e+00 7.266632483600230508e+00
4.185456222107763580e+00 4.185456222107763580e+00 -2.548168968577114724e-01 4.184491125750721352e+00 9.827915129898919133e+00
2.189877813027885534e+00 9.907259570642862334e-01 -4.669891549602048109e+00 -3.420245920972835307e-01 1.115803224683449812e+01
-1.367061901543878299e+00 -4.475634298307200609e-01 1.088574839634442792e+00 8.623616974073895491e-01 1.035234666745746779e+01
7.365603031705494352e+00 5.524854166123220445e+00 3.661666775128407991e+00 3.095468165183982379e+00 1.005979164684710625e+01
4.924348007748612588e+00 1.775775521464736162e+00 3.643939927582032778e-01 5.100278458755965083e+00 9.069449965907089961e+00
7.829380251333439844e+00 1.702165794417057398e+00 -2.057455750490055468e+00 6.945343982971081687e-01 1.189233573096175078e+01
1.782939359682193636e+00 -3.833045981334290975e+00 -2.854241850258236290e+00 7.901443315599360417e+00 1.133692398615535524e+01
1.118442363144778895e+01 4.906981986213896363e+00 1.385946569685019281e+00 3.888174661205126448e+00 9.755437863263086484e+00
7.338831313968921854e+00 -2.077381670521876611e+00 -3.171425563671827597e+00 -2.175199981009972916e+00 1.216289357527397463e+01
1.248304598230204832e+01 2.912904715658053867e+00 5.856305426275403292e-01 3.272133644341110426e+00 1.074626357609591309e+01
1.629219357532646484e+01 7.882338587066674229e+00 7.397069556316650640e+00 3.572657067156290722e+00 9.311509088250142341e+00
