# Treated, TrueCf, Synth (all lag), GL Pred, Error
6.514850360354618175e+00 6.514850360354618175e+00 8.639489999147171417e+00 6.514879569764262968e+00 9.982253956296335828e-02
9.747108165382771805e-01 9.747108165382771805e-01 2.780748075534677621e+00 9.749966429504395293e-01 1.031608395284145385e-01
1.250730277135852830e+00 1.250730277135852830e+00 2.590962095468170023e-01 1.250949586366781663e+00 9.963589427122097886e-02
1.481159009036514540e+01 1.481159009036514540e+01 1.448912040459252815e+01 1.481133731470482928e+01 1.017430517180005906e-01
5.184393285236965632e+00 5.184393285236965632e+00 8.862233960141946199e+00 5.184640962295659072e+00 1.021544337385285189e-01
1.750088157116913834e+01 1.750088157116913834e+01 1.162326500265282014e+01 1.749989560282020307e+01 1.393444544542326302e-01
1.101190669908755737e+01 1.101190669908755737e+01 7.338963678265155721e+00 1.101176582167462925e+01 1.099880447037241971e-01
6.782417667857746579e+00 6.782417667857746579e+00 9.866255083827628170e+00 6.782353173584548145e+00 1.003388301046119063e-01
9.597550711673161317e+00 9.597550711673161317e+00 9.394773877753088698e+00 9.597787037193366899e+00 1.019090937598309959e-01
1.180946823158265957e+01 1.180946823158265957e+01 1.101073881159306289e+01 1.180939083610412510e+01 1.084495151338247393e-01
5.736076522892259000e+00 5.736076522892259000e+00 5.649262420639198368e+00 5.736237226196017502e+00 9.961179592133347083e-02
2.769888980049294513e+00 2.769888980049294513e+00 2.506184916265330020e+00 2.769918534055207271e+00 9.956786642357247363e-02
4.403962925569670617e+00 4.403962925569670617e+00 7.601780700208362163e+00 4.404179049684850966e+00 9.979954887412899323e-02
1.600879000470166957e+01 1.600879000470166957e+01 1.493684454786968097e+01 1.600840723310372482e+01 1.136402116149811542e-01
-3.328904740855860744e+00 -3.328904740855860744e+00 -8.949352564016792577e-01 -3.328279893782676524e+00 1.077050757104215523e-01
1.329507182183482605e+01 1.329507182183482605e+01 1.134795913396851219e+01 1.329459971056994050e+01 1.135530908178388060e-01
5.232156401659190159e+00 5.232156401659190159e+00 8.063339722370137963e+00 5.232372416244711388e+00 9.955804346092879398e-02
1.574498251138816407e+01 1.574498251138816407e+01 1.402468372461580692e+01 1.574488532376821226e+01 1.020879423058382862e-01
1.628713346136172646e+01 1.628713346136172646e+01 8.269066404911795232e+00 1.628690212213602706e+01 7.322088158778158551e+00
8.775439286221265789e+00 8.775439286221265789e+00 1.049838940385981267e+01 8.775493577828578751e+00 6.636047866477687407e+00
1.851794238291671491e+01 1.832189229764816929e+01 1.193025264885538839e+01 7.522512462996226112e+00 6.655804859124010875e+00
1.474711780410305906e+01 1.240933337037554907e+01 1.177444711808105637e+01 1.335275093883647912e+01 6.771780996438296008e+00
1.861661161049154600e+01 1.440839873065062626e+01 1.130818700295093926e+01 1.549432814079331422e+01 7.437836175128362370e+00
1.032703559161454265e+01 6.462630487925869360e+00 5.096141255201316334e+00 4.773078954236765092e+00 7.145456963599517763e+00
2.462193901268806329e+01 1.800173438956244709e+01 1.373387720735221151e+01 9.473712554231770611e+00 7.306614468338310964e+00
1.534523166367975655e+01 9.202240659264752765e+00 8.599482176153374624e+00 9.854704329883666958e+00 7.444692852182797971e+00
9.311211521870186303e-01 -5.749333074227354068e+00 -1.060735942955748357e+00 7.371424325380710130e+00 7.778293238924158359e+00
-4.413714974257382906e+00 -1.266790492710456739e+01 -8.279650394685791781e+00 -5.111554651543186445e-01 7.930620783848259414e+00
2.026717955553451134e+01 1.178211847772456622e+01 8.185411943174448979e+00 1.316423626286573878e+01 7.844748574591547730e+00
3.844598422445081809e+01 2.790139418535444449e+01 2.909918017620832842e+01 9.919498016104885352e+00 8.020156841922934987e+00
