# Treated, TrueCf, Synth (all lag), GL Pred, Error
9.930626671177213538e+00 9.930626671177213538e+00 1.010852005661058151e+01 9.930476030931945530e+00 8.850325471071610051e-02
1.792861881239166522e+01 1.792861881239166522e+01 1.775964669957219400e+01 1.792827044156512173e+01 8.488493890694880084e-02
5.018405621947921169e+00 5.018405621947921169e+00 5.592306514744606716e+00 5.019699500125033964e+00 1.282796905642046292e-01
3.833085401961089822e+00 3.833085401961089822e+00 5.200258411091065902e+00 3.833295566398889243e+00 9.861470728856100432e-02
1.473331588664020586e+01 1.473331588664020586e+01 8.471027763817620126e+00 1.473294808200234662e+01 8.492288820003640604e-02
1.523164175429026557e+01 1.523164175429026557e+01 1.780991879339423889e+01 1.523164947578521300e+01 8.840468895283883077e-02
1.851992359983605674e+00 1.851992359983605674e+00 1.564678079447224590e+00 1.851957985045062927e+00 1.190620940815258072e-01
3.032562487535513540e+01 3.032562487535513540e+01 2.652191482637076803e+01 3.032457009553851179e+01 6.125791326537692594e-02
1.069521711167793576e+01 1.069521711167793576e+01 1.495513541841322791e+01 1.069557955487012002e+01 1.106053373568914172e-01
2.598377310230924220e+00 2.598377310230924220e+00 -1.234219899457912606e-01 2.598994030787354248e+00 1.167842809697031276e-01
2.044877375986346379e+01 2.044877375986346379e+01 2.218995187394744661e+01 2.044801550888151098e+01 7.731186426646945165e-02
1.350409382446424900e+01 1.350409382446424900e+01 1.277190060639070346e+01 1.350438552191631381e+01 9.550786622404824899e-02
1.032680387236359287e+01 1.032680387236359287e+01 1.014091138681846260e+01 1.032709210116557408e+01 9.579947224809196027e-02
2.526184828250252146e+00 2.526184828250252146e+00 4.728795225208469510e+00 2.527642517565265479e+00 1.375366418704640215e-01
-1.555040301341488806e+01 -1.555040301341488806e+01 -1.067686650521813796e+01 -1.554805484243756553e+01 1.515187242301294923e-01
3.022194787044955788e+01 3.022194787044955788e+01 2.497096794764520311e+01 3.022163795980635825e+01 6.982035297053548750e-02
8.595477521500981766e+00 8.595477521500981766e+00 1.358691768411092937e+01 8.595102953470945550e+00 1.032704609282969199e-01
1.020327789131984275e+01 1.020327789131984275e+01 1.006296635967652087e+01 1.020309643553399681e+01 8.586158043549402263e-02
1.134403219224592263e+01 1.134403219224592263e+01 9.777017201401340785e+00 1.134397062845488513e+01 6.775289392461811389e+00
1.859324426603873093e+01 1.859324426603873093e+01 1.400167016816503285e+01 1.859262421346883087e+01 5.587623944863342906e+00
2.164407245398149016e+01 1.985959929854570305e+01 1.530240869759520450e+01 5.943814287511125727e+00 6.816994252391101128e+00
2.752730779133905958e+00 8.132542095141128691e-01 1.117355452931051429e+00 4.716030181013745270e+00 7.283550991061131796e+00
-1.350405486456283732e+01 -1.618741094746837916e+01 -1.461599460738771583e+01 1.281682369754157946e-01 8.361666279250364653e+00
2.857080308625398857e+01 2.487664573105008259e+01 2.737749966970554993e+01 1.872172535662844695e+01 6.586448087707720944e+00
-5.041777620582652553e+00 -9.374967447542307042e+00 -1.107909004565617295e+01 3.059681977712538359e+00 8.802392599148010532e+00
1.158696564840075638e+01 5.005875021687971049e+00 7.396352414254338647e+00 5.784133847267600714e+00 8.357803902908665705e+00
-3.904410487929507845e+00 -1.045714202300453088e+01 -9.792615094051557278e+00 3.118871623509066104e+00 7.955820588553800476e+00
2.118432621009720762e+01 1.462464381128255653e+01 1.759836665751595319e+01 8.970520209068109097e+00 7.768294942186138918e+00
4.941208434662280879e-01 -1.005595914538408309e+01 -3.392301505725031863e+00 3.489154184560361749e+00 8.686265241050092456e+00
1.546106165048004932e+01 5.013380496992327018e+00 5.594105715283386182e+00 1.111141394545692052e+01 8.265986893155863768e+00
