# Treated, TrueCf, Synth (all lag), GL Pred, Error
9.518920555351199297e+00 9.518920555351199297e+00 1.041525525799430163e+01 9.518821666591403385e+00 9.340607499864317376e-02
4.174041609497503025e+00 4.174041609497503025e+00 7.424612486875629358e+00 4.174165647347368058e+00 1.213946735853206338e-01
1.619876310049247081e+01 1.619876310049247081e+01 1.632138998513154959e+01 1.619878592142121931e+01 9.121451169347759291e-02
1.128124687058094011e+01 1.128124687058094011e+01 1.644039178424962699e+01 1.128160100734577398e+01 1.115988717086306564e-01
-3.061858290301900709e+00 -3.061858290301900709e+00 9.734518718773467194e-01 -3.061368099656702313e+00 1.352168906552276006e-01
1.908122950026156772e+01 1.908122950026156772e+01 1.717585626842365443e+01 1.908071949331212380e+01 7.323573990616399909e-02
3.209753261371515176e+00 3.209753261371515176e+00 8.508134831418198374e+00 3.210100963169714383e+00 1.124363283298915189e-01
1.845660253716537724e+01 1.845660253716537724e+01 1.743683829349024705e+01 1.845626536678584628e+01 7.727250351018512264e-02
8.941194202859136908e+00 8.941194202859136908e+00 1.034054297235271669e+01 8.941054275354963110e+00 9.813605097943596534e-02
9.429924421374110466e+00 9.429924421374110466e+00 7.619851703780496699e+00 9.429927607350997221e+00 1.047672716453879604e-01
3.318704802938877041e+00 3.318704802938877041e+00 5.607730074554013733e+00 3.319363904649790697e+00 1.199618994194351917e-01
2.076452819056996546e+01 2.076452819056996546e+01 1.523820070778472413e+01 2.076408376009530699e+01 7.444976126474267542e-02
6.261532113796318910e+00 6.261532113796318910e+00 4.311434606748301590e+00 6.261553247797735366e+00 1.027150495654412382e-01
3.017822487159758094e+00 3.017822487159758094e+00 8.350752968437943125e+00 3.018165602640687339e+00 1.102889205329683764e-01
1.033066637949898592e+01 1.033066637949898592e+01 7.421592783893734335e+00 1.033084153828113116e+01 1.056886779055268427e-01
1.625138682061961148e+01 1.625138682061961148e+01 1.089503447915083001e+01 1.625108095427571442e+01 7.627987485061647754e-02
7.536342472405587856e+00 7.536342472405587856e+00 7.623544863996856158e+00 7.536672762100178780e+00 1.133779087162485738e-01
-5.677130031432081836e+00 -5.677130031432081836e+00 -1.811226022585950446e+00 -5.676584476928402623e+00 1.238061739322313531e-01
1.104707514300406679e+01 1.104707514300406679e+01 2.651366432840120080e+00 1.104674624687295115e+01 5.973657751201280064e+00
1.671163204963374227e+01 1.671163204963374227e+01 1.333898876523602794e+01 1.671150351568018877e+01 6.770686796332444857e+00
3.146162667318383122e+00 2.508671680619842803e-01 -7.483079140761602632e-01 9.697312929383009816e+00 6.813619065582471102e+00
1.771303244667247512e+01 1.587251473466270113e+01 1.001512945726554626e+01 1.103906103201272160e+01 7.217609924376711561e+00
-1.178825415480310390e+00 -4.581616953595407438e+00 -6.790747125001076689e+00 -1.308194447801644955e-01 9.212030994080048885e+00
2.304739287403504022e+01 1.728027330723766397e+01 1.564335055546131947e+01 1.684131413248603337e+01 6.913229856393255268e+00
4.093286633347426928e+00 -2.368471739751430327e+00 3.802230436195069174e+00 6.076102352331153256e+00 7.757563688092850462e+00
6.108506099377087217e+00 5.006672464076616924e-01 -6.663292799876435524e+00 5.694118642513755546e+00 9.250105678815744525e+00
9.022681307088003422e+00 2.351647584576563865e+00 2.445538673831780807e-01 6.113774953982616722e+00 8.494793109037869883e+00
1.889595243305917904e+01 1.150087360120642721e+01 9.635313617347071258e+00 6.560847329885195478e+00 8.019537420725082910e+00
2.105043240471949773e+01 1.258585181257691765e+01 1.695776794384322983e+01 1.019559522448948208e+01 8.335346916420132146e+00
2.066161402342784470e+01 1.001445055987004196e+01 6.925825330868668139e+00 5.853071364929340881e+00 9.602580122072684077e+00
