# Treated, TrueCf, Synth (all lag), GL Pred, Error
6.521248935365625776e+00 6.521248935365625776e+00 1.006392250428800139e+01 6.521121227047943059e+00 1.067993173143924057e-01
1.506953814312780437e+01 1.506953814312780437e+01 1.296632167907817745e+01 1.506926696631910545e+01 1.025273978888641413e-01
7.900695813656040123e+00 7.900695813656040123e+00 9.609749753658469729e+00 7.900463974235323761e+00 1.085559530252588473e-01
1.629317209245950693e+00 1.629317209245950693e+00 -2.811931931953253749e-01 1.629377522298772529e+00 1.003460671309485408e-01
4.308760852456242851e+00 4.308760852456242851e+00 4.782519192953315290e+00 4.308795134526770099e+00 1.012878603380265030e-01
7.699286639302578727e+00 7.699286639302578727e+00 7.743658231752864829e+00 7.699667908699096230e+00 1.069839262723671774e-01
7.413292990999853060e+00 7.413292990999853060e+00 6.529635911430117901e+00 7.413206203119868221e+00 1.005234141021888183e-01
1.691652822977858239e+00 1.691652822977858239e+00 5.309318796800288176e+00 1.691713882433028893e+00 1.006671620359612246e-01
1.570641075996586267e+01 1.570641075996586267e+01 1.453313998997554535e+01 1.570625973513201146e+01 1.050171728075557087e-01
-2.202900310111972182e+00 -2.202900310111972182e+00 6.399935573137331524e+00 -2.202415037212414717e+00 1.070819695922324843e-01
4.801850347194004165e+00 4.801850347194004165e+00 3.770397685894350204e+00 4.801860062261924078e+00 1.027705429958510747e-01
6.918072790149166096e+00 6.918072790149166096e+00 7.230107588123908080e+00 6.918143592513692042e+00 9.953811115927095610e-02
1.125152577592768033e+01 1.125152577592768033e+01 7.100830228169423108e+00 1.125116300015736570e+01 1.090623430286543766e-01
-7.359334548939997944e+00 -7.359334548939997944e+00 -5.482207944447599068e+00 -7.358900569430747218e+00 1.104581337681516118e-01
6.276739897949703106e+00 6.276739897949703106e+00 6.772840136013760670e+00 6.276898437488870997e+00 1.023086468592730447e-01
-6.299393262315681197e-01 -6.299393262315681197e-01 -7.252157152471020440e-01 -6.302008943053483137e-01 1.049214579488245702e-01
4.301574529216796172e+00 4.301574529216796172e+00 8.899577012478266269e+00 4.301794811274593400e+00 1.015868738297361767e-01
7.530883880003298003e+00 7.530883880003298003e+00 7.893920287115889778e+00 7.530819667509650372e+00 1.014656526675584147e-01
3.032414895968986457e+01 3.032414895968986457e+01 2.500399035652691637e+01 3.032361756205463976e+01 1.066612758909876568e+01
1.735814427391465742e+01 1.735814427391465742e+01 1.865067966233613461e+01 1.735815100328560590e+01 9.220317344304044482e+00
2.501528148265508733e+01 2.288348615583991474e+01 1.941941157712797050e+01 1.551857869267578849e+01 9.433582276710838599e+00
-3.029990646491254047e+00 -4.015794724920058734e+00 5.756143952148152110e+00 8.627693151929362259e+00 9.467683096790246111e+00
-1.258215808923510259e+00 -4.646680829604859397e+00 8.905145535078705654e-01 -7.011588298988207235e-01 9.475770623741983201e+00
1.751277182214682782e+01 1.289311295245951250e+01 1.266733630091578178e+01 5.472803734371487039e+00 9.585413748465709816e+00
1.322402298065370374e+01 7.673097129736218491e+00 1.022592431685944092e+01 2.997205213883596286e+00 9.573508906411708708e+00
1.421434465569735650e+01 8.604563608993785806e+00 5.965850940032005667e+00 1.102596974272169206e+01 9.902549618754191485e+00
1.559144768816393523e+01 9.213184064718623389e+00 6.352942009268417678e+00 7.988441957523120251e+00 9.830399263466766513e+00
1.316760638472976552e+01 6.530772372978375095e+00 5.281496140730130406e+00 1.082255162781902058e+01 1.084265674374835520e+01
3.044420949125342091e+01 2.050553673088343487e+01 1.232366836744016680e+01 9.172848641570055861e+00 1.061662720462636678e+01
1.996722304226728184e+01 9.870250485499559190e+00 1.051095068936377430e+01 1.296371042590995515e+01 1.059305868392615047e+01
