# Treated, TrueCf, Synth (all lag), GL Pred, Error
-6.647681700349361567e-01 -6.647681700349361567e-01 2.587103576090236334e+00 -6.646080170183865654e-01 1.158472595396578819e-01
8.060609503979149437e+00 8.060609503979149437e+00 6.118103793769074095e+00 8.060073964354183218e+00 9.148438574899406261e-02
1.417541656549071227e+01 1.417541656549071227e+01 1.474402926565570837e+01 1.417543900407599367e+01 1.171945520950746777e-01
4.977779386819470631e+00 4.977779386819470631e+00 4.767733739725127151e+00 4.977896885145343120e+00 1.216066816872079098e-01
-9.824980260227994533e-01 -9.824980260227994533e-01 -8.474380791283846470e-01 -9.825082350781779716e-01 1.123761614040161283e-01
-3.122117628150341329e+00 -3.122117628150341329e+00 -1.694127576891956366e+00 -3.121846992190937087e+00 1.427811978296899820e-01
5.469139956667099511e+00 5.469139956667099511e+00 5.629212065777554841e+00 5.469558541264353480e+00 1.293168742681345407e-01
1.117599265566534150e+01 1.117599265566534150e+01 8.946937293428494087e+00 1.117591327406609736e+01 1.223564994075863749e-01
2.644062793191364502e+00 2.644062793191364502e+00 9.090868723004314589e+00 2.644247691324184579e+00 1.213974593814247521e-01
9.578536734737424396e+00 9.578536734737424396e+00 7.897943904228474032e+00 9.578395772391054663e+00 1.211216834633310896e-01
1.947643870921389464e+00 1.947643870921389464e+00 -1.325512328095405534e+00 1.947958001711179499e+00 1.267839674854859822e-01
-1.046038745608252496e+00 -1.046038745608252496e+00 -1.418329555319937763e+00 -1.046416836036510034e+00 1.157550998278475685e-01
3.913738448999059205e+00 3.913738448999059205e+00 5.034467250826308415e+00 3.914503192937804243e+00 1.470780860888587227e-01
1.196605983872132661e+01 1.196605983872132661e+01 7.086404108217188913e+00 1.196555534054912329e+01 8.136046339983911413e-02
2.844926873331925954e+00 2.844926873331925954e+00 5.135399720899534337e+00 2.845314018535070488e+00 1.302487803726193605e-01
1.348566910720044643e+00 1.348566910720044643e+00 5.565573888576899719e+00 1.348520019241495227e+00 1.277146514963985735e-01
8.055973394713117131e+00 8.055973394713117131e+00 5.273395834949251793e+00 8.055681484661199931e+00 8.097909125029398303e-02
1.354348208890583161e+00 1.354348208890583161e+00 9.676141133724155408e-01 1.354306179291981493e+00 1.198131044244708093e-01
-2.318314480026064217e+00 -2.318314480026064217e+00 1.811816541461727548e+00 -2.317334961339140520e+00 9.595240020809232107e+00
1.290713226928245660e+01 1.290713226928245660e+01 8.530953056453054018e+00 1.290677670659331433e+01 5.919508223191288110e+00
8.362936823240808337e+00 9.055978254295929730e+00 4.258123084399473512e+00 4.363856264785268557e+00 5.843319650037260615e+00
4.990719233689475232e+00 1.688280939401251679e+00 -1.166882843680909332e+00 -3.184516394939324258e+00 8.020855495311685956e+00
2.683291203507030431e+00 5.729275121808667937e-01 1.018995699690128554e+01 7.990140551696757854e+00 8.018548365196927818e+00
4.577780601697920559e+00 1.618946964769070185e+00 8.054849547257106224e+00 1.358806919997571860e+01 8.185379008891501940e+00
1.836413997891970595e+01 1.234137951785230314e+01 1.209269672374683680e+01 8.398805922513746580e+00 7.930342543835208424e+00
1.477114130638273437e+01 8.994707038031538815e+00 8.888526759417434420e+00 8.927373679893619851e+00 8.841608759264367734e+00
1.959841972239590291e+01 1.143718569684304853e+01 1.708745954768153297e+01 2.136575000132675228e+01 7.863739917013267799e+00
9.990170531456584513e+00 2.188235669237636571e+00 -9.239598156262810447e-01 4.447146549247807279e+00 7.797992096652746064e+00
1.215121501464681231e+01 4.793011613127527326e+00 2.637580794882282920e+00 4.366636686399538725e+00 9.530210953599874912e+00
1.953143891208916116e+01 9.618221187224229141e+00 1.063096386350114209e+01 1.187796881427194684e+01 9.007874928745474463e+00
