# Treated, TrueCf, Synth (all lag), GL Pred, Error
-3.716756174351870001e+00 -3.716756174351870001e+00 -1.943308431258795876e-02 -3.715979266169878059e+00 1.411283906562299795e-01
2.804485222072528039e+00 2.804485222072528039e+00 2.400981319942170789e+00 2.804891677622077140e+00 1.516145286644870749e-01
5.368683723338598668e+00 5.368683723338598668e+00 5.300146961121816602e+00 5.367882049825961843e+00 1.002605942159579266e-01
5.052342927170335507e+00 5.052342927170335507e+00 3.509225783045875069e+00 5.052051288434518561e+00 1.096731110456925368e-01
4.493799673044224896e+00 4.493799673044224896e+00 6.930995521868703158e+00 4.494437803455163305e+00 1.500447817167586684e-01
-5.484843567104619844e+00 -5.484843567104619844e+00 -4.356198797319283500e+00 -5.484592057062366521e+00 1.311232018988505443e-01
1.479754601996864372e+00 1.479754601996864372e+00 3.799128202316265579e+00 1.479898512089418361e+00 1.242269417369623319e-01
-7.444626623144848132e+00 -7.444626623144848132e+00 -2.510664584770526897e+00 -7.445197239219609742e+00 1.099082369030544709e-01
9.475884471779771889e-01 9.475884471779771889e-01 9.954434573668449193e-01 9.471162159880179843e-01 1.159640492552099084e-01
-1.202514899420261019e+00 -1.202514899420261019e+00 6.610582323731839516e-01 -1.202721674430768495e+00 1.113785604224899056e-01
-2.543694421869592492e+00 -2.543694421869592492e+00 1.398193283277730403e+00 -2.542481248040513009e+00 1.676197707300022544e-01
1.080180871467637971e+01 1.080180871467637971e+01 4.041210628423215212e+00 1.080178157007008366e+01 1.116568688191746095e-01
5.226280984192284151e-01 5.226280984192284151e-01 2.421100068976290043e+00 5.226838512629772282e-01 1.194279272802173664e-01
8.849552731448391274e-01 8.849552731448391274e-01 2.602439122128461513e+00 8.846768025556448478e-01 1.092316312713755982e-01
-1.121244224333828221e+01 -1.121244224333828221e+01 -5.858839207944302352e+00 -1.121043446895526330e+01 1.907711368779190508e-01
6.832155967441076783e+00 6.832155967441076783e+00 5.334657106149229833e+00 6.831880543636599690e+00 1.057677758784118099e-01
7.333894888617393804e+00 7.333894888617393804e+00 4.170003073048983211e+00 7.333572551076557033e+00 1.088839387099132250e-01
-5.969620041996732684e-01 -5.969620041996732684e-01 3.484042852285983649e+00 -5.957852041265532250e-01 1.380054995916850380e-01
4.248182580080676729e+00 4.248182580080676729e+00 3.575422691448345791e+00 4.248372970891878708e+00 8.139833339321853600e+00
1.821178962074618113e+01 1.821178962074618113e+01 7.969397246039478411e+00 1.821076687487747847e+01 7.066705835282416359e+00
-2.300550237792390540e+00 -3.619751841261651393e+00 3.442030483627494530e-01 7.598561921718853363e+00 8.219671775735847064e+00
-8.496311879731207384e+00 -9.523849191244327272e+00 -3.562418031118155248e+00 3.346046987250320015e+00 8.067676706359732108e+00
5.870967034010560859e+00 4.021036261983566007e+00 7.931747322032260072e+00 1.043379345424405535e+01 8.489761409121893365e+00
1.434335543138799629e+01 9.205437122591863641e+00 5.841242344669864472e+00 1.199678256134763998e+01 8.450716008366541132e+00
1.328445974324648837e+01 8.195972617191269904e+00 8.813120673165121544e-02 1.034340749418915628e+01 8.395330067475381242e+00
1.893968411411841357e+00 -5.275033748605022055e+00 -2.659265460510189527e+00 1.274266679963427507e+01 8.585970425720571342e+00
1.395878435462718237e+01 6.455245216467036862e+00 7.401195900633164904e+00 1.531788815661352388e+01 8.871867713421409007e+00
2.119341835254337880e+01 1.417203455416588120e+01 1.385581273655883550e+01 2.458813292467374723e+01 9.870605922832011103e+00
1.204978511257466423e+01 3.975290699624229429e+00 5.459377078119327376e-01 5.452171811696864268e+00 9.427638791229671966e+00
2.211320530559009256e+01 1.056380083464641650e+01 9.040018512758470237e+00 1.324578431485590357e+01 9.840528558908614443e+00
