# Treated, TrueCf, Synth (all lag), GL Pred, Error
1.252998600611424251e+01 1.252998600611424251e+01 1.579733567909078040e+01 1.253353846200051791e+01 9.123478620534958283e-02
-3.760635727724443989e+00 -3.760635727724443989e+00 -4.991908283732687579e+00 -3.761316589716271697e+00 1.086358648608283656e-01
6.490957046697299226e+00 6.490957046697299226e+00 3.738705011598811190e+00 6.490378329067988616e+00 8.461509648118156757e-02
2.827562973915153677e+01 2.827562973915153677e+01 3.194309016474540641e+01 2.827445848863022348e+01 7.176021513974832622e-02
4.940770970558107678e+01 4.940770970558107678e+01 5.133941723740983321e+01 4.940565391477340995e+01 6.005608909455073530e-02
3.193531601076413295e+01 3.193531601076413295e+01 2.972767373229179455e+01 3.193522206707901034e+01 6.574505158289241369e-02
3.138303459857567645e+00 3.138303459857567645e+00 8.888517083683401765e+00 3.142960936130720029e+00 1.103843335840758583e-01
2.156594201074540251e+01 2.156594201074540251e+01 2.216447737511166238e+01 2.156743826354975369e+01 7.925257304972296857e-02
2.542699922115249933e+01 2.542699922115249933e+01 2.045203180451553493e+01 2.542508888547695278e+01 6.782320967005869838e-02
2.645219934526848604e+01 2.645219934526848604e+01 3.033355259912422497e+01 2.645124377260105319e+01 7.516041394408851106e-02
3.382850080783509839e+01 3.382850080783509839e+01 3.291691015570092560e+01 3.382737919117485603e+01 6.753643948284682175e-02
5.162591748057543128e+01 5.162591748057543128e+01 4.365411981358033700e+01 5.162167023595575444e+01 5.380839290364652222e-02
3.710486479175123531e-02 3.710486479175123531e-02 5.569336732658996425e+00 4.201953554916126876e-02 1.173936239961363565e-01
2.309031144517863154e+01 2.309031144517863154e+01 2.038677285290201269e+01 2.309027596134031057e+01 7.326033343935503539e-02
5.794712720024514319e+00 5.794712720024514319e+00 4.064138381611779316e+00 5.798653633770170401e+00 9.621779414739348169e-02
2.545000197340265657e+01 2.545000197340265657e+01 2.941349081127260945e+01 2.545182519052421100e+01 7.445499261970474347e-02
8.899471812323687558e+00 8.899471812323687558e+00 1.162948820860296628e+01 8.904232685183634644e+00 9.155525692860783105e-02
3.532992261836083259e+01 3.532992261836083259e+01 3.373209771001765489e+01 3.532820419492671249e+01 6.532172872398105123e-02
4.828482103775236567e+01 4.828482103775236567e+01 4.294948033166530621e+01 4.828111952576531252e+01 4.933286487205941206e+00
1.137068255506589187e+00 1.137068255506589187e+00 -2.178769318411588607e+00 1.137992082786603687e+00 9.075632248841063898e+00
5.025454043649364877e+01 4.964281758361450869e+01 4.284653815623418893e+01 1.931722800960966779e+01 8.644791784489701314e+00
4.969854199219883384e+01 4.736345816443491685e+01 3.888280718875235209e+01 2.922621285900508070e+01 6.653048693453349927e+00
3.491697324345725661e+01 3.029333419464485999e+01 2.949807750929203465e+01 3.263194132587136664e+01 6.192603186510861057e+00
2.576979495179596213e+01 2.032313495121514180e+01 2.550955457475568977e+01 2.818714673014173044e+01 6.961701422500735426e+00
2.648366195590999439e+01 2.247555780404443126e+01 1.671411162690510466e+01 2.410293621624705196e+01 7.229189527886146216e+00
3.520041409496113971e+01 2.923075679811122995e+01 2.912652417258033566e+01 1.713995349512484978e+01 9.838213376114195441e+00
3.269408390254110230e+01 2.710225443755989261e+01 3.096481225239588397e+01 2.651094123441983896e+01 7.695667601881911679e+00
5.023504058676515172e+00 -3.835714312585558616e+00 -8.993419258505692682e+00 -1.149471723385386923e+01 1.338355269800709024e+01
4.833727270629918138e+01 3.919208983404162439e+01 4.185861786823663522e+01 3.287445518905697384e+01 8.059272391585519557e+00
2.600219715283845900e+01 1.522555231919522001e+01 1.490294138735161411e+01 1.883088179332946765e+01 8.694029991231218446e+00
