# Treated, TrueCf, Synth (all lag), GL Pred, Error
2.495866037284558558e+01 2.495866037284558558e+01 2.483093696297308739e+01 2.495832809942053387e+01 7.639921148933466466e-02
7.337410063283402728e+00 7.337410063283402728e+00 7.426636870104228016e+00 7.337427828547897768e+00 8.957105394104217244e-02
2.169014054196418329e+01 2.169014054196418329e+01 2.167156819389671796e+01 2.169019907879121689e+01 8.466807477901860945e-02
2.010091855548731488e+01 2.010091855548731488e+01 1.829332901528446342e+01 2.010072851192180110e+01 8.024774155720508506e-02
1.364699737285745762e+01 1.364699737285745762e+01 1.328076727747470898e+01 1.364665027998361424e+01 7.808927677327071049e-02
-3.946507882746993712e+00 -3.946507882746993712e+00 -2.374902377695635280e+00 -3.945928119926636946e+00 1.185149234061022849e-01
5.419320920284487197e-01 5.419320920284487197e-01 8.476871110021232392e-01 5.422094562808377205e-01 1.146538895441106820e-01
4.630256198543408530e+00 4.630256198543408530e+00 6.618667837903376316e+00 4.630532528597781194e+00 1.101032947156243003e-01
6.565730148081284412e+00 6.565730148081284412e+00 6.006019386107540825e+00 6.565578675226118932e+00 9.352220306231265323e-02
7.885697759151574004e+00 7.885697759151574004e+00 6.403428800455023939e+00 7.885871292554017309e+00 1.009068535682039192e-01
1.539395371593298023e+01 1.539395371593298023e+01 1.762322759219820512e+01 1.539396521474374424e+01 8.775923742402119698e-02
2.023914934247704522e+01 2.023914934247704522e+01 1.792224991477514706e+01 2.023898165004650807e+01 8.268107919390139948e-02
7.507517620113089762e+00 7.507517620113089762e+00 9.313172138436286218e+00 7.507716042404736001e+00 1.052177959196975432e-01
1.178438419656068170e+01 1.178438419656068170e+01 1.305296704140906172e+01 1.178448835532701189e+01 9.950630849897423857e-02
-1.846681686902262864e-01 -1.846681686902262864e-01 9.246731032064779976e-01 -1.843387906474207583e-01 1.180272235784676493e-01
1.249505167235301784e+01 1.249505167235301784e+01 1.290667429155491064e+01 1.249507326111459449e+01 9.649700982884806821e-02
2.677432714032125105e+01 2.677432714032125105e+01 2.753029072725104243e+01 2.677413381076660315e+01 8.022466426079799540e-02
5.853046268508086847e+00 5.853046268508086847e+00 7.898172684888603357e+00 5.853350936183274733e+00 9.296005352288053136e-02
1.644845944325408382e+01 1.644845944325408382e+01 1.546350530606837381e+01 1.644806596314985114e+01 6.115497260513221178e+00
2.233251525255063541e+01 2.233251525255063541e+01 2.102290031477037857e+01 2.233231656043430746e+01 6.767100829290592756e+00
1.422560781992720003e+01 1.277180461085829322e+01 1.182636609988930232e+01 1.378051816088610515e+01 7.906158765613928274e+00
7.515208163521882589e+00 7.272902611064330891e+00 5.404301091942239843e+00 7.162713319276548418e+00 8.340449840274155591e+00
3.520033266276867323e+01 3.317717554156337201e+01 2.771551229889206169e+01 2.361733897628025503e+01 8.463618584609685414e+00
2.013161604976799168e+01 1.465561178234992212e+01 8.513849180364100988e+00 8.322755748599657721e+00 9.119783070371065392e+00
2.725533554886826337e+01 2.043541909637118437e+01 1.486625313883679311e+01 1.501408666036064865e+01 8.233438043409680773e+00
1.823999654784208246e+01 1.156358689399567652e+01 9.777935261543076351e+00 1.238105584150635963e+01 8.531696869131263128e+00
2.783798906422043373e+01 1.909211317603006464e+01 1.386588855561064015e+01 1.584324422991621617e+01 8.884612055055928437e+00
2.740151544767778446e+01 1.931889859039035429e+01 1.865022358149835213e+01 1.885111860236131776e+01 8.790613743821644732e+00
2.161662474146169899e+01 1.235882084246996548e+01 1.190906840509931719e+01 1.443804796038571325e+01 9.185270685779048705e+00
2.747692244530902528e+01 1.845303423112363461e+01 1.559302420028591207e+01 1.492736711246810088e+01 8.832716579986875871e+00
