# Treated, TrueCf, Synth (all lag), GL Pred, Error
-7.462900029207920838e+00 -7.462900029207920838e+00 -6.306942177314565079e+00 -7.462041815276787560e+00 1.493706754300737349e-01
2.909773010713914587e+00 2.909773010713914587e+00 3.767494665537186371e+00 2.908454463353989716e+00 9.455789100524646107e-02
-1.287448679250300643e+01 -1.287448679250300643e+01 -8.777150176603999654e+00 -1.287150948394067562e+01 1.615829244662991826e-01
-1.004415197959949069e+01 -1.004415197959949069e+01 -9.037608036872770256e+00 -1.004260549177668160e+01 1.542028636747088677e-01
4.105246017482476195e-01 4.105246017482476195e-01 1.942712488928859615e+00 4.093830229217862993e-01 1.170505302311958123e-01
3.929529246829374101e-01 3.929529246829374101e-01 -6.203089583907654969e+00 3.910456482900075414e-01 1.242159473079390841e-01
-5.951167634659460859e+00 -5.951167634659460859e+00 1.068837416910709992e+00 -5.951959419042314181e+00 1.361649950962203204e-01
-9.628533535317624015e+00 -9.628533535317624015e+00 -9.109204367148294068e+00 -9.627962543199181766e+00 1.469815502425027565e-01
-9.424716582224306194e+00 -9.424716582224306194e+00 -6.961972665437642149e+00 -9.423407235707319529e+00 1.588806787348295835e-01
-1.012069478465713068e+01 -1.012069478465713068e+01 -1.479497222195820960e+01 -1.011971087098766375e+01 1.592155178378577840e-01
2.270642813175501207e+00 2.270642813175501207e+00 1.010803110147175055e+00 2.268267122661977719e+00 1.111366412732410769e-01
-7.447895531973973249e+00 -7.447895531973973249e+00 -5.048434180937833027e+00 -7.447582757469717762e+00 1.516078938042564883e-01
-6.950788997271397207e+00 -6.950788997271397207e+00 -8.607932909016016154e+00 -6.949793324792931770e+00 1.565731211048656535e-01
-6.265323543545030738e+00 -6.265323543545030738e+00 -1.094964077879713749e+01 -6.264143495838110809e+00 1.480031425005726431e-01
-1.284189797406400935e+01 -1.284189797406400935e+01 -1.020985436440525618e+01 -1.284047001800613330e+01 1.618585232643000027e-01
-1.226220078486194787e+01 -1.226220078486194787e+01 -9.033103334115757832e+00 -1.226138872523473822e+01 1.627497747247233784e-01
-2.187649641920095700e+00 -2.187649641920095700e+00 -5.159999566419703143e+00 -2.187964495868266468e+00 1.352334686412864639e-01
-1.613781687242522267e+01 -1.613781687242522267e+01 -5.367339092126024447e+00 -1.613548187763015918e+01 1.701844296761852726e-01
-7.172240914518139832e+00 -7.172240914518139832e+00 -1.935624782328594362e+00 -7.171917086830505994e+00 1.070909749407789846e+01
-1.096677288137963169e+00 -1.096677288137963169e+00 6.104122911203684332e+00 -1.098287312766733415e+00 9.026275256717227080e+00
-1.325226700943821001e+01 -1.493698322552216950e+01 -9.929300891844698995e+00 -1.034706836244060746e+01 1.205550742242675888e+01
-1.525802316109239065e+01 -1.724823283205599722e+01 -9.837805352803849601e+00 -3.110439810241400593e+00 1.139746777932918320e+01
-6.653409060781148021e+00 -9.485890285643277409e+00 -7.456637264831910805e+00 -3.563788903871486724e+00 1.114542031802730904e+01
4.547414206854575092e+00 -2.786669761333759876e-01 -7.254934816942240516e+00 -1.348881336795884245e+01 1.179654674857440533e+01
5.442390258437023398e+00 9.956603336812508420e-01 -3.285345707225601153e+00 -4.170278557175995715e+00 1.164609491099700911e+01
5.155408649097394935e-01 -4.859282667699957869e+00 -4.923392464816188863e+00 -8.763567073315153166e+00 1.143447992603346286e+01
7.372209259054453234e+00 -1.119330030994050595e+00 -2.446959160747410600e-01 -6.667219358944933560e+00 1.219628731274235278e+01
1.019390655511193522e+01 1.910713841810803393e+00 3.772304926548848969e-01 -5.648576105772363576e+00 1.144640972869718354e+01
-1.141742073261105439e+01 -2.057562969032598232e+01 -2.292678053296831564e+01 1.331652010375615447e+01 1.254704899667138562e+01
5.514941280862466932e+00 -4.864701576214423007e+00 -6.042209066940037232e+00 1.125015640553428398e-01 1.296470857478443151e+01
