# Treated, TrueCf, Synth (all lag), GL Pred, Error
1.514321439419159709e+01 1.514321439419159709e+01 1.298121638071523520e+01 1.514302057708715488e+01 1.079854160909978072e-01
5.000421528387351877e+00 5.000421528387351877e+00 4.856077962502133971e+00 5.000360557059640776e+00 1.010666509233528881e-01
1.898552679629137152e-01 1.898552679629137152e-01 3.450856784839326341e+00 1.899296269858474773e-01 1.054457845588065157e-01
8.736730651888681365e+00 8.736730651888681365e+00 5.838787722386334700e+00 8.736752835752543689e+00 9.991134644488303129e-02
-3.893223053572714143e+00 -3.893223053572714143e+00 -2.145803576365061360e+00 -3.893077207624366487e+00 1.023871773669929736e-01
-3.458905582985367655e+00 -3.458905582985367655e+00 -6.550011755119714785e+00 -3.458874452663831089e+00 9.988851172103618836e-02
5.007600363214075756e+00 5.007600363214075756e+00 1.035112153681698288e+01 5.007763076344185826e+00 1.011842584145366125e-01
5.441873195853428768e+00 5.441873195853428768e+00 5.738783949520892769e+00 5.441895849380206762e+00 9.886582635922462614e-02
7.372523238666506273e+00 7.372523238666506273e+00 6.514364334994064087e+00 7.372296234506483081e+00 1.042612104433767450e-01
-3.961328280522869338e+00 -3.961328280522869338e+00 3.606702666468208029e+00 -3.961030835234241820e+00 1.120406165784678526e-01
9.086027384969053600e+00 9.086027384969053600e+00 1.096287485742332279e+01 9.086236477108091236e+00 1.010146060277370833e-01
5.491974508136132194e+00 5.491974508136132194e+00 2.727133762984936816e+00 5.491967475699732759e+00 9.909895731767388860e-02
4.171027679913721364e+00 4.171027679913721364e+00 3.822383039099046087e+00 4.170871744923006830e+00 1.013504750482742134e-01
8.924432595533618340e+00 8.924432595533618340e+00 1.066498515917394663e+01 8.924165341910269333e+00 1.065500266002741420e-01
8.726671091709029326e+00 8.726671091709029326e+00 7.573609485675462771e+00 8.726677370064042094e+00 9.980049935742224543e-02
-9.631867921575240743e+00 -9.631867921575240743e+00 3.449112214180299896e-02 -9.631625821776161445e+00 1.052851782750637566e-01
-1.022031124095506804e+01 -1.022031124095506804e+01 -4.911247824795979433e+00 -1.022010906664252161e+01 1.066856846366146250e-01
2.116356770299822543e+01 2.116356770299822543e+01 1.739887703960628684e+01 2.116292254091855796e+01 1.359537566876108383e-01
7.416266898777144512e+00 7.416266898777144512e+00 9.195627539631683334e+00 7.416178851958484586e+00 9.153473338884683841e+00
7.747639870767970116e+00 7.747639870767970116e+00 5.481291888438869719e+00 7.747847141575447516e+00 8.997987276130656298e+00
1.241155298286369835e+01 1.030366096994914038e+01 1.100040478507537678e+01 8.488854714764935139e+00 9.035011645701224836e+00
-2.066157858276489900e+00 -3.387188467651231161e+00 1.648238630183154418e+00 1.563274717309989015e+01 9.036046321788774094e+00
7.810678819763620773e+00 3.231901771680935731e+00 5.189887496888239582e+00 -4.030041496647301713e+00 9.119748918967779616e+00
6.260018403540980714e+00 2.883492472093497128e+00 4.791779490016465637e+00 3.617897148869753110e+00 9.162118232116913674e+00
6.298190263819043011e+00 1.122788017499348090e+00 3.507624549078520726e+00 3.545838407524346536e-01 9.668055051904850927e+00
2.284056696024801880e+00 -3.622841403091316081e+00 -3.294266561033452501e+00 2.907948704947301177e+00 9.981057981005692525e+00
9.591299132911522918e+00 3.605970828407294881e+00 6.490217913783329351e-01 3.744404441575521325e+00 9.880778855346827427e+00
-1.796018028762349283e+00 -9.548086328520591692e+00 -4.020197744351202473e+00 3.516380647701077500e+00 1.007330256963797055e+01
5.660323169579268843e+00 -3.553181235173278552e+00 2.274393858440890703e+00 5.112207576122329122e+00 1.024390977691707150e+01
-1.530382179219043626e-01 -9.582717164218545136e+00 -2.359040537146051442e+00 5.503211252150670418e+00 1.050497655609694014e+01
