# Treated, TrueCf, Synth (all lag), GL Pred, Error
2.615122601471490782e+00 2.615122601471490782e+00 -7.775808070188182652e-01 2.615210315037704181e+00 9.207057872882395966e-02
2.226172668450967507e+01 2.226172668450967507e+01 2.044956505383358802e+01 2.226157501530497740e+01 7.275060802645079427e-02
2.854827029044303188e+01 2.854827029044303188e+01 3.131856603630182434e+01 2.854810412165922529e+01 7.634845281848219589e-02
3.626105501323145575e+00 3.626105501323145575e+00 9.149011991908901464e+00 3.626259950534509446e+00 1.087812650652680430e-01
1.273054950448604750e+01 1.273054950448604750e+01 9.316651031487378276e+00 1.273049493601013005e+01 8.765953074247477550e-02
4.022046982602994802e+01 4.022046982602994802e+01 3.534373228176196591e+01 4.021981009573265453e+01 5.957463577068094346e-02
8.275683901763283501e+00 8.275683901763283501e+00 1.156036530162327836e+01 8.276332002075733385e+00 1.132997895486679285e-01
-1.326284098194976613e+00 -1.326284098194976613e+00 1.391898423205211621e+00 -1.325504753050862572e+00 1.161601114234687565e-01
1.736572125069861983e+01 1.736572125069861983e+01 1.647068243187448644e+01 1.736582066928851376e+01 7.891360181409258490e-02
5.419037876053022451e+00 5.419037876053022451e+00 2.053491624253537928e+00 5.418955224945900540e+00 9.272685981692013746e-02
-3.682832454574154202e-01 -3.682832454574154202e-01 -1.400614284281544109e+00 -3.684065110387455544e-01 1.062567351091021489e-01
2.333613485374202057e+01 2.333613485374202057e+01 2.159399297378362093e+01 2.333562081420933509e+01 7.408004217704454442e-02
1.221185674197820603e+01 1.221185674197820603e+01 1.033525093544881202e+01 1.221202884982833758e+01 8.686152873345741321e-02
3.500477138320346793e+00 3.500477138320346793e+00 7.710125548081283142e+00 3.501148731273836745e+00 1.196027782911833620e-01
-6.408267014246955995e+00 -6.408267014246955995e+00 -2.849984445919386822e+00 -6.407172056053280329e+00 1.201636747115573250e-01
2.214280919373253909e+01 2.214280919373253909e+01 2.338145831787525708e+01 2.214294056737474392e+01 8.252604001730050320e-02
2.163355305869757217e+01 2.163355305869757217e+01 2.065022303111873114e+01 2.163306063098063703e+01 7.569347960815357712e-02
2.692343969500580059e+01 2.692343969500580059e+01 2.527292621599628575e+01 2.692274561218663820e+01 6.917769462994487195e-02
8.622974697910146702e+00 8.622974697910146702e+00 1.109242989990633177e+01 8.623185136311086296e+00 7.263262678231381386e+00
1.100632511910890976e+01 1.100632511910890976e+01 1.248770609216778205e+01 1.100644768921991812e+01 6.927334401822359489e+00
2.063121439678445768e+01 1.923824026813167976e+01 1.589163447392132511e+01 1.429249039757151785e+01 6.479998456579962429e+00
2.753183896269121789e+01 2.605567416340721820e+01 1.525656180806116069e+01 1.991293774316238085e+01 5.944085160476315188e+00
1.739918857784634554e+01 1.481607662569838446e+01 1.622231571675537154e+01 1.535392627237683172e+01 7.152364045068968501e+00
6.615331967189000295e+00 2.625879937912468431e+00 -2.326429428905476104e+00 1.332297669739062052e+00 9.718185744349087329e+00
2.264746147226687256e+01 1.719500458172419854e+01 2.023994018352157909e+01 1.510432311508524172e+01 7.463881289974787947e+00
2.096415355304382189e+01 1.495875799256533334e+01 1.497682033536878343e+01 1.605638189880973954e+01 8.075773081075338311e+00
9.753374959232964159e+00 3.098392799811954035e+00 -1.009069041641930786e+00 5.508734799719410269e-01 8.841668081604098006e+00
1.060033969162209466e+01 1.919688235704448465e+00 4.274027452978755193e+00 6.012113650912373153e+00 8.059153455398643473e+00
2.968938383134083381e+01 2.119456656561944641e+01 1.830297496207182917e+01 1.731447746331740234e+01 7.867955843077442779e+00
2.256664460720253018e+01 1.340783944255274385e+01 1.465997805420945710e+01 1.202372088738564493e+01 8.754853581068344326e+00
