# Treated, TrueCf, Synth (all lag), GL Pred, Error
2.223817040753489849e+01 2.223817040753489849e+01 1.870605899162451280e+01 2.223775856964274311e+01 7.169957365141978178e-02
1.872635135468774692e+01 1.872635135468774692e+01 1.888692703079593116e+01 1.872672331469919982e+01 7.369936066161424104e-02
-3.684882186761488043e+00 -3.684882186761488043e+00 -2.967580276268577233e+00 -3.684549976820435724e+00 1.155835949946748542e-01
2.984915818766122442e+01 2.984915818766122442e+01 2.619529278226256608e+01 2.984884851819276719e+01 6.603040820442880598e-02
1.311766542177237049e+01 1.311766542177237049e+01 9.846652879996280916e+00 1.311736877276018731e+01 7.863626136661082400e-02
7.953833333653338222e+00 7.953833333653338222e+00 5.806388061805857426e+00 7.954942054015534225e+00 9.240361644089371829e-02
2.443418717575501020e+01 2.443418717575501020e+01 1.955833792578823349e+01 2.443348512691387242e+01 6.735015453144728437e-02
2.355742864125715741e+01 2.355742864125715741e+01 2.466471777019794231e+01 2.355715500750854829e+01 7.456141365703382318e-02
2.201906758422207488e+01 2.201906758422207488e+01 2.411325292864710690e+01 2.201902489540567842e+01 7.540420197951218373e-02
1.689621344200843822e+01 1.689621344200843822e+01 1.426918823725696051e+01 1.689662751656847206e+01 7.419424675220097354e-02
7.248583064176278512e+00 7.248583064176278512e+00 4.222611218301671521e+00 7.249102188470756936e+00 8.978968448997312612e-02
6.529208359284170982e+00 6.529208359284170982e+00 7.091594217215753559e+00 6.529691216794233810e+00 9.223397318607563788e-02
2.320188838739306902e+01 2.320188838739306902e+01 1.951727451856006823e+01 2.320117232115979533e+01 6.561857304444261574e-02
2.019978411118295014e+01 2.019978411118295014e+01 1.640462914246427673e+01 2.019947062897264800e+01 7.413311438329672765e-02
2.135601297898950435e+01 2.135601297898950435e+01 1.904051493439868992e+01 2.135599251447691316e+01 7.200023539966428354e-02
1.680755984150396642e+01 1.680755984150396642e+01 1.945273917021052057e+01 1.680864908932558066e+01 8.761989740013768901e-02
4.496767223230646948e+01 4.496767223230646948e+01 4.284983755895569146e+01 4.496622884727493386e+01 5.535485124808647156e-02
2.499490052050620648e+01 2.499490052050620648e+01 2.602827613809266794e+01 2.499422138114805847e+01 7.060863938613989865e-02
2.307502910961122566e+01 2.307502910961122566e+01 2.064315641532652279e+01 2.307464592276085114e+01 5.789372769212780767e+00
-1.380616897615673189e+01 -1.380616897615673189e+01 -6.054974537272692636e+00 -1.380324420274306263e+01 1.118845273803151841e+01
-5.274643927421586165e-01 -2.437390332092738365e+00 -3.313704296751420753e+00 7.493858879988014365e+00 6.681473327525663919e+00
1.745924957009667011e+01 1.613138576271220259e+01 1.594621927659799354e+01 1.636707657259386650e+01 6.343281226987453003e+00
5.075028862602241064e-01 -2.819266267191621544e+00 2.718694106192712123e+00 4.217504324402496785e+00 8.148104527392858287e+00
2.059796992302164398e+01 1.566693244445662714e+01 1.713263419423141443e+01 1.577010453767135090e+01 6.860704247419171509e+00
9.555469459429822621e+00 4.391915067900819203e+00 6.163472647085747269e+00 1.321183990081740944e+01 6.505664775322351545e+00
1.913310011434670344e+01 1.231176798902867908e+01 8.636486517364220461e+00 1.221688540997685379e+01 6.882949459207239329e+00
1.082598892743386543e+01 4.702895174478892493e+00 1.186627295391603054e+00 2.619206937018495385e+00 9.406949066119642211e+00
4.715947859182040069e+00 -2.451056006029353362e+00 -1.907423574369045693e-01 4.560712797515792616e+00 7.796077162735764787e+00
2.635173952747156534e+01 1.919472093370836063e+01 1.810783314921368614e+01 1.030204843133316928e+01 9.018981666493001370e+00
2.138732717525339311e+01 1.160513196694896187e+01 1.346775533979215211e+01 1.971157220135604859e+01 7.017118307526788890e+00
