# Treated, TrueCf, Synth (all lag), GL Pred, Error
1.167851863227625842e+01 1.167851863227625842e+01 3.629710501645311727e+00 1.167857749354817898e+01 1.127478029556183980e-01
6.015134348385718255e+00 6.015134348385718255e+00 7.560071322879455380e+00 6.015473891511048166e+00 1.112673768991442325e-01
1.203429701875945135e+01 1.203429701875945135e+01 1.020641856344437315e+01 1.203371453363434362e+01 9.411790307409730050e-02
1.002993737321590650e+01 1.002993737321590650e+01 8.678342263357130548e+00 1.002925057490165273e+01 6.447517398773523756e-02
1.431035242765060289e+01 1.431035242765060289e+01 1.772206890627252207e+01 1.431037140011019204e+01 1.038425550260441560e-01
-6.940974371412306887e+00 -6.940974371412306887e+00 -4.589630484168648827e+00 -6.940238595994042470e+00 1.349202998856433855e-01
3.702608487930188375e+00 3.702608487930188375e+00 1.910646022396099486e+00 3.702616703638743179e+00 8.889129338110386691e-02
4.668352523452663938e+00 4.668352523452663938e+00 5.197768600421985852e+00 4.668235285446249883e+00 1.081123856451130516e-01
2.743144537352207202e+00 2.743144537352207202e+00 2.845051799775187851e-01 2.742789258610227598e+00 1.073964737770055633e-01
-3.478168211155271639e+00 -3.478168211155271639e+00 -3.544252504314201468e-01 -3.478021035501768665e+00 1.399066413302786915e-01
5.729610405869424383e+00 5.729610405869424383e+00 2.227144143403091192e+00 5.729752020131716250e+00 1.062044721463353270e-01
-4.853422303950125638e+00 -4.853422303950125638e+00 1.072184215092239074e-01 -4.852207546496595469e+00 1.529222168065986209e-01
3.215497673943975343e+00 3.215497673943975343e+00 8.419734282932120450e+00 3.216179901802161289e+00 1.279203551274605832e-01
7.819698935708619736e+00 7.819698935708619736e+00 7.316489278776440841e+00 7.819531787028958902e+00 1.103965765960585738e-01
8.803364136956650654e+00 8.803364136956650654e+00 7.134022953844682213e+00 8.803028755874654721e+00 8.796287355858591062e-02
-1.568246137369667004e+01 -1.568246137369667004e+01 -1.118068516437289084e+01 -1.568157814717269716e+01 1.574874108442351206e-01
8.000108453794737784e+00 8.000108453794737784e+00 8.343661401348111184e+00 7.999720940019699356e+00 7.271912336730199100e-02
-7.226999126714052757e+00 -7.226999126714052757e+00 -1.495514667903100614e+00 -7.226352193884785891e+00 1.596898879282812878e-01
-1.288339362794007137e+01 -1.288339362794007137e+01 -7.978233415641556192e+00 -1.288304223975533525e+01 1.141558513468859815e+01
4.639561275373912608e+00 4.639561275373912608e+00 2.966952997514449297e+00 4.639419920920166973e+00 9.098277776540186323e+00
1.397872335003632394e+01 1.127524027306191812e+01 1.112930673449672447e+01 -1.081737090521295741e+00 1.033244178836270422e+01
-8.435608740892469370e+00 -1.225133271671823465e+01 -1.053255774558954805e+01 -1.903190868413577874e-01 1.069001794511683023e+01
9.672672956978889403e+00 6.514244249845207335e+00 1.315658240636614984e+01 -2.481555923000911434e+00 1.146932847230577401e+01
6.637274567829368088e+00 3.184108068846683626e+00 4.035929805440187756e+00 -1.207845599064901299e+00 9.127671535711318285e+00
1.739120042264061894e+01 1.101409464221977252e+01 9.548567970133820637e+00 -6.919675743136240342e+00 1.014907728592321412e+01
6.964333492998222574e+00 1.882331364639119320e-01 4.484510634632815851e+00 5.794767866591106209e-01 8.927655352303592196e+00
1.911595396652212742e+01 1.232766048308039508e+01 9.114950404499392533e+00 6.608697593768173562e-01 1.084841391926627807e+01
1.410494060734384725e+01 6.358426613371776170e+00 3.075020605534740881e+00 -6.150620071455091598e+00 1.003422911251438343e+01
8.252239208703553430e+00 -9.112099544065264123e-01 4.452706872253455184e-01 9.747029084521194875e-01 1.150444908295110480e+01
2.193824411550583520e+01 1.278908173715845287e+01 5.378200269670039724e+00 8.709290590341490557e+00 9.684208894203843343e+00
