# Treated, TrueCf, Synth (all lag), GL Pred, Error
-6.902445562113436850e+00 -6.902445562113436850e+00 -3.785918249662169277e+00 -6.902038165034717565e+00 1.574342126976927825e-01
-5.207051216865216325e+00 -5.207051216865216325e+00 -4.837440809923499785e+00 -5.206490914506318290e+00 1.560906580448310210e-01
4.244259836365993799e+00 4.244259836365993799e+00 1.692335634441204384e-01 4.244147532959214431e+00 9.410412115763150398e-02
4.953404347683253439e-01 4.953404347683253439e-01 4.184388872950913552e+00 4.953265575827414668e-01 9.915089687788153361e-02
4.489882669066213694e+00 4.489882669066213694e+00 1.924132812828858397e+00 4.489766672100039102e+00 9.689684440216078665e-02
6.683921513131797276e+00 6.683921513131797276e+00 1.999415887754092402e+00 6.683654366587635565e+00 7.184299957748187249e-02
6.816179617791513046e+00 6.816179617791513046e+00 1.694079187284584842e+00 6.816092013566750651e+00 8.934349581611447655e-02
1.052541429492074299e-01 1.052541429492074299e-01 2.322704671133390519e+00 1.053100414025156528e-01 1.064485019921685011e-01
-4.315443415289013096e-01 -4.315443415289013096e-01 5.933299001525553507e-02 -4.311818137523637517e-01 1.406074450411414767e-01
2.198989473963686714e-01 2.198989473963686714e-01 1.039941158552461165e+00 2.199324378188265428e-01 1.195488007989101709e-01
6.243989420130520607e+00 6.243989420130520607e+00 2.965569583706709089e+00 6.243629181707565756e+00 7.416545063379446912e-02
7.395401772790923811e-01 7.395401772790923811e-01 6.471384846498308141e-01 7.397917654502652596e-01 1.399452434022078473e-01
-5.419440285200160190e+00 -5.419440285200160190e+00 -2.904163150212632161e+00 -5.419186931299794452e+00 1.400551077198163852e-01
-6.586041303449138518e+00 -6.586041303449138518e+00 -2.562825342483110003e+00 -6.585763247509314411e+00 1.349735206588568714e-01
3.966213078905058254e+00 3.966213078905058254e+00 -7.231944609896319154e-01 3.966097804314370201e+00 1.074354196971771397e-01
-2.810398200051670070e+00 -2.810398200051670070e+00 7.612477055485524779e-01 -2.810247686850450677e+00 1.258645281066326227e-01
3.916532581447479622e+00 3.916532581447479622e+00 2.393464529395276763e+00 3.916445318211360327e+00 9.662167927839762638e-02
5.480342958852029156e+00 5.480342958852029156e+00 2.136464536584002705e+00 5.480383871835652343e+00 9.688107547161535493e-02
1.079010180296251731e+00 1.079010180296251731e+00 -2.713852062051300695e-01 1.079105090315228388e+00 8.466310810811114251e+00
3.378479689093181193e+00 3.378479689093181193e+00 3.061584868646407109e+00 3.378465332456210835e+00 9.156395946587718271e+00
7.333273339792793166e+00 5.587860104629603697e+00 1.313335680465275157e+00 4.485093681157777290e+00 1.075227141448355894e+01
5.850665386756295661e+00 4.899488816944868930e+00 -2.174464597083523465e+00 9.721308624979977608e+00 9.699213671688415417e+00
-1.737513938815103298e+00 -6.041386332236755585e+00 -4.864571565395332975e+00 1.024517092402961183e+01 1.122765213351041069e+01
8.000494081517777190e+00 3.124351475242851617e+00 -5.408546356204730898e-01 7.725432219973547454e+00 1.102477319046012383e+01
1.377777990480259085e+01 6.319428576276560072e+00 9.983247127393050091e-01 9.226949030405807051e+00 1.030408076944842399e+01
8.323145957558516272e+00 2.956691951334499358e+00 3.201694036251526931e+00 1.819972323017492233e+00 9.463980179811475324e+00
6.847048353001969012e+00 2.825646332664653038e-01 -2.504789527145691697e+00 1.077667372608053853e+01 1.049152749182697519e+01
3.104054765207920230e+00 -4.519369096608702563e+00 1.620862592669886304e+00 1.465435591678682314e+00 8.596396252841854491e+00
1.115427859952193756e+01 3.486544819329624900e+00 1.491664717424645570e+00 3.389093899140366961e+00 9.350601683207845127e+00
1.195938668775499103e+01 1.732021239225914666e+00 2.152187625871716303e+00 -1.063470087140406140e+00 9.627421367178476075e+00
