# Treated, TrueCf, Synth (all lag), GL Pred, Error
3.951710711249717178e+01 3.951710711249717178e+01 3.354966263721198061e+01 3.951415420714759819e+01 5.311491399862148383e-02
2.715683743855597143e+01 2.715683743855597143e+01 2.605299077709280908e+01 2.715870579846675525e+01 6.278386908927682808e-02
3.443453565788173965e+00 3.443453565788173965e+00 2.407497130302703958e+00 3.444689220338414515e+00 9.910180123712693245e-02
1.154677964245551713e+01 1.154677964245551713e+01 1.150610776356757192e+01 1.155297527697646842e+01 8.214941824448901420e-02
4.812328982954506174e+00 4.812328982954506174e+00 4.988103397662852601e+00 4.809475873626221087e+00 9.031757367778919798e-02
1.038439996659954190e+01 1.038439996659954190e+01 1.953021835916403859e+01 1.039053701278070285e+01 8.987897560802021735e-02
4.988890390192670310e+01 4.988890390192670310e+01 4.355599183000548891e+01 4.988247637980976634e+01 4.513017613886709245e-02
3.652827675854659617e+01 3.652827675854659617e+01 2.600273353605097526e+01 3.652739480819245443e+01 5.417937674475672982e-02
3.181034173714809299e+01 3.181034173714809299e+01 2.135498436446249215e+01 3.180167750226354073e+01 5.848607874397768885e-02
1.343291808433118995e+01 1.343291808433118995e+01 1.124196045865594051e+01 1.343761503030298599e+01 7.418746004018259010e-02
1.380142668826149688e+01 1.380142668826149688e+01 1.181502833611711267e+01 1.380327246825598664e+01 7.339265042645640169e-02
5.948443296658607604e-01 5.948443296658607604e-01 1.615743976828462714e+00 6.085340847934679331e-01 9.999998215704944404e-02
2.111476018606845884e+01 2.111476018606845884e+01 1.806831143036838228e+01 2.111418859138393600e+01 6.847910303149332134e-02
4.020990535944415001e+01 4.020990535944415001e+01 4.090009548146647234e+01 4.021218062254874326e+01 5.536415745437687358e-02
7.191158441823464642e+00 7.191158441823464642e+00 8.547035735430954517e+00 7.193385336013454534e+00 9.047715188328823988e-02
9.316040462313161186e+00 9.316040462313161186e+00 5.363941419666505617e+00 9.321831934715120838e+00 8.508590654800024522e-02
6.226787439216902698e+01 6.226787439216902698e+01 5.614313300062908496e+01 6.226013756715914838e+01 3.928869429923367157e-02
3.559581827465467541e+01 3.559581827465467541e+01 3.234503291951779858e+01 3.559391053561628837e+01 5.777147428740491558e-02
2.142089710518745704e+01 2.142089710518745704e+01 1.704273461106192045e+01 2.141908797260604302e+01 4.667628853534723454e+00
3.171834156303317798e+01 3.171834156303317798e+01 2.893545725043444961e+01 3.171902224924902214e+01 4.231704614071362336e+00
1.287978276701726443e+01 1.144520362648448497e+01 1.196901311065559526e+01 1.271340581934701675e+01 5.810393054665980550e+00
9.424723747962440168e-01 -8.769068229144043602e-01 3.541320090061539805e+00 1.515238556834904493e+01 5.222767013000729541e+00
3.958761804352748470e+01 3.567615142812899620e+01 2.816271362271180223e+01 3.658702272436853775e+01 4.133576621204492874e+00
2.814086506795060316e+01 2.330531751732675616e+01 2.838220276906663031e+01 3.544911645251367815e+01 4.072565148123351797e+00
1.679519133924178576e+01 1.304506678950572329e+01 2.253030915024349046e+00 1.842404327322304169e+01 5.406752796107469727e+00
2.541869475552111624e+01 2.023725797639819390e+01 1.451719771150454363e+01 1.369084228865455088e+01 6.609665819764009242e+00
1.823086288695575874e+01 1.041091444226356977e+01 9.674043090930926070e+00 1.378726289467576116e+01 6.401284328309005289e+00
8.438581439516427807e+00 1.861471949229991374e+00 1.846910008276386739e-01 6.100334083953206310e+00 7.240538082996756941e+00
2.717901978051793321e+01 1.634784371018585603e+01 1.681505702360876953e+01 1.841715660488490514e+01 5.910546654833691349e+00
3.709312933469649920e+01 2.688262302154844718e+01 2.054369500653491087e+01 2.835034891196871598e+01 5.337289992203432476e+00
