# Treated, TrueCf, Synth (all lag), GL Pred, Error
-9.536685696449485050e+00 -9.536685696449485050e+00 -5.966364701102308210e+00 -9.530468740783167192e+00 1.244160646020531918e-01
2.504792447449054649e+01 2.504792447449054649e+01 2.123936300493951634e+01 2.504655637782975575e+01 7.116271242506040651e-02
1.130038196903476733e-01 1.130038196903476733e-01 3.535082866936184676e+00 1.180056734404359986e-01 1.094037835658800278e-01
9.972158358849117832e+00 9.972158358849117832e+00 8.542363421389305600e+00 9.975178127713487441e+00 8.599390867736890487e-02
4.340955313071741273e+01 4.340955313071741273e+01 4.306275056402687795e+01 4.340369133465637219e+01 5.710876935703755597e-02
1.451854999664520740e+01 1.451854999664520740e+01 1.191825552051080273e+01 1.451844974757926288e+01 7.798737880951231438e-02
7.259480905098590675e+00 7.259480905098590675e+00 4.948002726281166552e+00 7.262799027632571125e+00 8.575232880749093789e-02
3.629649591073079762e+01 3.629649591073079762e+01 3.181826949940892746e+01 3.629304406031754127e+01 6.051404066024273359e-02
1.087199874252855381e+01 1.087199874252855381e+01 1.207884570062448049e+01 1.087709453498096401e+01 9.024051627659643304e-02
2.260066405876123596e+01 2.260066405876123596e+01 2.441747511108788871e+01 2.260045349338478360e+01 7.292271306549077958e-02
4.871392856413954320e+01 4.871392856413954320e+01 4.745125366234498898e+01 4.870856526557119537e+01 5.227294120483092638e-02
2.770493372764488527e+01 2.770493372764488527e+01 2.491230257698763850e+01 2.770533162379209813e+01 6.827975802099964242e-02
1.704464935241765033e+01 1.704464935241765033e+01 1.376433457004074157e+01 1.704528777882227786e+01 7.710246653868091382e-02
2.262563917736359898e+01 2.262563917736359898e+01 2.384708052921456201e+01 2.262802258882901896e+01 7.394073416885690864e-02
2.352922592635479759e+01 2.352922592635479759e+01 2.380396714430103700e+01 2.353070409757388148e+01 7.367650425796751223e-02
3.858522643663191332e+01 3.858522643663191332e+01 3.647463395513665319e+01 3.858158062414490530e+01 6.080880267382668403e-02
1.833334644831531079e+01 1.833334644831531079e+01 2.088739586181086239e+01 1.833559466191790932e+01 7.866536986090877370e-02
3.281719975201604456e+01 3.281719975201604456e+01 2.903005885357015359e+01 3.281457106518972466e+01 6.262964153868198769e-02
3.116529038985109068e+01 3.116529038985109068e+01 3.020358727636019225e+01 3.116424412849533709e+01 5.590030380876951810e+00
1.483263951054686558e+01 1.483263951054686558e+01 1.767725931092834202e+01 1.483680355654458083e+01 6.728664962829006058e+00
2.462186215716110027e+01 2.186558907457096979e+01 1.135305481030216157e+01 1.951417934753788330e+01 6.373896795429431883e+00
-1.350146824779182531e+01 -1.568780860445938607e+01 -1.387228104858922606e+01 3.501597286450956581e+00 7.049241823300564924e+00
5.680861743991937374e+01 5.297254701871575833e+01 4.731027755252886635e+01 3.365301242276654392e+01 6.570240166138450633e+00
1.478627290326865840e+01 1.120048758565372715e+01 1.017769664312818989e+01 1.566618283443402149e+01 7.127971643157101411e+00
4.010993788474022637e+01 3.498415486716759659e+01 1.905369942713664244e+01 1.871926051605375818e+01 7.328454221657635159e+00
2.480881134739766125e+01 1.983624787948051349e+01 1.384408385725972934e+01 1.845024708745972930e+01 6.867310357643917840e+00
6.685526475251981537e+01 5.912053337448607238e+01 5.653558047470453118e+01 3.761200020250650056e+01 6.761921424383885437e+00
2.206510770870375637e+01 1.407170130975465661e+01 1.564203565331896684e+01 8.441561590215716393e+00 1.021887557764745402e+01
1.043023611211618906e+01 1.339227295170798859e+00 -1.187038465111304841e+00 4.432255091053855622e+00 9.373568012070467859e+00
2.088348135704961805e+01 1.105013043380065696e+01 8.694327152820378046e+00 1.474763420910647405e+01 8.072472738256028180e+00
