# Treated, TrueCf, Synth (all lag), GL Pred, Error
1.307615835204165933e+01 1.307615835204165933e+01 1.307705960787701649e+01 1.307613839326329419e+01 1.007994843480635588e-01
1.205897389075455806e+01 1.205897389075455806e+01 1.318813960374809646e+01 1.205895987455039631e+01 1.003276315270965197e-01
-1.567609588633803952e+00 -1.567609588633803952e+00 4.402759402349066598e+00 -1.567498204677503892e+00 1.068448526781008850e-01
1.567458940714843685e+01 1.567458940714843685e+01 1.133949606532331877e+01 1.567457365436860783e+01 9.986003563868058042e-02
-1.700112498213087076e+00 -1.700112498213087076e+00 2.524216449109261795e+00 -1.699980544945335126e+00 1.131530431767683864e-01
7.239320742509576689e+00 7.239320742509576689e+00 7.284552197093513426e-01 7.239173849598742549e+00 1.161130065490880436e-01
6.527301799320378350e+00 6.527301799320378350e+00 6.290675593490867357e+00 6.527285738972686602e+00 1.014260958973856597e-01
4.902568839558867353e+00 4.902568839558867353e+00 3.932948714082960873e+00 4.902562596186132993e+00 1.011035728641745679e-01
7.585809934955037193e+00 7.585809934955037193e+00 5.222119435115992303e+00 7.585802270395572755e+00 9.969910715236136867e-02
1.218416246761090527e+01 1.218416246761090527e+01 7.599159523107590353e+00 1.218417750241593289e+01 1.002252158408558774e-01
8.845013565101222941e-01 8.845013565101222941e-01 3.581922231711349713e+00 8.845635421676147914e-01 1.015729611347427896e-01
1.409843180364340753e+01 1.409843180364340753e+01 1.019906192410049783e+01 1.409832492102919232e+01 1.150404635789338548e-01
1.724929742978905267e+01 1.724929742978905267e+01 1.779518151566818673e+01 1.724924613715536736e+01 1.028944228195972088e-01
1.133785932521372963e+01 1.133785932521372963e+01 1.275488373389949359e+01 1.133783617962372858e+01 1.029075568423543502e-01
1.221070637130903336e+01 1.221070637130903336e+01 8.588475407575053566e+00 1.221066400888892289e+01 1.039361524864374775e-01
1.144590502184974490e+01 1.144590502184974490e+01 1.282932575929986108e+01 1.144588321247397111e+01 1.000018673144421194e-01
7.297494570887881338e+00 7.297494570887881338e+00 1.296733959258975410e+01 7.297565109682181195e+00 1.049242598189316089e-01
1.015054531450361708e+01 1.015054531450361708e+01 1.049532175903283004e+01 1.015060913841852930e+01 1.039329319043307276e-01
-6.815125340185167246e+00 -6.815125340185167246e+00 -2.499104098176573086e+00 -6.815045320784382632e+00 8.051648066011940941e+00
1.513392288630696214e+01 1.513392288630696214e+01 1.356398297865930935e+01 1.513387302679772439e+01 8.077049133345877152e+00
8.443214734186067716e+00 7.230047066063087335e+00 9.985708822961720799e+00 7.733716027760471512e+00 8.114104240424625303e+00
1.204752363933225290e+01 9.763655269661196456e+00 8.086255121016860059e+00 9.170566072754459341e+00 7.898854077690819153e+00
-4.230186700262261179e-01 -4.121963123794155415e+00 -2.206776511740839108e+00 -7.197850992557897065e-01 7.992411753172918409e+00
9.352903541147338018e+00 5.381402052949749049e+00 5.418776465409806065e+00 7.996227647560668395e+00 7.999952640039919238e+00
4.927201472980770269e+00 9.359823431421787632e-01 -6.119804619066889551e+00 8.784881950742091661e-01 8.320594937935466007e+00
1.617596729756763096e+01 1.233811519922035238e+01 1.715876992616273355e+01 1.396256577246802522e+01 8.390155880456642734e+00
1.606222484934480477e+01 1.079187657544780876e+01 1.494404300962049525e+01 1.506016155771123621e+01 8.408168337007753124e+00
2.115781366024897281e+01 1.298829053545719070e+01 9.039250742890724055e+00 5.542550316403838551e+00 8.709708680222194133e+00
1.477296208602478700e+01 4.948012292513895183e+00 2.297123170241248680e+00 4.530551751938829419e+00 8.850904978469483098e+00
6.542835296565932879e+00 -3.936777310333277047e+00 2.592266146195751464e+00 3.486729701840020734e+00 9.040919025428230782e+00
