# Treated, TrueCf, Synth (all lag), GL Pred, Error
1.408514224508605750e+01 1.408514224508605750e+01 1.221488445040955106e+01 1.408514090820438369e+01 7.994982198545952379e-02
9.661161986335812912e+00 9.661161986335812912e+00 9.088447548927630848e+00 9.661245202042525904e+00 8.696894117473197294e-02
2.141160821665197034e+01 2.141160821665197034e+01 2.121627906876805625e+01 2.141144020061742737e+01 7.867379412996318433e-02
5.772421996656706966e+00 5.772421996656706966e+00 6.897528976700732173e+00 5.772763736425921444e+00 1.083446709184833767e-01
-6.346005252415080733e+00 -6.346005252415080733e+00 -4.579290767856924127e+00 -6.345524444916417650e+00 1.255621739927573477e-01
-3.001013791949550580e+01 -3.001013791949550580e+01 -3.038267491668464260e+01 -3.000798606818716507e+01 1.534413910449993201e-01
2.149676401728680020e+01 2.149676401728680020e+01 1.900097869117625038e+01 2.149608701448487835e+01 6.846204075316257576e-02
1.383076381650713138e+01 1.383076381650713138e+01 1.013544391866919803e+01 1.383026014636498147e+01 6.687656265743596729e-02
2.420222246278571276e+01 2.420222246278571276e+01 2.062597949167432532e+01 2.420170616231021654e+01 6.756850130824357259e-02
1.307726318531542908e+01 1.307726318531542908e+01 1.218486590370580203e+01 1.307797212693408717e+01 1.049315759667439202e-01
1.697900473315126746e+01 1.697900473315126746e+01 1.982534970785126305e+01 1.697844868525272588e+01 7.720373935209164096e-02
-2.370881264693527890e-02 -2.370881264693527890e-02 4.813759943247990059e+00 -2.359948239361964184e-02 1.080102607898534989e-01
2.228490595250289275e+01 2.228490595250289275e+01 2.136914594114196575e+01 2.228483039074314931e+01 8.369437706701052249e-02
2.016210854226869742e+01 2.016210854226869742e+01 2.322209561588346816e+01 2.016231415499810709e+01 7.745759766346051178e-02
2.275149095976636460e+01 2.275149095976636460e+01 2.133446624709868189e+01 2.275155353177713380e+01 7.502944701047516152e-02
2.427149883650337259e+01 2.427149883650337259e+01 2.364166698850030102e+01 2.427124450789336407e+01 7.444168318001762041e-02
1.621155048742389582e+01 1.621155048742389582e+01 1.824899030019617285e+01 1.621146446654259776e+01 8.146420485211534890e-02
2.990854585769494811e+00 2.990854585769494811e+00 6.022095778301737923e+00 2.991260510362309333e+00 1.154660698073377845e-01
2.814999554903279133e+00 2.814999554903279133e+00 5.321078035228739012e+00 2.816143848259545557e+00 9.810616609773516572e+00
3.007703248694071618e+01 3.007703248694071618e+01 2.436161303130098332e+01 3.007622970486846725e+01 5.455750236763051930e+00
4.485708492473577280e+01 4.272408198202978014e+01 3.638809857443283136e+01 3.311769868705319908e+01 6.199132157167828616e+00
2.833260982832472408e+01 2.623752087234443664e+01 1.692934498483832328e+01 2.262325700627383895e+01 7.061403573162441383e+00
3.587692419953054923e+01 3.252788707078960329e+01 3.203035126196193971e+01 2.575302201397478186e+01 8.028108429123697931e+00
2.340621213215993279e+01 1.865036443123025833e+01 1.694830990986124419e+01 1.432325383705195421e+01 8.227854691998286896e+00
6.493503808443064962e+00 3.285498903897380529e+00 -2.604236298065639055e+00 4.357576421559733681e+00 1.021045499762609055e+01
1.468729620474840480e+01 7.349797886545477610e+00 3.400029604166017183e-01 9.652317961714485861e+00 8.431841886311858048e+00
1.751637603145532296e+01 1.234948232094591347e+01 1.312440691633165279e+01 1.959690342014674158e+01 8.038199300816259552e+00
3.375116681393487283e+01 2.555252157896613241e+01 2.313748136285332890e+01 1.969247455099692701e+01 8.009243766899421857e+00
3.828520990612705077e+01 2.827544868610262796e+01 2.618437552817863789e+01 2.118469391073620756e+01 8.689055124141921382e+00
1.148949611647346636e+01 6.343757402029671644e-01 2.570045298647117421e-03 1.064841538506736907e+00 1.056222038666097163e+01
