# Treated, TrueCf, Synth (all lag), GL Pred, Error
2.230621383111150635e+01 2.230621383111150635e+01 1.824925089161241232e+01 2.230637484801841453e+01 9.016171966302603813e-02
2.414795320237693943e+00 2.414795320237693943e+00 -2.418047322978836622e+00 2.415003878351072775e+00 9.845960953570001561e-02
4.832952166843853981e+00 4.832952166843853981e+00 5.877735935279848611e+00 4.832944860043521196e+00 9.799221406646700661e-02
2.653777823087760623e+01 2.653777823087760623e+01 2.930240662633357118e+01 2.653701998661187389e+01 9.019595951983976068e-02
-1.678214662212621633e+01 -1.678214662212621633e+01 -1.677772216885926682e+01 -1.678155877699837006e+01 1.091093982102381843e-01
8.088818567013689176e+00 8.088818567013689176e+00 1.109336283485687247e+01 8.088737279661689428e+00 9.751870955793333351e-02
1.010728303656246041e+01 1.010728303656246041e+01 1.192235782546469913e+01 1.010756580134581384e+01 9.666085304648291965e-02
4.066107470854710471e+01 4.066107470854710471e+01 4.080780372294460534e+01 4.065975523475621856e+01 8.458513397675232470e-02
2.176607026345990192e+01 2.176607026345990192e+01 2.228964285481228913e+01 2.176554789320172034e+01 9.057220796898440840e-02
9.663088804701329693e+00 9.663088804701329693e+00 1.033112802280293430e+01 9.663349427979643025e+00 9.586488730062896202e-02
-3.121484269697522240e+00 -3.121484269697522240e+00 2.090029184507448345e+00 -3.120422520484610995e+00 1.053135908566057571e-01
-3.065160869619522899e+01 -3.065160869619522899e+01 -2.273975848974335179e+01 -3.064929336069906896e+01 1.110489227906030218e-01
3.484948910084820284e+01 3.484948910084820284e+01 3.476967305663247743e+01 3.484876962251421162e+01 8.801296026834369568e-02
1.839741522724408895e+01 1.839741522724408895e+01 2.015849306702959964e+01 1.839712784105376642e+01 9.178828143005704487e-02
1.066758229552429782e+01 1.066758229552429782e+01 7.544634260911110779e+00 1.066743182702971993e+01 9.372239211719445018e-02
2.802431636915690305e+01 2.802431636915690305e+01 2.745241547083291067e+01 2.802376884739429386e+01 8.771863357031413344e-02
1.693461973208063043e+01 1.693461973208063043e+01 1.281864987890154417e+01 1.693415822764380252e+01 9.251191627476362811e-02
-1.580122013575878981e+01 -1.580122013575878981e+01 -1.476906982823762604e+01 -1.580060779686287731e+01 1.080598018793104964e-01
1.291489909545174086e+01 1.291489909545174086e+01 1.239789318334088541e+01 1.291436866977906561e+01 8.573384207602654072e+00
7.799911087403092580e+00 7.799911087403092580e+00 1.191534675830387968e+01 7.799985017650590713e+00 8.802921193231957986e+00
1.756505281235811111e+01 1.631523109591971377e+01 2.031299251562850827e+01 2.029683982478142923e+01 8.346998387402628339e+00
6.845357886577932760e+00 4.373280237469315601e+00 9.823442501794980686e+00 1.376107840815322092e+01 8.463031400756875655e+00
3.771677543175470504e+01 3.240840770436107476e+01 3.718753791355214844e+01 2.870889800775671930e+01 8.191242411130195578e+00
9.328059372288187490e+00 5.276331147556411416e+00 6.952731341560455469e+00 3.347142913734067804e+00 9.261366830861927468e+00
1.989046737102351514e+01 1.506367384416823363e+01 1.785384912730855334e+01 1.008110473580610744e+01 9.403425934738171676e+00
2.442753434656362543e+01 1.831456683485151871e+01 1.586073356488646091e+01 1.463483460433656447e+01 9.289497986747951686e+00
2.785180988214396081e+01 1.902809496526408495e+01 2.212424904643575374e+01 7.251143350666826137e+00 1.024134291821447817e+01
2.210768404156979372e+01 1.501448924558121334e+01 1.887725240855374764e+01 1.413729209057224523e+01 9.729959595496472602e+00
3.343003466116796574e+01 2.421796416017041409e+01 3.043580208819416910e+01 2.376044069407436865e+01 9.339790863704028112e+00
1.066178149299905087e+01 1.176955925824765270e+00 5.569297807053059657e+00 6.019375962551113624e+00 1.001160706464659356e+01
