# Treated, TrueCf, Synth (all lag), GL Pred, Error
-1.655645882636666566e-02 -1.655645882636666566e-02 -2.340907783500061345e+00 -1.642555151584712547e-02 1.088659859236365823e-01
1.906005297132803733e+01 1.906005297132803733e+01 1.905665671582954346e+01 1.905992776018545243e+01 8.157048724981617871e-02
6.261653319775881243e+00 6.261653319775881243e+00 8.804223228703049742e+00 6.261841456174089160e+00 1.112869166127525844e-01
1.100805272962924164e+01 1.100805272962924164e+01 1.135796691998941554e+01 1.100816906839209786e+01 9.958561536354194887e-02
8.980490931648491326e+00 8.980490931648491326e+00 8.205491503542088338e+00 8.980387298301398147e+00 9.470035872002473265e-02
1.339644073309621319e+01 1.339644073309621319e+01 9.457611744998853709e+00 1.339631518164961221e+01 8.782104869118034784e-02
2.023548953042961074e+01 2.023548953042961074e+01 2.327926530243671621e+01 2.023602974368550633e+01 1.042564204443498094e-01
1.691626685661660900e+01 1.691626685661660900e+01 1.289905694289369720e+01 1.691584427070544194e+01 7.762284782186779086e-02
9.938448205313797246e+00 9.938448205313797246e+00 7.339068872242187069e+00 9.938639366262387753e+00 9.963174512569632213e-02
2.302574397032426390e+01 2.302574397032426390e+01 2.271703239972944743e+01 2.302564777942185970e+01 8.593356779478326934e-02
2.413124572337065388e+01 2.413124572337065388e+01 2.152798146318582440e+01 2.413086143237664771e+01 7.460378583200165392e-02
4.916508571710825892e-01 4.916508571710825892e-01 2.863103477464503666e+00 4.921925820554244879e-01 1.138895892309707697e-01
2.357068319450634419e+01 2.357068319450634419e+01 1.976284471855551672e+01 2.357053970665519671e+01 8.679546840287213905e-02
2.553850757867490273e+01 2.553850757867490273e+01 2.527884444015230514e+01 2.553854348807508856e+01 8.517480865515528188e-02
1.776227017432237787e+01 1.776227017432237787e+01 1.798653992902639231e+01 1.776205453609821205e+01 8.331878167993383988e-02
1.810244254110539686e+01 1.810244254110539686e+01 2.123675207011012134e+01 1.810242946854453194e+01 9.319585101071882483e-02
9.383791019773415343e+00 9.383791019773415343e+00 1.327955261495613293e+01 9.384527883416344807e+00 1.220149210589486638e-01
1.770199536705224830e+01 1.770199536705224830e+01 1.515099465517245214e+01 1.770164615666660524e+01 7.894510343932611973e-02
-2.113524603076103681e+00 -2.113524603076103681e+00 -2.343274491301777562e+00 -2.112936805116258032e+00 7.632449856771907015e+00
5.739817188846000562e+00 5.739817188846000562e+00 2.193436769553844368e+00 5.739513655445319884e+00 6.143547259460637733e+00
4.198691219669825614e+00 4.444720503123241961e+00 1.195858099287384491e+01 1.564150083277261771e+01 7.145512920686600822e+00
1.827942229709835331e+01 1.693204619747066175e+01 1.296340179147789406e+01 1.825172201350512324e+01 5.980754219952546968e+00
7.554713519505679820e+00 4.457068404099804759e+00 8.247915608066206383e-01 9.323367808506402010e-01 7.886806090151115001e+00
2.672064841398036705e+01 2.181672763564723283e+01 1.696804275494949721e+01 1.498629427518478074e+01 7.380628734821897297e+00
1.861645228802097662e+01 1.349897409703379125e+01 9.665416039274010274e+00 8.230532366916188280e+00 7.914677580805978607e+00
2.060754282852454011e+01 1.599216006064989415e+01 7.623448952565558656e+00 7.801384304416655979e+00 8.124236688095198389e+00
1.234520934337036913e+01 4.766146132220999476e+00 4.746607521552504316e+00 4.711616892061030626e+00 8.468809994679812547e+00
1.426766414616053069e+01 7.740089497309663003e+00 1.069038833741573313e+01 1.003028602319337104e+01 9.866573503949631174e+00
2.333848097970568247e+01 1.585437335383245561e+01 1.673359674334809100e+01 1.971115282860089479e+01 8.294536000607548587e+00
2.288345139791040594e+01 1.300479626842231617e+01 1.526844902204371124e+01 1.660127472908926904e+01 1.016881457098907049e+01
