# Treated, TrueCf, Synth (all lag), GL Pred, Error
3.620391244247871398e+00 3.620391244247871398e+00 5.230345399710526699e+00 3.620396291064429395e+00 1.120252265450692314e-01
1.152834142611582813e+01 1.152834142611582813e+01 1.410936307353618524e+01 1.152838351379442727e+01 1.190518738763952922e-01
3.186246472052407075e+00 3.186246472052407075e+00 3.656181192738977792e+00 3.186210516082139677e+00 1.090010156162711102e-01
-2.950370447169808230e+00 -2.950370447169808230e+00 -1.220651330421139269e+00 -2.950332321088088072e+00 1.209054272400651719e-01
-3.216623113789075283e+00 -3.216623113789075283e+00 9.890511614077562852e-02 -3.216586109812701544e+00 1.231214413449584211e-01
7.697285040018039481e+00 7.697285040018039481e+00 6.831154872069244988e+00 7.697225309887958389e+00 9.384124344255530270e-02
1.286285236031642221e+01 1.286285236031642221e+01 1.438534658012608602e+01 1.286288380047955826e+01 1.176161830219216164e-01
2.015276434403155648e+01 2.015276434403155648e+01 1.833955091328044773e+01 2.015272599752363547e+01 9.560005973901239407e-02
9.866144805548831442e+00 9.866144805548831442e+00 8.335196504569426068e+00 9.866127196297268753e+00 1.060371882251046199e-01
5.940424355960487901e+00 5.940424355960487901e+00 6.573325065066874195e+00 5.940443622328896112e+00 1.098972334743544554e-01
6.686916058174616317e+00 6.686916058174616317e+00 6.918489426760104699e+00 6.686894605668987523e+00 1.078402875024155882e-01
7.926502293900458795e+00 7.926502293900458795e+00 1.108493275702198666e+01 7.926539723309191210e+00 1.184444443507517708e-01
7.943462017603104552e-01 7.943462017603104552e-01 2.165111076198885431e+00 7.943821535362554087e-01 1.183796225871600882e-01
9.150088312316565720e+00 9.150088312316565720e+00 1.040230602590565745e+01 9.150094643114982773e+00 1.132838775860007668e-01
4.076220081805339568e+00 4.076220081805339568e+00 3.553475383407268318e+00 4.076215982443730290e+00 9.947177928018463566e-02
1.423707055999522986e+01 1.423707055999522986e+01 1.614129293018671163e+01 1.423707768480987212e+01 1.102330735818076446e-01
4.924609230482473343e+00 4.924609230482473343e+00 5.484403055903253943e+00 4.924626415587408879e+00 1.037398259292748731e-01
2.459324739934571724e+01 2.459324739934571724e+01 2.167910355956414392e+01 2.459324287029244971e+01 1.033274147450846947e-01
1.396253075924906639e+01 1.396253075924906639e+01 1.170315043873374705e+01 1.396251882890703477e+01 7.361620732582137450e+00
1.715854328251057126e+01 1.715854328251057126e+01 1.452370688374920782e+01 1.715852243530827081e+01 7.086538763967562105e+00
7.006422913863595170e+00 7.082935416044957577e+00 8.495957751143906833e+00 6.807147159220763299e+00 8.032003551496588400e+00
3.341866057993243100e+00 1.225524607413236655e+00 -1.788528465617087726e-01 5.951479916697959283e-01 7.892959392749010483e+00
1.599875126838751704e+01 1.455454939538534731e+01 1.090750930097819094e+01 9.448741645471880446e+00 8.327483439982591662e+00
8.640347570795094967e+00 3.333144670660108666e+00 3.617671469390704164e+00 5.689794599729403934e+00 7.413955875802858309e+00
1.335942906846970324e+01 8.031694308666187609e+00 1.344930939854720719e+01 1.814907497117190260e+01 8.051860437193901987e+00
1.842251783425670908e+01 1.311740931983598912e+01 1.347156550415019183e+01 1.385061505477445287e+01 8.049626330026367071e+00
1.333437482302565513e+01 3.617581217160847462e+00 8.204899395840582699e+00 1.438878196840530777e+01 7.822698624003731283e+00
1.649900348698681185e+01 7.943304040677472422e+00 6.464225500596488594e+00 8.026810458290453809e+00 8.912427722304954614e+00
2.598836591033202481e+01 1.703198546920446077e+01 1.906920234087294830e+01 2.429319568493626136e+01 8.749924760116190470e+00
1.590064785290480387e+01 4.678016449193853177e+00 2.757454054213363204e+00 4.688205798206173114e+00 9.621216836046684762e+00
