# Treated, TrueCf, Synth (all lag), GL Pred, Error
5.719743909228089507e+00 5.719743909228089507e+00 9.356011489947709592e+00 5.720411365404466153e+00 1.118235040651435475e-01
9.873710574857001987e+00 9.873710574857001987e+00 8.888983525028567811e+00 9.873561788167155129e+00 1.001916821938860502e-01
6.547320186568374112e+00 6.547320186568374112e+00 8.196070745615610775e+00 6.547121910285112811e+00 9.535672189543263622e-02
-4.878027409060498698e+00 -4.878027409060498698e+00 -2.251065580114139042e+00 -4.877424040633899338e+00 1.262660750098001106e-01
3.037862075109116766e+00 3.037862075109116766e+00 8.509632777696589656e+00 3.038053996780809118e+00 1.087973682958007365e-01
2.460692148426405623e+01 2.460692148426405623e+01 2.180056566437243504e+01 2.460658739966824982e+01 7.676496456247121347e-02
2.121679825403614927e+01 2.121679825403614927e+01 1.896955512581687131e+01 2.121655788232047612e+01 8.316614454326017036e-02
6.751222047651720182e+00 6.751222047651720182e+00 9.579693564780379589e+00 6.751935183121950956e+00 1.207420031049907250e-01
1.700333064810510919e+01 1.700333064810510919e+01 1.492659844918770951e+01 1.700288088176211332e+01 7.652453206513810946e-02
7.911636003805432971e+00 7.911636003805432971e+00 7.825132063336295296e+00 7.911590881566105793e+00 9.731263167771748990e-02
1.761536656470766715e+01 1.761536656470766715e+01 1.371197909418126493e+01 1.761524373687309719e+01 6.970602426801417173e-02
1.533226306623058122e+01 1.533226306623058122e+01 1.458376793691466311e+01 1.533207756534413413e+01 7.889417545358266837e-02
1.430754938349164362e+01 1.430754938349164362e+01 1.232131778851597659e+01 1.430731265170054201e+01 7.961665591344035953e-02
1.978568201912560909e+01 1.978568201912560909e+01 2.152198011627745444e+01 1.978577770009916392e+01 8.344841837185232314e-02
-8.685317775297434206e-01 -8.685317775297434206e-01 4.072656151006963654e+00 -8.677613924459084416e-01 1.325794214479099065e-01
2.961742749574745304e+01 2.961742749574745304e+01 2.857816811458417305e+01 2.961697480958230955e+01 7.089742583567790191e-02
1.451893324274006325e+01 1.451893324274006325e+01 1.455965820404721711e+01 1.451937275347135348e+01 9.790235057240909144e-02
1.163202153377043402e+01 1.163202153377043402e+01 1.536480467619836432e+01 1.163221333630928811e+01 9.407179938970387789e-02
7.097822059598152933e+00 7.097822059598152933e+00 7.432847515755802270e+00 7.097833398187292531e+00 5.464601554133095007e+00
1.182038923261061569e+01 1.182038923261061569e+01 8.853214098022400336e+00 1.182035066062676876e+01 5.519061913968863031e+00
2.463102168555693083e+01 2.262292352597193812e+01 2.165911110674015561e+01 2.250067804739145316e+01 4.946523263288727712e+00
2.178569278761037964e+01 2.082473928588739653e+01 1.859730848015819049e+01 1.999214869757739166e+01 5.498045024877866283e+00
-3.148544965496543835e+00 -6.588619524752811429e+00 -3.244686860450058052e+00 -1.481569051379886481e+00 7.279226518745455010e+00
1.918192809942504340e+01 1.517949179605273002e+01 1.565537115038703142e+01 1.919154420956604312e+01 5.469705533015170040e+00
1.463530063714465435e+01 9.955232402468437769e+00 7.789547683195227279e+00 1.023817225673444398e+01 7.942432584747938229e+00
1.981481786711411175e+01 1.479715081190027348e+01 2.169757085600490143e+01 2.073404158966016908e+01 5.960565558584709933e+00
2.944980681117015209e+01 2.185520079474359179e+01 2.603516077203320833e+01 1.589994721841118697e+01 7.357919219021213486e+00
1.214156147958660448e+01 5.455136897927598483e+00 1.214782473828671883e+01 8.629235967976086386e+00 8.104423633328291743e+00
1.482472990746849817e+01 5.669593163024557292e+00 1.078580019769944798e+01 9.111971549459449093e+00 7.162408518342555652e+00
7.571634280839631970e+00 -3.956384128743237305e+00 -3.661543030315220992e+00 -2.407568450594039788e+00 9.665254053574489745e+00
