# Treated, TrueCf, Synth (all lag), GL Pred, Error
7.441188528433237970e+00 7.441188528433237970e+00 7.441513480753757293e+00 7.441208384458520619e+00 9.998583392042700857e-02
1.349972851158884879e+01 1.349972851158884879e+01 1.522653731604921745e+01 1.349979456812598855e+01 9.957993058782502183e-02
8.194294442940012857e+00 8.194294442940012857e+00 8.144075566390586829e+00 8.194272753497026329e+00 1.000290495144467301e-01
6.127253132672159097e+00 6.127253132672159097e+00 8.572770588172785367e+00 6.127293631163942322e+00 1.065477048318054093e-01
1.155281313670133869e+01 1.155281313670133869e+01 1.112013496406169999e+01 1.155284868346372384e+01 9.282913117125629610e-02
1.378376778265137759e+01 1.378376778265137759e+01 1.021801089157648335e+01 1.378356272269461869e+01 7.922367713765146591e-02
9.837309546303393049e+00 9.837309546303393049e+00 1.312220997136951794e+01 9.837504873472809663e+00 1.133100226298822677e-01
2.521894145464695924e+01 2.521894145464695924e+01 2.370957339848749257e+01 2.521882277606104594e+01 8.217972990722909044e-02
1.616715574777632725e+01 1.616715574777632725e+01 1.619708052735338910e+01 1.616717210589063924e+01 9.432118713553626355e-02
8.744471607905203170e-01 8.744471607905203170e-01 2.452995139760237642e+00 8.745371456758346262e-01 1.145163221350899846e-01
3.944799104831325121e+00 3.944799104831325121e+00 5.114518750467246910e+00 3.944887946222770836e+00 1.071816758250314638e-01
1.242528690704181038e+01 1.242528690704181038e+01 1.000808712265414613e+01 1.242516493770806640e+01 8.281983287703915952e-02
-1.417228554717756550e+00 -1.417228554717756550e+00 -4.353215469116034075e-02 -1.417038987568185915e+00 1.123491396049905583e-01
1.304292950961504438e+01 1.304292950961504438e+01 1.086769683327698210e+01 1.304283252486916034e+01 8.582631384179359446e-02
1.897954604462702477e+01 1.897954604462702477e+01 1.822177003550831742e+01 1.897944731359938686e+01 8.222549355029649953e-02
1.112532062722643111e+01 1.112532062722643111e+01 9.276998431241970877e+00 1.112535805147270551e+01 9.659160918250066230e-02
1.070423043429720700e+01 1.070423043429720700e+01 1.304933019121843785e+01 1.070430366064883820e+01 1.096711331714755461e-01
1.751840192060597445e+01 1.751840192060597445e+01 1.739251691859062987e+01 1.751838070923949786e+01 9.186440856397946886e-02
1.417579454445703924e+01 1.417579454445703924e+01 1.454554971921459661e+01 1.417588267131156243e+01 6.895156815552576646e+00
9.593794309224639605e+00 9.593794309224639605e+00 1.038723377769762379e+01 9.593725017105672492e+00 7.225750961132886729e+00
6.502277515371592820e+00 6.069653121016255426e+00 3.951475544940208806e+00 7.494911572445346337e+00 6.723913141734416676e+00
1.737974044768689197e+01 1.594515324201590367e+01 1.982841295777278745e+01 1.807884577661875269e+01 7.137469812836007677e+00
1.159071304659536850e+01 5.996714492624256820e+00 -7.257603642737373573e-01 3.050883452699473697e+00 7.792389896214329426e+00
1.166677316993409974e+01 5.006147189767768069e+00 2.689852458547297154e+00 2.640193589910574179e+00 7.740798681587546248e+00
1.963954920662690995e+01 1.353330728056062604e+01 8.548875236716973802e+00 1.075011888504698376e+01 7.159441516968682251e+00
2.206451021107119459e+01 1.591581296131158396e+01 1.301490995052504474e+01 1.102200368559931398e+01 8.153525499965230239e+00
1.339743831212012104e+01 7.412180864625035781e+00 6.098119069761953170e+00 8.311700386211986924e+00 7.942475626343327377e+00
1.660363170093265950e+01 8.902787602800113831e+00 3.333030084082472921e+00 4.629838598189030208e+00 7.827706100594761018e+00
1.385471388961632933e+01 4.076874002022536025e+00 -1.354169217150875237e+00 -5.678245320324440959e-01 8.712506362286141837e+00
2.038329230150787552e+01 1.076070462959894414e+01 8.538291841540891269e+00 8.548089932300271698e+00 8.993127554833497683e+00
