# Treated, TrueCf, Synth (all lag), GL Pred, Error
-3.520450345388264957e+00 -3.520450345388264957e+00 1.478032870070694393e+00 -3.520071661636071880e+00 1.035278868349301801e-01
1.362024108123918786e+01 1.362024108123918786e+01 1.106634698768288416e+01 1.362013588845894141e+01 1.113983796745337540e-01
5.138709625775143230e+00 5.138709625775143230e+00 4.015320404120924280e+00 5.138604890507514789e+00 1.027188370759946207e-01
1.648155503890332341e+01 1.648155503890332341e+01 1.799670633736653613e+01 1.648116232534604109e+01 1.130290845276920864e-01
9.407523117676715785e+00 9.407523117676715785e+00 8.447750105592291447e+00 9.407426053771054342e+00 1.055890335903917343e-01
3.134151131256087019e+00 3.134151131256087019e+00 -1.519014090541911832e+00 3.133691892548789326e+00 1.071383715591261582e-01
1.605172458503272281e+00 1.605172458503272281e+00 -3.439187453248991666e+00 1.605094988772405529e+00 1.029540727456648291e-01
1.193834909115560627e+01 1.193834909115560627e+01 1.061515122719620408e+01 1.193833275731347676e+01 1.017140163063344205e-01
-4.619843465024869311e-01 -4.619843465024869311e-01 -9.899973463160116616e-01 -4.617874209778998207e-01 9.911029552064565262e-02
6.350471794719786622e+00 6.350471794719786622e+00 7.779451628383811546e+00 6.350622460200679775e+00 9.885397154372475848e-02
-8.457286279318942945e+00 -8.457286279318942945e+00 -5.062627978875283929e+00 -8.456850272789477430e+00 1.050743893897693182e-01
-5.395276896747509099e+00 -5.395276896747509099e+00 -3.600072697534384858e+00 -5.394724825403156565e+00 1.073326386016272144e-01
1.312408558897489108e+01 1.312408558897489108e+01 1.243373961594675414e+01 1.312395073415559033e+01 1.048106076578135676e-01
7.249100487288365757e-01 7.249100487288365757e-01 1.766918058033863093e-02 7.248703095643866945e-01 9.864905256289432933e-02
1.196892587165727306e+01 1.196892587165727306e+01 1.053897516669348278e+01 1.196884603527200142e+01 1.026960249192403613e-01
-3.074197135529951996e+00 -3.074197135529951996e+00 -5.093200650264823715e+00 -3.074162450240131239e+00 9.993092545557373529e-02
1.703627550318124761e+01 1.703627550318124761e+01 1.323545093062556433e+01 1.703579559362006535e+01 1.155431992507724714e-01
1.159053053581990156e+01 1.159053053581990156e+01 1.316441082008161345e+01 1.159040376430433028e+01 1.036780410103101679e-01
-8.225862095908182070e+00 -8.225862095908182070e+00 -6.920373536193972441e+00 -8.225628125471303065e+00 7.398690254871266525e+00
8.952625258060773916e+00 8.952625258060773916e+00 7.489552411242561547e+00 8.952632043813968821e+00 7.301327980674558127e+00
1.249174962935111388e+01 1.151292581590029762e+01 8.953322807909820824e+00 9.882493290468197245e-01 7.197398540164558156e+00
-2.738327296567154789e+00 -4.928220085059874300e+00 1.178607337793549509e-01 -4.138886505379185898e+00 7.635803576046328978e+00
2.483473196898677315e+01 2.148462232095149105e+01 2.679959709526512057e+01 1.973288728596019581e+01 7.921022685459568002e+00
1.382084588753046006e+01 1.115667926731751436e+01 1.473546040548765923e+01 2.577749510909504771e+00 7.797279912350232323e+00
-5.088054702616451763e+00 -1.041755749039211487e+01 5.362097182467917555e-01 -2.087223780348021585e+00 8.091489952327885149e+00
2.472754749488940362e+01 2.034307974213315262e+01 1.621308698031323914e+01 1.028047378567766934e+01 8.229177345377795660e+00
3.335771750498333965e+00 -3.449066149319887309e+00 -5.499738452257788346e+00 -4.838867770156555004e+00 8.321465239605437603e+00
1.668000261709687138e+01 7.937005926387848298e+00 8.134200690366567343e+00 6.135824285572073933e+00 8.566194988465287707e+00
3.022071178344622666e+01 2.135992213944192031e+01 1.978929435798273317e+01 1.444514331276457852e+01 8.450364173047441696e+00
2.258259225887762867e+01 1.308694376068476117e+01 1.471555101979071445e+01 4.914307152345142704e+00 8.735703494311659156e+00
