# Treated, TrueCf, Synth (all lag), GL Pred, Error
2.789955496411021230e+01 2.789955496411021230e+01 2.128809947645272516e+01 2.789781786915249029e+01 6.320422277791769294e-02
3.181128569441983700e+01 3.181128569441983700e+01 3.308821641851335471e+01 3.181127082347099844e+01 7.198840154232973021e-02
1.966177075589173029e+01 1.966177075589173029e+01 1.774091202788793709e+01 1.966217826243226341e+01 7.877055374242306063e-02
1.391608489971305396e+01 1.391608489971305396e+01 1.478415489508499014e+01 1.391737380146831526e+01 9.729388753606431350e-02
6.904927893678466155e+00 6.904927893678466155e+00 5.915987341176420777e+00 6.906976336922636683e+00 8.949488038070553542e-02
3.089078686568426590e+01 3.089078686568426590e+01 3.364642301902284061e+01 3.089086815699963040e+01 7.870684677463532508e-02
3.329204149654085398e+01 3.329204149654085398e+01 3.720821892282624077e+01 3.329097558233061704e+01 7.052535542296914373e-02
2.015230227479164782e+01 2.015230227479164782e+01 2.296578874369957290e+01 2.015246458205700009e+01 9.147902478406884363e-02
1.956297644106189182e+01 1.956297644106189182e+01 1.102667157310370349e+01 1.956120375370936415e+01 6.331576305947353434e-02
2.238360700021612715e+01 2.238360700021612715e+01 1.705048837395321826e+01 2.238271276097610496e+01 7.780737695850463431e-02
5.999759426259666739e+00 5.999759426259666739e+00 4.517696906854820504e+00 6.001185661648959169e+00 9.921893964604852623e-02
7.389188161762401119e-01 7.389188161762401119e-01 6.560797477072209283e+00 7.416518230669630896e-01 1.144193947698092795e-01
1.715674850938223628e+01 1.715674850938223628e+01 2.042360099906887783e+01 1.715752929823765882e+01 9.151937458863526609e-02
2.677181509654415237e+01 2.677181509654415237e+01 2.128628500392537859e+01 2.677183394185097853e+01 7.701725952826550536e-02
4.852281526306454928e+00 4.852281526306454928e+00 8.897973652460834160e+00 4.853744247706637260e+00 1.137087310666360929e-01
2.584266345471562332e+01 2.584266345471562332e+01 1.832084141012456868e+01 2.584085259257542333e+01 6.939282750833564162e-02
2.220963652249545106e+01 2.220963652249545106e+01 2.274696501163403539e+01 2.220937918335675931e+01 8.890362188042434666e-02
1.863060701645661155e+01 1.863060701645661155e+01 1.560444511377719223e+01 1.863064008742041722e+01 9.062292215089889913e-02
1.874388822523719611e+01 1.874388822523719611e+01 1.862226341731345869e+01 1.874231653486915405e+01 5.638000462336751895e+00
7.746580539125348608e+00 7.746580539125348608e+00 6.672563662894375192e+00 7.748807336034863269e+00 8.716598226290997786e+00
2.529053473659397255e+01 2.474932071049404669e+01 3.080706206169832129e+01 2.359061439550161055e+01 6.271027400307340294e+00
3.031625289478874663e+01 2.930724894055013863e+01 3.999250629739511709e+01 1.768637721227018744e+01 6.997253547409820307e+00
2.997269703336758084e+01 2.642263117794446359e+01 2.752943078909942187e+01 1.714498268624979005e+01 7.034194792654231421e+00
1.255433191734653953e+01 7.152441777725632832e+00 1.451000772513592807e+01 1.157048618607466395e+01 7.853202014217347759e+00
1.065121866147352669e+01 5.234985730946686289e+00 1.282196462702321504e+01 1.148207455434936897e+01 1.068041524853162905e+01
1.335448338233573118e+01 8.963134910129850752e+00 1.158608534086222086e+01 9.818416783685717242e-01 9.733626161143272171e+00
4.472425804429912688e+01 3.673115774223559526e+01 3.333523879592232220e+01 1.182079432981699796e+01 1.076826352424560795e+01
1.090500925186757186e+01 2.777812628446649779e+00 2.878398973719441312e+00 7.609506709150135606e+00 9.289366106149111957e+00
2.636962883923538925e+01 1.766295064099070800e+01 1.572954074017751402e+01 1.360541575566474748e+01 9.814129872980732472e+00
1.143853528334303604e+01 2.364002132562027292e+00 4.106868626755566964e+00 4.961593064444487666e+00 9.672020784341698985e+00
