# Treated, TrueCf, Synth (all lag), GL Pred, Error
8.732915614975846896e-01 8.732915614975846896e-01 -1.084661858916622368e+00 8.732588878354263784e-01 1.017171541775093585e-01
4.506892603328204849e+00 4.506892603328204849e+00 3.711513496315694383e+00 4.506755658190586544e+00 9.994187634243552332e-02
-2.127094679242115927e+00 -2.127094679242115927e+00 5.233746402551486820e-01 -2.126750053824814302e+00 1.146454414668707789e-01
3.019397403425945647e+00 3.019397403425945647e+00 2.337421234591825492e+00 3.019488691658923862e+00 1.013513837656127015e-01
1.513519134823785883e+01 1.513519134823785883e+01 6.541080236260887304e+00 1.513467669608088961e+01 1.264680833521362457e-01
-1.221231644120675863e+00 -1.221231644120675863e+00 4.532382639294109117e-01 -1.220928413380805821e+00 1.012941425734610462e-01
2.515483596063564864e+00 2.515483596063564864e+00 2.690464201451237880e+00 2.515427712679271899e+00 1.000351569142528541e-01
7.684167074926219421e+00 7.684167074926219421e+00 3.902460498590711424e+00 7.683852478703688149e+00 1.013672670463678788e-01
4.181040050658698659e-01 4.181040050658698659e-01 1.819012378307347966e+00 4.181946449867970372e-01 1.001738699751170553e-01
3.800801773896100855e-01 3.800801773896100855e-01 -4.637392910051688633e-01 3.802490552299211402e-01 1.000459005667487244e-01
-3.523368199489906871e-02 -3.523368199489906871e-02 6.120321965613675363e-01 -3.535442172626979129e-02 1.086549483439429031e-01
-6.591398989539673181e+00 -6.591398989539673181e+00 -3.855489032888478107e+00 -6.590956629627484631e+00 1.366347677060603949e-01
8.013060027580114486e-01 8.013060027580114486e-01 1.449987139204923947e+00 8.014288504172562000e-01 1.043603403010137376e-01
5.852298278488546224e+00 5.852298278488546224e+00 4.261921316732271592e+00 5.852063998166752157e+00 1.022253110049774344e-01
1.972996231657390798e+00 1.972996231657390798e+00 4.410270291092134975e+00 1.972898307781046245e+00 9.987518409031660716e-02
1.202747581180211967e+00 1.202747581180211967e+00 1.967922279074165948e+00 1.202893030399716068e+00 1.009307505287132117e-01
4.428423194006863461e+00 4.428423194006863461e+00 9.667010586342945633e-01 4.428321548888167314e+00 9.988082546100492121e-02
-7.100556534340489723e-01 -7.100556534340489723e-01 4.510656997626009357e+00 -7.100209576676141943e-01 1.000077872534229362e-01
-3.225509117716352847e+00 -3.225509117716352847e+00 2.904782412071003961e+00 -3.225430729418588438e+00 7.695013843380920981e+00
2.313577677523940945e+00 2.313577677523940945e+00 2.751796539753867954e+00 2.313510788095746395e+00 8.413294828509192413e+00
1.312663605158876479e+00 2.071768266637345590e+00 1.419721948536829981e+00 4.429710996506439180e+00 8.899665239432149377e+00
1.239209548450174170e-01 -2.197862823906833185e+00 -4.169885918422238102e-01 8.337839259923066848e+00 9.061034952852152102e+00
8.989798428419884857e+00 8.467224365786574225e+00 -1.930051279076587800e+00 7.311587140062004053e+00 9.031698457010083558e+00
9.478713581185306936e+00 7.476470512638629273e+00 1.257324104845038981e+00 1.047069511910129158e+01 9.671401377302219160e+00
1.022441267565251088e+01 6.491412380459400389e+00 -1.053742841747169701e+00 1.097091717536172695e+01 9.702851002948978731e+00
2.538285793389854827e+00 -2.876641182021735244e+00 1.692150655093938028e-01 6.921041798554892210e+00 9.671734442213065108e+00
4.724142146861412428e+00 -1.257043212531453680e+00 -3.969231936779660241e-01 1.091612113152434027e+01 9.637935698632958292e+00
1.164082852864653361e+01 1.656901044630048059e+00 9.382782629677984820e-01 7.977698060551727366e+00 9.849634216083474669e+00
7.947200828704301223e+00 7.571177313770538486e-01 2.992167327751069639e+00 5.263975906469851473e+00 9.995892165618826652e+00
1.813797127700889789e+01 6.940572277961910785e+00 7.355028364324189383e+00 5.741168818031918697e+00 9.978991999049016570e+00
