# Treated, TrueCf, Synth (all lag), GL Pred, Error
-6.037102054323842282e+00 -6.037102054323842282e+00 -1.607760302994492907e+00 -6.036117937212125639e+00 1.482382365056809093e-01
-9.969637780819143202e+00 -9.969637780819143202e+00 -5.938788981716383475e+00 -9.969247234701327898e+00 1.646787026366632600e-01
-1.107775251597153421e+01 -1.107775251597153421e+01 -5.676567303939451747e+00 -1.107420483251386401e+01 1.626428292227688477e-01
1.000033077716551055e+01 1.000033077716551055e+01 4.803436850897185195e+00 9.998667618460654438e+00 8.182046034778807375e-02
-2.518245724931167384e-01 -2.518245724931167384e-01 -4.791083365302726271e+00 -2.521993410180112249e-01 1.374754024934775054e-01
-9.947640180152106382e+00 -9.947640180152106382e+00 -1.008959074052540039e+00 -9.945974643758853873e+00 1.579699379908593160e-01
-1.633553580717904019e+00 -1.633553580717904019e+00 -1.900008024479534763e+00 -1.633522028076555443e+00 1.443214431058244263e-01
2.453106611513402591e+00 2.453106611513402591e+00 -2.515596340722518587e+00 2.451044596123116648e+00 9.047864081552320359e-02
-1.197843554044338887e+01 -1.197843554044338887e+01 -2.184412246274961777e+00 -1.197531643904511256e+01 1.646469112807156798e-01
-3.726032617891710697e+00 -3.726032617891710697e+00 -3.350237319887820586e+00 -3.727499385546475530e+00 1.310324614555190004e-01
-2.245673631104586621e-01 -2.245673631104586621e-01 3.524779405886468098e+00 -2.255887165045895593e-01 9.614121402979509956e-02
-7.882571788468273333e+00 -7.882571788468273333e+00 -1.189357555141960621e+00 -7.881284136681314223e+00 1.447982437886070894e-01
-8.443648053390896635e+00 -8.443648053390896635e+00 -3.087759504249104836e+00 -8.442566444409134618e+00 1.584946856942370808e-01
-1.508978318729723789e+01 -1.508978318729723789e+01 5.700094210663002592e-01 -1.508795202002677627e+01 1.720530840825928165e-01
5.055025888252135502e+00 5.055025888252135502e+00 5.097491518869943228e+00 5.053173512518307042e+00 8.136885882479076570e-02
2.347956245182565571e-02 2.347956245182565571e-02 -1.777561589571768463e+00 2.327085211346613391e-02 1.362614943258209921e-01
-1.033559460274797104e+01 -1.033559460274797104e+01 -8.650873013559413849e+00 -1.033487827745899779e+01 1.631271698752549681e-01
-4.432879804735991414e+00 -4.432879804735991414e+00 3.971127307198416112e+00 -4.433145468795640198e+00 1.486012486695907353e-01
-1.075376581373568996e+01 -1.075376581373568996e+01 -4.322525338914807169e-01 -1.074954964411486102e+01 1.263975536656532661e+01
5.890265329886907875e-01 5.890265329886907875e-01 5.634375709440967661e+00 5.884154691676055648e-01 9.303649951920984762e+00
-6.350364000882835036e+00 -5.802224274193870990e+00 -6.643174215565728957e+00 -6.760688895910121232e+00 1.217199780038878032e+01
-3.735786348765293141e+00 -5.424431214923941980e+00 -4.400495984040634134e+00 3.866824628835418665e+00 1.069068657997011762e+01
-4.436962360839424413e+00 -9.180468822484092684e+00 -1.944713325029417517e+00 1.971316312718727204e-01 1.211417919798770626e+01
-1.041194156007332117e+00 -4.640171427229209833e+00 -4.499364138181922712e+00 -5.274478710673051296e+00 1.398763594652466047e+01
-2.932603182628910510e+00 -7.221992398423242143e+00 -1.354377595691377500e+00 5.937802715086476724e+00 1.301277588309509348e+01
3.781496455386078814e+00 -1.088426128445683760e+00 -3.951595897928116052e+00 1.316212019734464000e+00 1.200940377591061292e+01
5.177260680572037366e+00 -2.444510323958963394e+00 -7.173346302812155351e+00 1.121119791256607989e+01 1.116238615085278951e+01
-6.093675589438841911e+00 -1.470111564558594885e+01 -3.601732192082057082e+00 8.893270263702362399e+00 1.326951621896129296e+01
7.373022500699430104e+00 -2.143511183040407442e+00 -2.931064075849198147e+00 4.732839813137131202e+00 1.377963691620938214e+01
1.442224066653717607e+00 -8.985465756139516813e+00 -6.271942719649509002e+00 4.408176287937388693e+00 1.393174475496816100e+01
