# Treated, TrueCf, Synth (all lag), GL Pred, Error
1.677451884690405848e+00 1.677451884690405848e+00 3.220123863366104011e+00 1.677340286522569945e+00 1.000506134551788773e-01
1.110229376633840559e+01 1.110229376633840559e+01 8.910983769107321706e+00 1.110245409179029075e+01 1.151992323473811641e-01
4.049212742957182698e+00 4.049212742957182698e+00 2.496230923204176833e+00 4.049199805763162630e+00 9.956422440521019157e-02
7.231986440727032672e+00 7.231986440727032672e+00 5.463447307599220260e+00 7.231834719922394683e+00 1.065001312810612832e-01
4.950101592488318936e+00 4.950101592488318936e+00 2.162060144420693497e+00 4.950043266000582420e+00 1.007030842136511228e-01
4.272791115866871436e+00 4.272791115866871436e+00 8.093868519756480140e+00 4.273444845587917484e+00 2.018714594457416966e-01
1.126850300731281074e+01 1.126850300731281074e+01 1.125780139120661261e+01 1.126846723464559830e+01 1.014976189720909888e-01
3.605550165588979450e+00 3.605550165588979450e+00 4.122183444441827938e+00 3.605561767081185032e+00 1.000955238043882978e-01
4.096749588170870204e+00 4.096749588170870204e+00 4.651760624750630235e+00 4.096734332698829029e+00 1.060016316108317175e-01
1.046062129284372233e+01 1.046062129284372233e+01 4.514261501518184616e+00 1.046043445731064025e+01 1.271554076942617573e-01
2.051574990758279871e+00 2.051574990758279871e+00 2.983364374139556130e+00 2.051654569802815686e+00 1.130314431013044602e-01
8.866926309451535815e+00 8.866926309451535815e+00 1.027252967958715679e+01 8.866939253984234881e+00 1.005259416462629812e-01
1.158548356503625598e+01 1.158548356503625598e+01 8.790513368122249815e+00 1.158550020544605808e+01 9.964560518821954926e-02
8.845245588653604329e+00 8.845245588653604329e+00 1.055245207897908521e+01 8.845455838159736572e+00 1.335362565947260938e-01
8.568290639767365491e+00 8.568290639767365491e+00 1.369171980924651866e+00 8.568009182483443453e+00 1.379647961174306214e-01
6.366771450819759259e+00 6.366771450819759259e+00 6.899559901078288426e+00 6.366838625620144576e+00 1.003239752076712232e-01
-4.030615293680743783e+00 -4.030615293680743783e+00 3.530859796323743360e+00 -4.030343041383668279e+00 1.345179126766286037e-01
1.305414767611931026e+01 1.305414767611931026e+01 4.878116559953430631e+00 1.305388449505096204e+01 1.277940659510503341e-01
1.363573577461005826e+01 1.363573577461005826e+01 9.985709837695718960e+00 1.363541644403346353e+01 7.737252838861488513e+00
-2.313219913655716553e+00 -2.313219913655716553e+00 1.313538648704144496e+00 -2.312962084724656364e+00 7.460840797878677044e+00
-1.504610426282369184e+00 -1.222649632429394062e+00 2.504441643591626576e+00 4.346944717243541589e+00 6.542550868639184003e+00
1.231214446691629405e+01 1.012641833626895149e+01 4.096762313842794434e+00 3.387812502970667605e+00 6.529998505313434620e+00
-4.066946542179350477e-01 -3.734435422378977520e+00 2.738545805035331321e-02 2.290869404994672287e+00 6.644038766211322056e+00
1.237268394804826421e+01 8.361658755206120119e+00 7.892677101155708641e+00 6.427362928518688179e+00 7.018457687081846252e+00
1.236689245360673439e+01 7.210081511091434692e+00 1.008409782595794013e+01 9.791039681732815581e+00 7.051849262255475814e+00
7.616135830198817125e+00 1.090514784464332809e+00 1.398522556273182227e+00 7.016400274074888088e+00 7.466747177028721261e+00
1.638013679608774709e+01 9.586899682668425626e+00 1.082922168786959105e+01 1.951554079187501500e+01 7.452238486627074998e+00
5.630802735836623718e+00 -2.927471323613768384e+00 -1.804900375071452734e+00 3.855831116740529030e+00 7.442265807124576860e+00
1.432563151266749202e+01 5.351245214009557216e+00 4.940154983011916023e+00 6.874999533027454923e+00 7.510812188242436349e+00
1.497079791738656596e+01 5.052617854428946842e+00 2.453852114700137310e+00 6.099881420760689288e+00 8.396571404707916741e+00
