# Treated, TrueCf, Synth (all lag), GL Pred, Error
6.383234918234580668e+00 6.383234918234580668e+00 4.384366091248542929e+00 6.383224171446784112e+00 1.123443744592530491e-01
1.191049079874182626e+00 1.191049079874182626e+00 6.277209342412625404e+00 1.190841834134218846e+00 1.136817995712328111e-01
-4.803603515042749628e+00 -4.803603515042749628e+00 -2.330148651030626183e+00 -4.803221625472687606e+00 1.543202073292659071e-01
-6.070648746101389825e+00 -6.070648746101389825e+00 -6.638560334052547862e-01 -6.070256256514197091e+00 1.447393651894672006e-01
-1.597987169303566723e+01 -1.597987169303566723e+01 -4.709007404887875836e+00 -1.597904719214908908e+01 1.495425866548687199e-01
1.812796488169200870e+01 1.812796488169200870e+01 1.687169663351283688e+01 1.812776322443122723e+01 1.009080726329386890e-01
1.663639177265248392e+01 1.663639177265248392e+01 1.933837262779562138e+01 1.663576643424713453e+01 8.184024910470835690e-02
-3.114062406241631997e+00 -3.114062406241631997e+00 -1.871800615652059019e+00 -3.114238359087727837e+00 1.217345962973695045e-01
-2.619409274216302763e-01 -2.619409274216302763e-01 4.408961744935863791e+00 -2.616198134913787499e-01 1.466339204089849579e-01
2.713494968858534584e+00 2.713494968858534584e+00 3.375697302361418295e+00 2.713862739086014386e+00 1.382553809429505343e-01
-1.465544301387313730e+01 -1.465544301387313730e+01 -7.427943595031046620e+00 -1.465376088286756584e+01 1.694598960219705353e-01
7.185220869953814038e+00 7.185220869953814038e+00 4.374733717238353137e+00 7.185015624497912867e+00 1.096408548007599543e-01
1.579590381972947455e+01 1.579590381972947455e+01 9.081243485199017584e+00 1.579509776206211846e+01 7.127858337937732769e-02
9.194492676704490108e+00 9.194492676704490108e+00 1.255110141863407236e+01 9.194610483205813978e+00 1.131753869885041702e-01
-6.538520221755506512e+00 -6.538520221755506512e+00 -1.841342268359616452e-01 -6.537270751508039268e+00 1.513502496969492683e-01
-1.185901527112629772e+01 -1.185901527112629772e+01 -8.938446463291061406e+00 -1.185880056253304460e+01 1.306579094307216693e-01
8.615752683763071573e+00 8.615752683763071573e+00 1.034145723263699601e+01 8.615536532505991829e+00 1.162423053383180027e-01
-6.737535691371903113e+00 -6.737535691371903113e+00 -2.467419483241531930e-01 -6.737253390368485029e+00 1.397968996368508243e-01
1.698290346188836963e+01 1.698290346188836963e+01 1.593099946172262982e+01 1.698229126870685946e+01 6.056185162031431979e+00
1.189266325243380606e+01 1.189266325243380606e+01 8.348069891605447879e+00 1.189299052755728248e+01 1.066047502165926986e+01
1.420160750945698069e+01 1.134730082548385255e+01 1.139169638648377081e+01 6.641333845865058372e+00 9.087750097491493761e+00
2.285503099371670999e+01 2.225841342039566229e+01 1.997483721773834375e+01 1.156305870031399152e+01 1.041644775990194738e+01
-4.291175540029801283e+00 -6.466254871598994924e+00 1.391370608644764362e+00 -8.083141508898588512e+00 1.002015962998416398e+01
2.376362808912692515e+01 1.969467042826367731e+01 1.488829551088944214e+01 2.293788171139149767e+01 7.909073527567330508e+00
1.210028156462053772e+01 6.785041344984555245e+00 5.250107488592904659e+00 1.493975989135070126e+00 8.258271033346435530e+00
-9.102320329771121266e+00 -1.575328624665514532e+01 -4.950044472974271415e+00 7.700550564970527034e+00 1.008630647214852871e+01
1.450064534173013620e+01 6.876797009034960162e+00 9.500255869303042999e+00 1.906705678670536841e+01 1.045094180103397719e+01
2.756642488027087978e+01 1.876308951992919560e+01 1.412440282652331014e+01 1.888235515434423206e+01 9.880129824898441271e+00
1.308688032039303906e+01 4.642526197663261911e+00 4.121654679474419325e+00 6.273059020992417523e+00 1.020224997596329963e+01
8.744633514342543990e+00 -4.116956530600510700e-01 6.224279295095778153e+00 7.146570776773472744e+00 8.478868196927582090e+00
