# Treated, TrueCf, Synth (all lag), GL Pred, Error
8.275883680248705687e+00 8.275883680248705687e+00 6.775814275949961107e+00 8.275850959593416434e+00 9.928617478750678682e-02
1.128871097245469812e+01 1.128871097245469812e+01 1.322485955787502299e+01 1.128872618749398171e+01 1.001012114680178283e-01
3.352183308515535032e+00 3.352183308515535032e+00 1.006009068264150041e+00 3.352199804765543689e+00 1.040736839654126111e-01
1.595516702382572127e+01 1.595516702382572127e+01 1.498185132770176153e+01 1.595509988458675465e+01 1.003161300598611333e-01
1.557147168640737611e+01 1.557147168640737611e+01 1.566928944188351025e+01 1.557149713287742010e+01 1.016462692137167501e-01
9.988240201380468974e+00 9.988240201380468974e+00 1.255098330683948760e+01 9.988354275986512931e+00 1.053535984975079859e-01
1.815051574613502083e+01 1.815051574613502083e+01 1.634189136463700009e+01 1.815050607630628576e+01 9.967900043025083867e-02
7.923274520670950061e+00 7.923274520670950061e+00 7.800585705925517033e+00 7.923270250231831291e+00 1.011508333857559783e-01
1.509308408454935879e+01 1.509308408454935879e+01 1.436878446122380026e+01 1.509296630677518891e+01 9.501595321692864193e-02
6.613709561030936435e+00 6.613709561030936435e+00 5.268103104393447644e+00 6.613736807415591556e+00 1.029089066639040373e-01
9.303432396831084361e+00 9.303432396831084361e+00 1.055599652579366499e+01 9.303503760107279419e+00 1.028547773132607313e-01
4.378621523445342945e+00 4.378621523445342945e+00 5.040962071265872702e+00 4.378554797616777350e+00 1.009695152792727257e-01
3.281701790118782824e-01 3.281701790118782824e-01 7.744296356736077858e-01 3.282438774600486830e-01 1.032663683605611338e-01
3.329560626962371206e+00 3.329560626962371206e+00 4.546720462937304141e+00 3.329644622414619448e+00 1.045304180406766703e-01
-2.148100871011891400e+00 -2.148100871011891400e+00 -3.004221008702770312e+00 -2.148218534066837826e+00 9.581281025497598303e-02
1.850311528174197662e+01 1.850311528174197662e+01 1.461578621468020778e+01 1.850300800085573627e+01 9.592024595498424566e-02
3.291629865617045070e+00 3.291629865617045070e+00 5.689690397844021419e+00 3.291659841135266440e+00 1.041235817854787998e-01
-5.746234096667702795e-01 -5.746234096667702795e-01 2.226420699310911022e+00 -5.744999705497715325e-01 1.054073558603363797e-01
1.104792716672389763e-01 1.104792716672389763e-01 5.171729749437480983e+00 1.106175346603315290e-01 8.829167170412938859e+00
1.225191152759579616e+01 1.225191152759579616e+01 1.160415458497623931e+01 1.225178027566738237e+01 8.055123530527422915e+00
2.190572304180395236e+01 2.036670070386618647e+01 2.217542084709331007e+01 1.512067553159302236e+01 9.807182988110191957e+00
1.292881106437709882e+01 1.221970949958740427e+01 1.156828619687419213e+01 5.286888149257019442e+00 9.658619420169131331e+00
1.613121653737101013e+01 1.285196859661045998e+01 1.503364786007800546e+01 1.192152596403343168e+01 1.022864854582078031e+01
8.231716082820852876e+00 4.900920948427168078e+00 5.693444117270145099e+00 4.587828025419597999e+00 1.054420985582166814e+01
5.494452357053129177e+00 1.858319309597433744e-01 3.865426208992151835e+00 1.308110988394152585e+01 1.047264748031462922e+01
2.683753543691135235e+01 1.913536664711599045e+01 1.413120128677077680e+01 1.142362448684790088e+01 1.167570525715072982e+01
1.605943739422894723e+01 9.032123015327895743e+00 3.101688994688041490e+00 1.075794338621831159e+01 1.088047157197246584e+01
2.681633594871312454e+01 1.801491541194903334e+01 2.237293970853593805e+01 1.140053836296586098e+01 1.201047969682391603e+01
8.456718598486759220e+00 7.047678435208664105e-01 7.599039854820488493e+00 5.440121000059303213e+00 1.147732343377590603e+01
1.740495981754698462e+01 8.692195710988794843e+00 9.512043418556068275e+00 6.859154122520434882e+00 1.140361103461871295e+01
