# Treated, TrueCf, Synth (all lag), GL Pred, Error
8.591208554697100652e+00 8.591208554697100652e+00 7.446207730122066160e+00 8.591160424354455927e+00 1.097557012057159692e-01
-1.067803259377155145e+00 -1.067803259377155145e+00 6.737109831985599318e-01 -1.067376221516290968e+00 1.493325981098115041e-01
3.551095747582430739e+00 3.551095747582430739e+00 7.959618624652295971e-01 3.551032490842982892e+00 9.448339021749085909e-02
1.581885936397281434e+01 1.581885936397281434e+01 1.624205654348617145e+01 1.581883627714930896e+01 1.167602567643915012e-01
5.256814843403651238e+00 5.256814843403651238e+00 3.027202195628921011e+00 5.256875758685190192e+00 1.420950368271839959e-01
-4.930936115720758295e+00 -4.930936115720758295e+00 -2.748271259860167515e+00 -4.930769638210142247e+00 1.448997285074973274e-01
4.661821650101103387e+00 4.661821650101103387e+00 2.568433722466546776e+00 4.661762513499439819e+00 1.008931372875713356e-01
2.016156777575137227e+00 2.016156777575137227e+00 4.976551589320657776e+00 2.016294929977611616e+00 1.160153241500324200e-01
6.863333344623481658e+00 6.863333344623481658e+00 4.568005146645785608e+00 6.863554360688947753e+00 1.306491944069873012e-01
1.598453718700881332e+01 1.598453718700881332e+01 1.601996591496520495e+01 1.598424503398627294e+01 6.569235810439784384e-02
8.535635061552898861e+00 8.535635061552898861e+00 1.000524657226508118e+01 8.535515482650501085e+00 8.235853150193436778e-02
7.551553303505961878e+00 7.551553303505961878e+00 5.003729026385112633e+00 7.551701900333168460e+00 1.149435949557120196e-01
-7.742081835300181680e+00 -7.742081835300181680e+00 -4.726991875930884213e+00 -7.741797006018479976e+00 1.269414223793645935e-01
4.773292650078723831e+00 4.773292650078723831e+00 2.869361597197902292e+00 4.773065311351111895e+00 8.276274976619577006e-02
-3.670445697904433757e+00 -3.670445697904433757e+00 -4.318810817972913441e+00 -3.670517952476764378e+00 1.135854121178580950e-01
3.043293264518593055e+00 3.043293264518593055e+00 5.466718072733115719e+00 3.043398402732885089e+00 1.368363729683777785e-01
2.957916288353056089e+00 2.957916288353056089e+00 3.628732406588197623e+00 2.958205261494939009e+00 1.277010615023666529e-01
9.848021846113056199e+00 9.848021846113056199e+00 1.146289301560034168e+01 9.848411638451356254e+00 1.434666231380776480e-01
-7.515198066641848307e-02 -7.515198066641848307e-02 7.145665352962207173e-01 -7.525128544193304680e-02 1.022455551356107861e+01
1.872257026052193041e+01 1.872257026052193041e+01 1.766580094240527998e+01 1.872234712174156002e+01 7.608860362885164541e+00
1.118458825915519128e+01 1.063361359007353180e+01 1.043383618899590459e+01 1.359606486236636158e+01 9.798281196236489521e+00
7.870383905669685376e+00 6.499357921707871633e+00 5.889359206614106945e+00 8.427852949542852912e+00 8.939261220353788673e+00
1.535000198732382870e+01 1.448741788711815737e+01 8.588774923453534882e+00 1.827713034746936316e+01 1.073436913229829237e+01
1.304650044485195792e+01 8.907701599204434828e+00 7.482414663003733146e+00 1.501979091583823411e+01 1.002669576908123972e+01
5.693338713513651506e+00 1.524341399864120872e-01 -1.450358405875147749e+00 -2.368237169995168756e-01 1.368926295114679981e+01
1.613594294144433405e+01 1.006097145161534456e+01 7.174190125373607785e+00 2.136045816159601074e+01 1.100106783380142517e+01
7.634920539347634261e+00 -4.385037861960933148e-02 -1.709117690278184609e+00 4.421191984202320846e+00 1.156921825241237300e+01
2.130861278809031134e+01 1.359159087802004784e+01 1.365261013834142645e+01 2.051296160037534122e+01 1.233951367816810318e+01
1.057535413244834999e+01 2.544343095972165791e-01 4.712192362175345650e+00 5.293936129966851034e+00 1.241001814551491300e+01
1.739802258585650563e+01 6.773171739531719915e+00 9.264503352735260933e+00 1.783619800978749836e+01 1.089169067159546245e+01
