# Treated, TrueCf, Synth (all lag), GL Pred, Error
3.126800473189808915e+00 3.126800473189808915e+00 3.434804011850799199e+00 3.126837295960375407e+00 1.187886759217737370e-01
2.981235502721978747e+01 2.981235502721978747e+01 2.867942807174896203e+01 2.981121747365524044e+01 6.670944988161219003e-02
-3.315249831039142059e+00 -3.315249831039142059e+00 -1.769106163696248624e+00 -3.315380516321791760e+00 1.165723682980519260e-01
-4.442861092913468646e+00 -4.442861092913468646e+00 2.204518144929104917e+00 -4.441895819597130313e+00 1.269526585414092745e-01
1.288969024024974530e+01 1.288969024024974530e+01 8.382327424559081308e+00 1.288926369547040807e+01 9.652750539276963582e-02
-7.134314486909371311e+00 -7.134314486909371311e+00 -1.996913237739690095e+00 -7.133386187370859055e+00 1.358245947016772648e-01
-1.144690486767738324e+00 -1.144690486767738324e+00 2.924099645992561225e+00 -1.144381278093361765e+00 1.177528173233152453e-01
1.426631082606752976e+00 1.426631082606752976e+00 -7.014258820905164837e-01 1.427630434731175235e+00 1.151837672505340998e-01
2.782692597264257373e+01 2.782692597264257373e+01 2.748488195124745204e+01 2.782627245548949446e+01 7.012745075769288849e-02
1.058280328275276716e+01 1.058280328275276716e+01 1.211496764662507886e+01 1.058344237562597989e+01 1.066567551945847431e-01
1.720891610606030397e+01 1.720891610606030397e+01 1.960230095995637001e+01 1.720963497625238858e+01 1.214709627965946948e-01
2.526659622406770556e-01 2.526659622406770556e-01 2.738165560751733008e+00 2.530279276895116003e-01 9.823384389474502931e-02
1.731093243043611674e+00 1.731093243043611674e+00 2.379992747513651086e+00 1.731084640185195367e+00 9.454072154318141075e-02
8.171782161248980492e-01 8.171782161248980492e-01 6.989873824205642627e+00 8.190443328554763980e-01 1.417677900273287273e-01
8.116415163772618513e+00 8.116415163772618513e+00 9.680591339732618650e+00 8.116047392012966100e+00 9.029412210481171930e-02
2.332748938262978911e+01 2.332748938262978911e+01 2.465369505325886124e+01 2.332692001423676942e+01 6.847899825174336153e-02
2.062152316873230973e+01 2.062152316873230973e+01 1.403489934619933166e+01 2.062078129096735069e+01 7.420842660412912961e-02
1.407362698603196627e+01 1.407362698603196627e+01 1.227220634157831469e+01 1.407357844473915875e+01 9.325280087329701484e-02
8.259695218147596663e+00 8.259695218147596663e+00 5.679082973522635136e+00 8.259831521264647591e+00 8.995682469889716870e+00
1.678250256895702464e+01 1.678250256895702464e+01 1.334004156976084410e+01 1.678201560875124443e+01 5.306102830251457902e+00
1.677806915868636040e+01 1.700739127027686592e+01 1.033702135285316714e+01 1.538451955152342521e+01 5.446817447076866436e+00
-6.386521303048640519e+00 -6.051485644164509736e+00 -2.125262086146806784e+00 1.142296198180113009e+01 7.469090422485858305e+00
1.516656289380142653e+01 1.160310155819625777e+01 1.718452100634678104e+01 2.031586933802958939e+01 6.719223241306750971e+00
1.364683566705128293e+01 9.543975201194063729e+00 7.515809683006706265e+00 1.563681499707489131e+01 5.991922498100020533e+00
9.390669126988425930e+00 3.966021964247471221e+00 1.229706408619276381e+00 9.595846261269121769e+00 6.021013761608399406e+00
1.083226400956695024e+01 5.286099365165965125e+00 -2.784005911290517776e+00 7.043510257999743729e+00 7.151451577039894758e+00
2.731351105897983800e+01 1.935662915991095545e+01 2.162590116433328191e+01 1.743743692198989592e+01 7.129818068219718974e+00
3.527502739671015775e+01 2.626967520372275544e+01 1.694861890570048146e+01 2.176093808453601497e+01 6.569089234896827278e+00
1.853283190570429539e+01 1.174413627061419518e+01 1.255491324543159770e+01 1.623119653070809321e+01 6.367971008450004078e+00
4.243971730862650560e+00 -6.693745075488024554e+00 -1.322828631003669653e-01 1.783330002749964294e+01 7.441384995002975344e+00
