# Treated, TrueCf, Synth (all lag), GL Pred, Error
7.100074656245399574e+00 7.100074656245399574e+00 6.727354578659623385e+00 7.100113498842795856e+00 1.070595845141036340e-01
5.205313605587614134e+00 5.205313605587614134e+00 4.207545403351497626e+00 5.205232694457674114e+00 9.785054457978584197e-02
8.104348290819352485e+00 8.104348290819352485e+00 8.742018956148209341e+00 8.104378983021549132e+00 1.131303271439734054e-01
4.646879043850522528e+00 4.646879043850522528e+00 8.753494257960106495e+00 4.647023209086105666e+00 1.283242301097599625e-01
1.899766867667343107e+01 1.899766867667343107e+01 1.533399601819380287e+01 1.899758197195513532e+01 8.725319423862208656e-02
6.023907806648443497e+00 6.023907806648443497e+00 7.701488159569032987e+00 6.023919906243550670e+00 1.122225084905749681e-01
-2.371991469518202056e-01 -2.371991469518202056e-01 1.700155477918583902e+00 -2.371755326155811083e-01 1.120644569457073109e-01
7.851384754743036432e+00 7.851384754743036432e+00 1.085662370540254962e+01 7.851440735445119223e+00 1.172958428194589425e-01
1.922165528093990261e+01 1.922165528093990261e+01 1.553355414516503075e+01 1.922156557656741072e+01 9.093095304202208906e-02
9.171826258017290456e+00 9.171826258017290456e+00 8.452915048279512789e+00 9.171832412110932253e+00 1.085239707846961943e-01
2.180286996817522027e-01 2.180286996817522027e-01 -1.927207120509151494e-02 2.180614546300031487e-01 1.037802068915135018e-01
-5.645198551195385051e-03 -5.645198551195385051e-03 -3.111308934213783406e-01 -5.712967995000983734e-03 9.492708378415504189e-02
1.488279298671198125e+00 1.488279298671198125e+00 4.232746576294704965e+00 1.488321203256228742e+00 1.190467126415413190e-01
8.948378342608306113e+00 8.948378342608306113e+00 9.736338681663367467e+00 8.948400652396603761e+00 1.143273431562391446e-01
1.712293177663308796e+01 1.712293177663308796e+01 1.873392562833740982e+01 1.712302786890359840e+01 1.240410994914954851e-01
6.180594201879632266e+00 6.180594201879632266e+00 6.125092209110386321e+00 6.180565680484894742e+00 9.957489059258473052e-02
1.080616856146859739e+01 1.080616856146859739e+01 8.417788307359570510e+00 1.080610794880676018e+01 9.114012946524564784e-02
-4.118023704434449428e+00 -4.118023704434449428e+00 8.248844149676823889e-01 -4.117883217702834386e+00 1.240055514354891780e-01
8.534971276092308656e+00 8.534971276092308656e+00 8.228144054328407009e+00 8.534936136599347023e+00 7.859132421738254770e+00
-2.063727746374071637e-01 -2.063727746374071637e-01 -1.826685101838027236e+00 -2.064083963929867760e-01 7.461807047799666748e+00
9.112762810463804541e+00 9.075061659900976352e+00 1.010486234340590705e+01 1.306943367642677245e+01 7.054268185682504466e+00
1.016814855673103501e+01 8.127106117033022770e+00 1.078582285312850431e+01 1.147120987616805898e+01 7.832950993939881812e+00
9.534668161210580806e+00 5.398708105078570796e+00 7.932521738468921058e+00 8.920395885740305175e+00 8.029197789407518826e+00
1.019250940636530522e+01 7.046301808054687754e+00 3.362423993274338940e+00 3.842603086823118907e+00 8.400090510916824016e+00
1.188065934003442692e+01 7.578929716313581366e+00 1.896700177026367173e+00 2.922844762619608350e+00 8.196142200857666538e+00
1.148246825284793893e+01 6.347009728479537927e+00 7.867704420585121206e+00 8.216700039788388921e+00 8.574449074813852434e+00
1.706345934823173138e+01 1.074113882647845664e+01 1.197697497455748561e+01 1.174893243045829294e+01 9.279648333561237195e+00
1.833848826725454373e+01 8.987591323912090147e+00 7.958042363686483434e+00 8.725369503027922136e+00 8.978149076607570223e+00
1.400191343388152276e+01 5.378050856388597367e+00 7.162452226894099994e+00 9.979557379357551383e+00 8.626083215328874232e+00
1.758133986236702384e+01 8.533277621242058686e+00 1.181608669169354897e+01 1.388713942272251067e+01 8.169773034716167004e+00
