# Treated, TrueCf, Synth (all lag), GL Pred, Error
1.680357995286922090e+01 1.680357995286922090e+01 1.574888335664871342e+01 1.680366002954468030e+01 1.051963777329069510e-01
6.376308773423535747e+00 6.376308773423535747e+00 7.117564513586642327e+00 6.376430415506455063e+00 1.015752219323188404e-01
4.325260624645617469e+01 4.325260624645617469e+01 3.264301149828614967e+01 4.325118798085733829e+01 1.283193999752961778e-01
3.428542179402143564e+00 3.428542179402143564e+00 9.602332651515464335e+00 3.428800365919387971e+00 9.781735477416828028e-02
1.233103875151125983e+01 1.233103875151125983e+01 1.319216649384296325e+01 1.233113506152475125e+01 1.041170732048909697e-01
3.070230701257695927e+01 3.070230701257695927e+01 2.783231894895402547e+01 3.070178975832479296e+01 1.152012111667886501e-01
-1.996303187487630248e+00 -1.996303187487630248e+00 2.601253884798909954e+00 -1.995805379333800644e+00 9.619263910476140433e-02
3.337905744325102564e+00 3.337905744325102564e+00 5.998739681046896699e+00 3.338039104310985827e+00 9.650376236283671194e-02
1.604432699704837262e+01 1.604432699704837262e+01 1.301743869137698439e+01 1.604390513465737200e+01 1.068211035688960142e-01
8.828978749305012030e+00 8.828978749305012030e+00 6.455075765603413451e+00 8.829502815234853585e+00 9.827041354018543895e-02
-4.114442735634813442e-01 -4.114442735634813442e-01 -7.347243411041692873e-02 -4.110955758777374847e-01 9.761552130394524074e-02
7.358934724059445820e+00 7.358934724059445820e+00 9.744045089133575033e+00 7.358618442026557460e+00 1.019170289421550274e-01
5.278330810556758124e+00 5.278330810556758124e+00 7.036620847632146791e+00 5.278455398615949257e+00 9.855545864096795783e-02
1.730859639704766906e+01 1.730859639704766906e+01 1.937214620987517577e+01 1.730856263194783651e+01 1.052348475576817960e-01
-5.004593096473561431e+00 -5.004593096473561431e+00 -6.672217520892726128e+00 -5.004276192658505096e+00 9.624155033561226924e-02
6.135716543469043049e-01 6.135716543469043049e-01 2.498264053917016447e+00 6.140461644078722969e-01 9.593736562333259055e-02
2.415658310321808955e+01 2.415658310321808955e+01 2.730418485311505705e+01 2.415639129276139840e+01 1.078292403040701647e-01
3.062855728592508342e+01 3.062855728592508342e+01 2.943931382672447583e+01 3.062782564183292067e+01 1.139933040453443430e-01
-2.813284776341110405e+00 -2.813284776341110405e+00 -3.726476864236650144e+00 -2.813262688327053063e+00 8.381748658507511607e+00
1.841401717869890220e+01 1.841401717869890220e+01 1.822240453804877092e+01 1.841379704896287706e+01 9.351218987518691961e+00
-4.829417678342545095e+00 -5.092736656470825629e+00 4.550043411882965572e+00 1.147112175962502434e+01 9.294919120139084612e+00
6.281248153549106483e+00 4.565406190390315366e+00 2.763417235813877770e+00 4.747874807722174850e+00 9.087964335925169834e+00
8.445637198676598345e+00 5.232438149626238655e+00 4.027953100176266954e-01 -3.352801054272286585e+00 9.136287011485208609e+00
1.709327879104774084e+01 1.549381599404717313e+01 4.636326268765338376e+00 1.512853496195365466e-02 9.135043810949042609e+00
3.288605387904878086e+01 2.799814723559430973e+01 1.887908864869165271e+01 1.005633580082441014e+01 9.479683981882637056e+00
2.720519153433655291e+01 2.080292175273186928e+01 2.049973122455861940e+01 1.706402635302175597e+01 9.844414243842116718e+00
1.790016621590056900e+01 1.095575338353180683e+01 1.282101720836601366e+01 4.880082551152403525e+00 9.944953597274126977e+00
7.820753365998002415e+00 8.187357238448452756e-01 6.401553742350196252e+00 1.627290820843821351e+01 1.069056415879264854e+01
1.104983208130279415e+01 1.999635898435180970e+00 1.325955420008246044e+01 1.446323753133378709e+01 1.097258423576163544e+01
2.011208718115226901e+01 8.920086839119980127e+00 9.466711688609064979e+00 1.226459655332354970e+01 1.153042050566252819e+01
