# Treated, TrueCf, Synth (all lag), GL Pred, Error
1.312812251150693044e+01 1.312812251150693044e+01 1.656459171435948718e+01 1.312845025292899770e+01 9.195753113109078614e-02
2.674868858202074762e+00 2.674868858202074762e+00 1.278051393162217275e+00 2.675147226162976288e+00 9.821662762571420346e-02
1.852929615251409246e+01 1.852929615251409246e+01 1.648290538841130015e+01 1.852906048254990878e+01 7.802265442584938038e-02
3.369938988072620134e+01 3.369938988072620134e+01 3.022435552609531584e+01 3.369901903832040801e+01 6.698171649287996965e-02
-5.185307457525272667e+00 -5.185307457525272667e+00 -6.147202841851208355e+00 -5.184877669345315354e+00 1.111570936013930866e-01
1.285534587563248010e+01 1.285534587563248010e+01 1.507773049935050302e+01 1.285566147268848525e+01 8.901812684071377935e-02
8.620128229176501122e+00 8.620128229176501122e+00 6.908988149423342939e+00 8.620578008415373361e+00 9.051401138115604261e-02
3.063817296313057881e+01 3.063817296313057881e+01 2.868450909158485018e+01 3.063768609613692107e+01 6.727377636319697984e-02
2.024476789086860506e+01 2.024476789086860506e+01 2.110752383202587978e+01 2.024446191096187064e+01 7.990819035005458648e-02
2.501649679174413876e+01 2.501649679174413876e+01 2.324417589485522839e+01 2.501606957626312067e+01 7.501657780054692137e-02
6.714212568716223295e+00 6.714212568716223295e+00 4.780202223757124891e+00 6.714194878249913678e+00 9.059397520647949342e-02
3.406597351513038774e+01 3.406597351513038774e+01 3.414212599450288366e+01 3.406583572135393467e+01 6.980654176782767617e-02
1.178815006826809864e+01 1.178815006826809864e+01 7.857380921072289581e+00 1.178809804701466746e+01 7.845661192114714022e-02
-2.319979377654888264e+00 -2.319979377654888264e+00 -3.346117937398483733e+00 -2.319943566618812625e+00 1.080993595506463262e-01
1.753577419277485916e+01 1.753577419277485916e+01 1.746974596557786441e+01 1.753551990333824051e+01 8.145769134603247918e-02
2.970313638090482300e+01 2.970313638090482300e+01 3.119907573636486831e+01 2.970293845037850744e+01 7.224860553525724871e-02
-9.772944929718281326e-01 -9.772944929718281326e-01 1.632796817263698852e+00 -9.763231101657821043e-01 1.172522423011733150e-01
2.191386458461544251e+01 2.191386458461544251e+01 2.145343327037143411e+01 2.191380492272234193e+01 7.830030706645188521e-02
-3.992053951434540782e+00 -3.992053951434540782e+00 -3.113298628215991126e+00 -3.991704108064436873e+00 1.014435609812896288e+01
1.211014110648291897e+01 1.211014110648291897e+01 1.634256989471330357e+01 1.211022599122604859e+01 8.241449755783762043e+00
2.621221510244123820e+01 2.561100901112540029e+01 2.579564379791574780e+01 2.175966717009962892e+01 7.578639912113709798e+00
-1.016680492847227502e+00 -1.501793191645428127e+00 -1.699970281445786213e-01 -1.128714358774724758e-01 9.184660892509088015e+00
1.023539308247355173e+01 7.651151016626793755e+00 7.123059646313072868e+00 5.622285678475615889e+00 9.512912303985558538e+00
1.725778713757780380e+01 1.402325808313009858e+01 2.059347600632194997e+01 1.545009394150115867e+01 8.250468686792800099e+00
3.488493835333600401e+01 3.018980661081524275e+01 3.222211545544956834e+01 2.173087158458782397e+01 8.704318996308463952e+00
3.004032631191882885e+01 2.469244759213514939e+01 1.295792108722233849e+01 4.544034827929850806e+00 1.107492867314538998e+01
2.629331662329461849e+01 1.857865553740352382e+01 1.636895865739013445e+01 1.365103282735897139e+01 8.999360754353338265e+00
1.107492148908856322e+01 2.067188538719371138e+00 9.879506054990446984e+00 3.524096241277979935e+00 1.178829328146230360e+01
4.501958227861081241e+01 3.500477984667693931e+01 3.511496989245976152e+01 2.510097664130280037e+01 9.388627634947930289e+00
7.864025133112180654e+00 -8.279881117643625998e-01 4.242829306219967345e-01 8.364285972338837416e-01 1.107958015120712858e+01
