# Treated, TrueCf, Synth (all lag), GL Pred, Error
1.437218309592832099e+01 1.437218309592832099e+01 1.315633060025783152e+01 1.437281702870343558e+01 8.263539219947310666e-02
6.718230509649444571e+00 6.718230509649444571e+00 7.548335573842930302e+00 6.718121379381679859e+00 8.929105892576488790e-02
2.090219642639471687e+01 2.090219642639471687e+01 2.055455490578020772e+01 2.090184946696827950e+01 7.524182857897647458e-02
3.481061430581149096e+01 3.481061430581149096e+01 3.216459179304568750e+01 3.480875587008878824e+01 6.225560891627533039e-02
1.121140719647979012e+01 1.121140719647979012e+01 1.125305130932340170e+01 1.121326835893217755e+01 8.784797184517044444e-02
7.126969741227013877e+00 7.126969741227013877e+00 5.345895371339513424e+00 7.126556413079334185e+00 9.288111151770724050e-02
5.414027102881160403e+00 5.414027102881160403e+00 3.721348283698980186e+00 5.415880538213937889e+00 1.031611289454679586e-01
3.507006392761662994e+01 3.507006392761662994e+01 3.014766225784270404e+01 3.506776863768048713e+01 6.487917848354514405e-02
1.232482362731981418e-01 1.232482362731981418e-01 5.581475838706833059e+00 1.270810745783057527e-01 1.264646463007005617e-01
9.995466820259238716e+00 9.995466820259238716e+00 5.233999628959994155e+00 9.994483153935160402e+00 8.420206157036978778e-02
1.600958273293037593e+01 1.600958273293037593e+01 1.637897544308937725e+01 1.601075826127162571e+01 8.517517957168001252e-02
2.168404603183688195e+01 2.168404603183688195e+01 2.384569338143580808e+01 2.168293251530413102e+01 7.424131851303672480e-02
1.920992323927862699e+01 1.920992323927862699e+01 2.059546855654252084e+01 1.921037554690203919e+01 8.421729413330318603e-02
9.052563332522133521e+00 9.052563332522133521e+00 7.777366354023190986e+00 9.052247928983447878e+00 9.018654384636638766e-02
2.009034845262742053e+01 2.009034845262742053e+01 2.562154690821864378e+01 2.009142023589041415e+01 8.960986677333546147e-02
1.748683893997930028e+01 1.748683893997930028e+01 1.294077262774172610e+01 1.748567836745369419e+01 7.611906482517562245e-02
-8.243097233345627828e+00 -8.243097233345627828e+00 -8.359046368849744724e+00 -8.241714193882870632e+00 1.198479461948407793e-01
3.898258356949666492e+00 3.898258356949666492e+00 7.812886436770975607e+00 3.898627425495099885e+00 1.052545426695614406e-01
2.143244551199287784e+01 2.143244551199287784e+01 2.513968425510082483e+01 2.143352832479923364e+01 6.070765157489872443e+00
2.568289454715671383e+01 2.568289454715671383e+01 1.863565885716431225e+01 2.568138853898680907e+01 4.879106441309055242e+00
4.192191701435140772e+01 3.934120230679367580e+01 3.400407476623023229e+01 2.407763610837417545e+01 6.487417850905123906e+00
2.683209830351842484e+01 2.431136827718087545e+01 2.550677348691046475e+01 1.975680716511736890e+01 6.768280112053115971e+00
2.520934356393529541e+01 2.142880299609183936e+01 2.277400679099796577e+01 2.212778795804832299e+01 6.238577027919816942e+00
2.390473534518341836e+01 1.939131167151532509e+01 2.293744679331552661e+01 1.415267967856232545e+01 7.689268527727810110e+00
2.038583537700815995e+01 1.377391892055523570e+01 1.261091804494574653e+01 5.011624956363059269e+00 8.824173313595807144e+00
3.285336555534013314e+01 2.679241845476724748e+01 2.519865378841059567e+01 2.049321206854609656e+01 8.126991064934660614e+00
4.521681375470262054e+01 3.759514468617151550e+01 3.377220806410364418e+01 2.378893841482422289e+01 7.992162750758634360e+00
3.804382455732238810e+01 3.137061986814048709e+01 2.526813526903861984e+01 2.121760904522396274e+01 7.969603295272840171e+00
2.380997202175856131e+01 1.580689968982072457e+01 1.895829062192064640e+01 1.470774864742775279e+01 9.328897227081649035e+00
3.309154640015485427e+01 2.298951246913617297e+01 2.058012705516606644e+01 1.440144864034150096e+01 9.023164168335043200e+00
