# Treated, TrueCf, Synth (all lag), GL Pred, Error
1.015592907465058481e+01 1.015592907465058481e+01 5.863862046285765572e+00 1.015456928463833997e+01 8.025029598654113971e-02
2.530684100485521881e+01 2.530684100485521881e+01 2.509904170140157476e+01 2.530612405606708037e+01 7.301574426752267810e-02
1.023916809991151133e+01 1.023916809991151133e+01 1.056104789054851700e+01 1.023970684799884268e+01 8.231770865767089329e-02
2.627868536642187181e+01 2.627868536642187181e+01 2.823582224335826396e+01 2.627888185665175413e+01 7.670529985224318337e-02
5.724201101630773003e+00 5.724201101630773003e+00 8.037807698352148478e+00 5.726916549227096809e+00 1.121320111855920731e-01
-4.002789165568355401e+00 -4.002789165568355401e+00 -3.576577575335412540e+00 -3.998386953622588891e+00 1.353768460998841239e-01
4.079129205027375349e+01 4.079129205027375349e+01 4.142031714846795154e+01 4.078964059491647731e+01 5.470461407226096667e-02
1.560990961439433988e+01 1.560990961439433988e+01 1.475009433014490057e+01 1.560902084668883916e+01 8.577011602200862450e-02
5.856710951380359020e+00 5.856710951380359020e+00 5.299419176530234310e+00 5.856260699800492908e+00 9.197408757570042781e-02
3.401334054880454971e+01 3.401334054880454971e+01 3.313050656955670092e+01 3.401168071100892831e+01 6.184925013801816085e-02
5.639030274816107635e+00 5.639030274816107635e+00 5.702489402398991380e+00 5.641813781324768406e+00 1.053830361382673969e-01
2.178290790960459589e+01 2.178290790960459589e+01 1.627281136162655173e+01 2.178330405091867661e+01 6.964820440333163720e-02
3.325292524352479351e+00 3.325292524352479351e+00 9.032421596952675102e+00 3.326430745510142284e+00 9.162938132611943287e-02
1.738315372354422195e+01 1.738315372354422195e+01 1.947407901095365901e+01 1.738399666064124460e+01 9.313090716792069013e-02
3.068817765465242786e+01 3.068817765465242786e+01 2.458361721043478454e+01 3.068675207334747057e+01 6.473922650732263917e-02
2.443402091834241574e+01 2.443402091834241574e+01 2.043954043039236268e+01 2.443269295101600846e+01 6.985789579326445731e-02
1.841161626904244386e+01 1.841161626904244386e+01 1.545943976218420701e+01 1.841099459737511168e+01 6.932630126579632235e-02
-8.338554733513522166e+00 -8.338554733513522166e+00 -5.179266473200434540e+00 -8.335933533080996938e+00 1.407429652462176550e-01
2.693319757960716387e+01 2.693319757960716387e+01 2.451129217342268163e+01 2.693252393025908020e+01 5.204754199741102205e+00
2.595912776396701460e+01 2.595912776396701460e+01 2.853537140931509342e+01 2.595958633015562356e+01 5.288793897252342724e+00
1.539004082647657867e+01 1.407806206427921403e+01 1.399983058811532288e+01 2.100690035854843885e+01 6.242098450413182675e+00
-5.293722683302481968e+00 -7.346369628162568333e+00 -9.476946219945592276e+00 5.606842621892867307e+00 6.859599305257622071e+00
3.079526232515202633e+00 5.404191701787937063e-01 1.044139041958092040e+00 2.893514771479063885e+00 7.732559229924804711e+00
1.741582637395946165e+01 1.492354824047975548e+01 1.467772921952906451e+01 1.543575450651906067e+01 7.539597652833736063e+00
2.552464884359690700e+01 1.929992420702549438e+01 2.163960988335170654e+01 2.718771722500076748e+01 6.878799011340798408e+00
2.378535505871962030e+01 1.824946543461838289e+01 1.980229851049043432e+01 2.496311789328454012e+01 6.836460921517003797e+00
7.277453278798317271e+00 -7.903254146754029597e-01 3.135637251319585705e-01 5.256900476930081112e+00 7.744261440505521676e+00
2.351710163886858140e+01 1.511949770777851576e+01 8.071267680979474335e+00 3.947916925796861154e+00 1.036175220841533395e+01
1.637277684416909196e+01 6.235791020827311293e+00 1.043074044169573078e+01 1.857907039360671320e+01 7.866399464258209129e+00
3.851038169158682933e+01 2.807385825013282243e+01 2.139071761344890277e+01 1.675590363512720415e+01 8.344971196722690721e+00
