# Treated, TrueCf, Synth (all lag), GL Pred, Error
3.092352861218659044e+00 3.092352861218659044e+00 3.157322456413324208e+00 3.092225540558765751e+00 1.156853112333261491e-01
4.243072930664404829e+00 4.243072930664404829e+00 3.229347634960686442e+00 4.243229482939655739e+00 1.295136710517915124e-01
4.053308415343417792e+00 4.053308415343417792e+00 3.795775016654708178e+00 4.053100140357019043e+00 1.114347559206824295e-01
1.162066581388061515e-01 1.162066581388061515e-01 6.883676131668174936e-01 1.162643832160927815e-01 1.306714187005536265e-01
-3.742989794975739581e+00 -3.742989794975739581e+00 -2.949151339885197842e+00 -3.742660985690331898e+00 1.386354420427395040e-01
5.142554358684195748e+00 5.142554358684195748e+00 2.362779749889303282e+00 5.142469364333781101e+00 1.255579393257984233e-01
9.860784802464166443e-01 9.860784802464166443e-01 3.323471478563051029e+00 9.863116857463101184e-01 1.358981117411200146e-01
8.101702028953978729e-01 8.101702028953978729e-01 3.112438343420485420e+00 8.106898674447045039e-01 1.432496403690289022e-01
6.088318140525869282e+00 6.088318140525869282e+00 6.065979174528390416e+00 6.088022248984039209e+00 1.035132889606759227e-01
-1.943794382898728301e+00 -1.943794382898728301e+00 3.904445403215383026e-01 -1.943767913616402332e+00 1.256478965614539201e-01
-3.259868933529686874e+00 -3.259868933529686874e+00 -3.015273434109474238e+00 -3.259227706384560719e+00 1.514342686354818168e-01
3.656757239373952473e+00 3.656757239373952473e+00 3.463663248723978239e+00 3.656342690375940840e+00 9.370068505641747370e-02
4.173153107254270466e+00 4.173153107254270466e+00 3.157964165747957352e+00 4.172981171449760218e+00 1.171162949558655353e-01
1.440154182551704354e+00 1.440154182551704354e+00 1.087650508152316453e+00 1.440184992865030544e+00 1.228510847672740353e-01
3.109070918687703244e+00 3.109070918687703244e+00 1.415337122592883468e+00 3.108935088595710994e+00 1.144894731456048559e-01
1.805931081511340519e-01 1.805931081511340519e-01 -1.196995748121521680e-01 1.804932351431896009e-01 1.186255689724929341e-01
-6.675322320944711008e-01 -6.675322320944711008e-01 7.484729566363508557e-02 -6.675017379697116837e-01 1.158935412309097801e-01
2.534873485776361512e+00 2.534873485776361512e+00 1.830528798503040733e+00 2.534991849226290839e+00 1.306379744048156155e-01
2.248235888597873267e+00 2.248235888597873267e+00 4.496009023101693813e+00 2.248225311155853667e+00 8.604178507819025157e+00
5.041566953664165851e+00 5.041566953664165851e+00 4.153228672936221777e+00 5.041825880197215781e+00 9.527897503123918810e+00
7.645200260900232081e+00 7.675091699682018209e+00 3.876638246962809564e+00 5.522358541631734674e+00 9.183549318306717169e+00
5.508104818549991677e+00 2.949207030467822843e+00 3.863633334034527689e+00 9.187979419050456897e+00 9.068810156878548412e+00
5.091909583393876559e+00 2.484654269311225239e+00 5.154624833732238898e+00 -2.285221936295522394e+00 8.340471759120866579e+00
7.548279396926746543e+00 5.368739461142768121e+00 -2.384692581368041964e-01 -3.057745150121793820e+00 9.731703638045063443e+00
6.278272592203354208e+00 1.544913201715010231e+00 9.471311258249744958e-01 6.450247067618650298e+00 1.011459213303950833e+01
1.125526524598188338e+01 5.969947344137149337e+00 2.231006766054241641e+00 1.099718984849747905e+01 9.379410405414473573e+00
8.514233475202194867e+00 3.256158458220959617e-01 5.086862889987170178e+00 1.169396831339144960e+01 1.065536688544404242e+01
1.013668632792827218e+01 3.299015072045543562e+00 2.871911482308753705e+00 5.861505631501519709e+00 9.343719053244850414e+00
2.123056025159363358e+01 1.116096755105848537e+01 4.253824796062312785e+00 7.644786315454824788e+00 9.739251527075596826e+00
1.189719841395440447e+01 -2.453969696366500863e-01 2.168026918981093676e+00 6.902791555254247591e+00 1.014642454405289840e+01
