# Treated, TrueCf, Synth (all lag), GL Pred, Error
7.441949742200170137e-01 7.441949742200170137e-01 4.502844436488187441e+00 7.449114626957156204e-01 1.113382746342603397e-01
3.395987890979951374e+01 3.395987890979951374e+01 3.291892005531810383e+01 3.395938438641344703e+01 7.221106889890581415e-02
5.170162905168476541e+00 5.170162905168476541e+00 5.744022629577221650e+00 5.170936739740248811e+00 1.000968449036224450e-01
1.583011717794108719e+01 1.583011717794108719e+01 1.288833697899692154e+01 1.582971758575615873e+01 7.790425110856596946e-02
3.455066103059075289e+01 3.455066103059075289e+01 3.795364003063758673e+01 3.455045251994965838e+01 9.412387246199757640e-02
2.385851167930581340e+01 2.385851167930581340e+01 2.621467699343710223e+01 2.385859757184152485e+01 9.012579560453609639e-02
3.116425276959142110e+01 3.116425276959142110e+01 2.748045415695040816e+01 3.116294117454430435e+01 6.914343171617876038e-02
1.963229691338597149e+01 1.963229691338597149e+01 1.842879755299983557e+01 1.963301263153701015e+01 9.453682007400128484e-02
5.333845623668013403e+00 5.333845623668013403e+00 9.899544801940786343e+00 5.333617937466488712e+00 1.118280016941381738e-01
1.134474854441361025e+01 1.134474854441361025e+01 1.321478209377847612e+01 1.134601572535315661e+01 1.079111772527875934e-01
1.886543755330544769e+01 1.886543755330544769e+01 1.733124288639789512e+01 1.886631853598806075e+01 1.020204215335954873e-01
6.511530004381251402e+00 6.511530004381251402e+00 9.116186206836781381e+00 6.511631776404317229e+00 9.581917301127478026e-02
1.469203125848628488e+01 1.469203125848628488e+01 1.925876464203530247e+01 1.469316966219922449e+01 1.013559576890338126e-01
1.713965686723000559e+01 1.713965686723000559e+01 1.598957043873180872e+01 1.713875708086848704e+01 7.488686655687461224e-02
1.664981674000317824e+01 1.664981674000317824e+01 1.252674636308515410e+01 1.664997563956351456e+01 8.605245328036684183e-02
2.777276217156519067e+01 2.777276217156519067e+01 2.168219118771727238e+01 2.777183942632549218e+01 6.267200756585071530e-02
2.342187348914567835e+01 2.342187348914567835e+01 2.227523096670997305e+01 2.342149277042142330e+01 7.082654118204956273e-02
2.789228566759510475e+00 2.789228566759510475e+00 6.056802795881522705e+00 2.790201842365497065e+00 1.062684141976046048e-01
3.779461487725090052e+01 3.779461487725090052e+01 3.247361307758099969e+01 3.779429886000059469e+01 5.084922935996861959e+00
1.015496020696258839e+01 1.015496020696258839e+01 6.185015453265475749e+00 1.015517322661847466e+01 5.347433560226769522e+00
1.529820431573912032e+01 1.609709595246365055e+01 1.891728094603828580e+01 2.347902407691091042e+01 6.172576741327289618e+00
2.667660754110036780e+00 9.851078362598708615e-01 3.076032167289985964e+00 1.933807901425440789e+01 5.887454322058784051e+00
8.089298093445146165e+00 4.524166510741292058e+00 7.399020917121402086e+00 1.768664490090857200e+01 7.385214835934603705e+00
3.556375779032505591e+01 3.192000693172340320e+01 2.557605283074594738e+01 2.089885596540429447e+01 7.518083215040232581e+00
4.058798403031941149e+01 3.538304037459616325e+01 3.372516958323475933e+01 3.707395561117159843e+01 7.028524323634188775e+00
6.567559168818314141e+00 2.549508799255212121e+00 -3.742550830813808460e+00 1.520063474789016045e+00 8.726688009587425299e+00
5.216919892077564569e+00 4.727309541707181428e-01 3.082976291760046283e+00 1.575963734009796013e+01 7.953220186879850218e+00
1.762806838863181724e+01 8.584039512366153701e+00 1.120375340428527799e+01 1.936803419377552871e+01 8.434327566290759748e+00
1.986196099489162492e+01 9.997709313721179214e+00 1.258995358509630158e+01 2.020828643791600499e+01 9.310733439459156102e+00
1.908240922637600789e+01 8.865252464216617057e+00 5.834266318669421025e+00 1.497760531124253447e+01 8.345128284558340326e+00
