# Treated, TrueCf, Synth (all lag), GL Pred, Error
2.873807646319010978e+00 2.873807646319010978e+00 8.983755050295287869e-01 2.873125013321738308e+00 1.279127011110809953e-01
-3.583545898301381261e-01 -3.583545898301381261e-01 1.878226796980808633e+00 -3.585235022092772006e-01 1.111008758629114662e-01
-4.871012295005693993e+00 -4.871012295005693993e+00 1.574508861364470658e+00 -4.870233112135014863e+00 1.302881256959977641e-01
-1.281158630321280256e+01 -1.281158630321280256e+01 -8.313894936140485470e+00 -1.281061843714904924e+01 1.700271107130048587e-01
-1.003034880305261112e+00 -1.003034880305261112e+00 -2.366575608400955932e+00 -1.002239401117204665e+00 1.500172127760072971e-01
5.823123156877993978e-01 5.823123156877993978e-01 5.355386935666505366e+00 5.816221199089853799e-01 9.824485443035541055e-02
-1.254512583731476383e+01 -1.254512583731476383e+01 -5.626981015858062207e+00 -1.254314189523223533e+01 1.606003246309839760e-01
-8.075568428436527668e+00 -8.075568428436527668e+00 -5.212720298474612157e+00 -8.075788339045480768e+00 1.511333440487170610e-01
-2.364734960109565520e+00 -2.364734960109565520e+00 -3.295383686396831102e+00 -2.364030066127492447e+00 1.407481066343791165e-01
-1.037554506180752867e+01 -1.037554506180752867e+01 -1.000740213232151810e+01 -1.037297767705727480e+01 1.737639313223662552e-01
1.763053550181461482e-01 1.763053550181461482e-01 -5.497167395588902217e+00 1.758034222602375962e-01 1.288894225583883946e-01
6.527595818695282048e+00 6.527595818695282048e+00 3.529378626359371385e+00 6.525550048874492859e+00 6.943122324241117471e-02
-1.228860743303951786e+00 -1.228860743303951786e+00 1.848275019342070280e+00 -1.230157912911328921e+00 1.215274449889870434e-01
-4.692928129905386214e+00 -4.692928129905386214e+00 -5.561381472771893542e+00 -4.692226986542408440e+00 1.505880427228734331e-01
-9.093372410743449930e-01 -9.093372410743449930e-01 2.423063729999137550e+00 -9.100283426648578811e-01 1.208539579550342163e-01
-6.344507238938789762e+00 -6.344507238938789762e+00 -2.935393564127469102e+00 -6.344300701133551712e+00 1.528704558256631374e-01
-6.687769377530683457e+00 -6.687769377530683457e+00 -3.717171797139555700e+00 -6.687337561158098964e+00 1.572309964171542951e-01
-7.430770935553733025e+00 -7.430770935553733025e+00 -4.080094161701345534e+00 -7.428213677468798792e+00 1.446764925558730597e-01
-1.219603689692522197e-01 -1.219603689692522197e-01 -5.559161037710705244e+00 -1.220559638918068401e-01 1.044169924963275520e+01
-4.664449870757526817e+00 -4.664449870757526817e+00 -4.541241368895246211e+00 -4.663839762329455851e+00 1.205942664573514023e+01
-5.368566291060423268e+00 -6.580038455178094381e+00 3.162092168221535715e+00 4.990824135289541275e+00 9.717217227998066420e+00
-9.420324629716947396e-02 -3.343403576916614384e+00 -3.457980585720893174e+00 4.647618042457169807e+00 1.031283605966189754e+01
-5.935472343378724869e-01 -3.327103849965403981e+00 -3.908678716029406530e+00 -3.542233827851303474e+00 1.141034954486258535e+01
6.882691607253253352e+00 2.143200064325852416e+00 5.031472716290277702e+00 -2.486778802388782239e+00 9.851174905719519259e+00
7.728357851266903999e+00 2.970519548168389257e+00 -3.341605883858749682e+00 9.893478056734178239e+00 1.016103779682829078e+01
8.403145265232320194e-01 -5.230845724147824782e+00 2.762055439259304190e+00 -1.602054025377023017e+00 1.169415470014930314e+01
-5.891172711679275587e+00 -1.282156802006299934e+01 -2.736484081763363996e+00 3.673435433967892294e+00 1.201989896444364803e+01
6.687814837976178595e+00 -2.035187703365449963e+00 9.529432681007731221e-01 1.987968097314027460e+00 1.264497322220799624e+01
6.519731804398181119e-01 -8.495384096463299173e+00 -4.778025760377376807e-01 2.568684195361493394e+00 1.291170500572216184e+01
1.159796643118755988e+01 9.213642048769463688e-01 -1.169823046123367627e+00 4.677394156520087165e-02 1.189303251332500899e+01
