# Treated, TrueCf, Synth (all lag), GL Pred, Error
-2.156445777531581953e+01 -2.156445777531581953e+01 -1.841891530391982457e+01 -2.156397572257687045e+01 1.284961690458417405e-01
2.919073287986786269e+01 2.919073287986786269e+01 2.459688147307157635e+01 2.919064440761022894e+01 7.640274640311522925e-02
3.895702211626717570e+01 3.895702211626717570e+01 4.276170595881724523e+01 3.895698555096038262e+01 8.034213732691770915e-02
1.007843874769505810e+01 1.007843874769505810e+01 4.569088914425122105e+00 1.007847795009053726e+01 8.280234105609529660e-02
1.149366944070374075e+01 1.149366944070374075e+01 5.244322221468770806e+00 1.149334419347572478e+01 8.025405871271357183e-02
2.644858733191705369e+01 2.644858733191705369e+01 2.580528158969982400e+01 2.644854788330890116e+01 8.268875363618219398e-02
2.191879594231078698e+01 2.191879594231078698e+01 1.886943120598521517e+01 2.191860096049364159e+01 8.130148786140561912e-02
4.335816360389185320e+01 4.335816360389185320e+01 4.319540540499394154e+01 4.335819178785878591e+01 7.721712180607796794e-02
5.026860402774882886e+00 5.026860402774882886e+00 5.864019677393504715e+00 5.027011968328009672e+00 1.003073383834180293e-01
1.649231769227613853e+01 1.649231769227613853e+01 1.605788779238391584e+01 1.649242712995288329e+01 9.375029397230366657e-02
6.894563867260600887e+00 6.894563867260600887e+00 7.881591910356146258e+00 6.894715679587420709e+00 9.848874743883018201e-02
2.211661812981841280e+01 2.211661812981841280e+01 1.870522786393294012e+01 2.211647763957182278e+01 8.223429132536681785e-02
1.984378242534060277e+01 1.984378242534060277e+01 2.344580914510273573e+01 1.984385434606845777e+01 1.000214820021334411e-01
3.326524071100468660e+01 3.326524071100468660e+01 3.006104739706745477e+01 3.326501096718674688e+01 7.754089234185751467e-02
2.170700039335008658e+00 2.170700039335008658e+00 1.457952146282276651e+00 2.170751455224445348e+00 9.432994784986030445e-02
2.111004631341205595e+01 2.111004631341205595e+01 2.292352102483597420e+01 2.111018778218543446e+01 9.338594892544056780e-02
4.182241398175316149e+00 4.182241398175316149e+00 -1.737847522563861657e+00 4.182175324640733827e+00 8.955016988871278283e-02
9.524777492714338933e+00 9.524777492714338933e+00 1.225652764341506895e+01 9.524964286541244718e+00 1.046848375352421867e-01
3.063191249406796324e+00 3.063191249406796324e+00 7.517026506094319771e+00 3.063357819710742724e+00 1.219131648272020030e+01
2.438494454170740866e+01 2.438494454170740866e+01 2.049256911775343681e+01 2.438478984952289963e+01 7.930573715414421798e+00
5.125188356581135807e+00 5.217839277381347785e+00 5.095209957334176032e+00 3.029687066673421469e+00 1.047870622947944952e+01
1.348199939126475622e+00 -4.443065771443108769e-01 2.252729242775973528e+00 1.057734679338555805e+00 1.134892608061473496e+01
3.621427001572591564e+00 9.167577450069906986e-01 -4.302432748993685330e+00 -1.869919730596200536e+00 1.209030236496037780e+01
4.684553969328660372e+01 4.180050725152393909e+01 4.034969651815801228e+01 3.421877472016122823e+01 1.027731555175083500e+01
3.620638213229040048e+01 2.920752398050136023e+01 3.000401431163498955e+01 2.859561046301281095e+01 1.037551104233126509e+01
2.814042799640395387e+01 2.194894511866175080e+01 2.600101514726056351e+01 2.109195275161754779e+01 1.111759895948717336e+01
9.497125117770716329e+00 2.765927884752358068e+00 4.839327778434356020e+00 -1.079506439638379778e+00 1.404647278859886228e+01
1.994022759781596932e+01 1.203737958039315359e+01 1.553139230737759746e+01 1.585893714499198026e+01 1.150986643533942377e+01
3.019772331499230233e+01 1.981377719706253870e+01 1.953656518690498700e+01 1.598275200143590702e+01 1.317117819437171455e+01
2.583949776710817403e+01 1.466922014407298391e+01 1.497510307467761415e+01 1.275175655189386781e+01 1.220878006306117136e+01
