# Treated, TrueCf, Synth (all lag), GL Pred, Error
2.189756134904646245e+01 2.189756134904646245e+01 2.157093615782394025e+01 2.189749821281595388e+01 1.056509507046407975e-01
7.259474911434624644e+00 7.259474911434624644e+00 6.331082875646272257e+00 7.259655818850855979e+00 9.980905774758777604e-02
2.608176624840551838e+01 2.608176624840551838e+01 2.527526043202536599e+01 2.608174348812465837e+01 1.075666708856646975e-01
3.053776625816539081e+01 3.053776625816539081e+01 3.144883962431255497e+01 3.053740529180286245e+01 1.142763961764533542e-01
1.602186322285490760e+01 1.602186322285490760e+01 1.684098524177574419e+01 1.602185810657128329e+01 1.011391919201269363e-01
2.128854530774711762e+01 2.128854530774711762e+01 1.799880199405859216e+01 2.128835911040415141e+01 1.093605178091208302e-01
3.169992085608590138e+00 3.169992085608590138e+00 7.060620731947318873e+00 3.170169935438816644e+00 9.983625677316075586e-02
2.548044294160648704e+01 2.548044294160648704e+01 2.656286569194960023e+01 2.548031921724599158e+01 1.052678094349674270e-01
-4.612262624386735510e+00 -4.612262624386735510e+00 -2.783951480463807915e+00 -4.611919627661927201e+00 1.033055913878678511e-01
1.838360111170750599e+01 1.838360111170750599e+01 1.640584180305442885e+01 1.838349516479814483e+01 1.015937430314494822e-01
2.693638607762114390e+00 2.693638607762114390e+00 -1.086636215782144754e+00 2.693720899011490033e+00 1.007871017857497747e-01
2.916318600374291581e+00 2.916318600374291581e+00 3.024763483757451965e+00 2.916301383711203066e+00 9.997106024055266160e-02
2.042125139237543507e+01 2.042125139237543507e+01 1.999962893646171480e+01 2.042114542245776931e+01 1.028298673013964548e-01
1.285809291922420705e+01 1.285809291922420705e+01 1.127713994357093874e+01 1.285795673286355623e+01 1.036201928735650674e-01
5.344343753691676469e+00 5.344343753691676469e+00 5.434173948394818154e+00 5.344397737603106435e+00 9.984032057784628100e-02
6.965248587644148892e-02 6.965248587644148892e-02 2.133735595078629643e+00 6.982188118534349286e-02 1.002635940977850276e-01
2.228741112453804352e+00 2.228741112453804352e+00 -8.293394421247950454e-01 2.228635518451509867e+00 1.000293256586974044e-01
1.556853531916163647e+01 1.556853531916163647e+01 1.425181962575673289e+01 1.556837527292421441e+01 1.016978870617264163e-01
1.072490450906736470e+01 1.072490450906736470e+01 1.401556487046878097e+01 1.072487043311280885e+01 9.102515141944797605e+00
-8.436658583023085356e+00 -8.436658583023085356e+00 -5.599978635806175831e+00 -8.436347003605337846e+00 9.777353372601215398e+00
2.242223446453295210e+01 1.910819590511412613e+01 1.838990695786725738e+01 1.583461357524202384e+01 9.432949461263580915e+00
4.861286982256759259e+00 3.895085123153112949e+00 4.957747864656139036e+00 8.330130225332617044e-01 9.792080778357846071e+00
-1.492104555332746330e+00 -3.642050278052037626e+00 -3.623453865289040010e+00 -4.646779743701410226e-01 9.938191188023187905e+00
9.660143799193541270e+00 5.599053709014246927e+00 3.289814275511269148e+00 3.242955558574616148e-01 1.021790738798402032e+01
1.367581862242493429e+01 8.731449503155403136e+00 6.683787183124586306e+00 4.972231061776058780e+00 1.031593302281236291e+01
9.600916924524346641e+00 3.374173007464918772e+00 -2.720119232766063377e-01 2.250047602953129999e+00 1.050643871941914043e+01
-5.331436459770868552e-01 -7.577388634194170969e+00 -4.946773753803846319e+00 -2.413627940690302953e+00 1.082194177553528469e+01
1.921122412897651444e+01 1.151686629546523299e+01 1.230218059519606477e+01 7.154723023798535309e+00 1.072703258096021628e+01
3.997464016931164110e+01 3.003151711198163198e+01 2.554022703237953351e+01 1.530333407876972629e+01 1.092376348639267292e+01
7.719068595908789909e+00 -1.242660482225372398e+00 3.783984339228609883e-01 -5.300906800552485088e+00 1.108835701075856406e+01
