# Treated, TrueCf, Synth (all lag), GL Pred, Error
-1.460035031686270912e-01 -1.460035031686270912e-01 -3.065096180276965843e+00 -1.460563300668504816e-01 9.430708871493290180e-02
1.273778251066609180e+01 1.273778251066609180e+01 1.041350694296911428e+01 1.273768908600596639e+01 8.692817645927239378e-02
1.077267037490757673e+01 1.077267037490757673e+01 1.069076512839656878e+01 1.077284719842555738e+01 9.611354937542680721e-02
1.290709004405691473e+01 1.290709004405691473e+01 1.305910633629318873e+01 1.290699649630403911e+01 7.879184879116554741e-02
5.876478642882553061e+00 5.876478642882553061e+00 5.225307640389059927e+00 5.876881423778559821e+00 1.190589204330223111e-01
1.317860725549423506e+01 1.317860725549423506e+01 1.499030687070272094e+01 1.317889017962696130e+01 1.075116872756951281e-01
8.893009057881082313e+00 8.893009057881082313e+00 1.188805392218588608e+01 8.893140326242470195e+00 9.515410860248586788e-02
2.105387975321786698e+01 2.105387975321786698e+01 2.113072432043513871e+01 2.105364672206346910e+01 7.822873821892788182e-02
2.118651537759007297e+01 2.118651537759007297e+01 2.019507656881100033e+01 2.118603261564587115e+01 6.638871219334588347e-02
1.777104567338212249e+01 1.777104567338212249e+01 1.292029208880356883e+01 1.777074233278851523e+01 7.113566135947733959e-02
4.003766250801703563e+00 4.003766250801703563e+00 3.720152403274670672e+00 4.004156610919801018e+00 1.233005608230462041e-01
1.011265796744014978e+01 1.011265796744014978e+01 9.123749445517226775e+00 1.011289042393228144e+01 1.120700602252566042e-01
1.192488364810458812e+01 1.192488364810458812e+01 1.215494027981976544e+01 1.192474638707932399e+01 8.003184176294739216e-02
-5.767862871304056505e+00 -5.767862871304056505e+00 -3.265347114476954693e-01 -5.767545859781657569e+00 1.092784785138695702e-01
1.212040736723647782e+01 1.212040736723647782e+01 9.915822708425375609e+00 1.212035436055569093e+01 8.838156510528671905e-02
7.427767555685515610e+00 7.427767555685515610e+00 8.366314398120804796e+00 7.427832311824719369e+00 9.885856031152383261e-02
8.453282534250297076e+00 8.453282534250297076e+00 1.094974414669240126e+01 8.453234261009837880e+00 1.096060681343218740e-01
-1.202915970338017004e+00 -1.202915970338017004e+00 4.199116478228380522e+00 -1.202392890311973161e+00 1.330983592294099904e-01
2.239936934524759948e+01 2.239936934524759948e+01 2.041597491118665886e+01 2.239918788185897114e+01 6.282340011546811098e+00
1.201763109493631632e+01 1.201763109493631632e+01 1.394632273260251232e+01 1.201761246543373751e+01 7.730047420156516580e+00
4.377112454864305668e+00 3.269723459506927998e+00 9.766060654156555998e+00 7.986542926365125084e+00 8.101784276622446157e+00
9.197216106720343731e+00 7.769594535486493037e+00 1.011733953945752695e+01 1.166176656621398955e+01 7.607440332264565619e+00
2.121465434828409258e+01 1.778883557528257953e+01 1.389453448921923417e+01 8.603841720160264828e+00 8.063645687043775823e+00
1.360226031147566239e+01 9.581768138226848919e+00 1.190861645315719386e+01 1.194376091542976859e+01 9.330743234820932486e+00
1.834158487853374808e+01 1.195536501627164583e+01 1.373818578080682684e+01 7.122164883960514281e+00 9.301411381825806401e+00
2.911443585235404186e+01 2.336384635745864102e+01 2.345641282258605997e+01 1.664882618661529179e+01 8.304869516052558964e+00
1.996480654340623317e+01 1.294865934033808585e+01 1.368151186517801499e+01 1.477300632954591819e+01 9.442866012628016392e+00
1.720700110707579000e+01 8.901012127549954300e+00 1.107620947865946803e+01 6.136128087180048318e+00 8.614816595832062163e+00
1.489921796889303529e+01 5.690477726144973936e+00 5.063274641102600171e+00 4.904733459053955080e+00 1.024825958582182217e+01
2.410496876556046431e+01 1.393977182632711198e+01 1.018734365842759360e+01 1.274262076907536212e+01 1.038218495580450984e+01
