# Treated, TrueCf, Synth (all lag), GL Pred, Error
1.585439370673182502e+01 1.585439370673182502e+01 1.652349747914183098e+01 1.585414169732637468e+01 9.937766750848521513e-02
-4.093640237670284954e+00 -4.093640237670284954e+00 1.576148040437183706e+00 -4.093478606004232745e+00 1.345605392895614649e-01
1.206653129699436811e+01 1.206653129699436811e+01 1.128945281238669551e+01 1.206612003112678266e+01 9.946230673156633562e-02
2.021445929172497546e+00 2.021445929172497546e+00 7.688209071317393395e+00 2.021567934128972510e+00 1.226522926936929603e-01
-2.724821114528724664e+00 -2.724821114528724664e+00 2.996338441196226277e-01 -2.724485802650909783e+00 1.322556404741817571e-01
2.291112040863021893e+00 2.291112040863021893e+00 5.090327159407094904e+00 2.291157211078041378e+00 1.281295339300057567e-01
-2.152798799773124827e+00 -2.152798799773124827e+00 5.980530958093233096e-01 -2.152461216044963876e+00 1.575122525733261281e-01
-5.515886573979820184e+00 -5.515886573979820184e+00 -6.036370979670051540e+00 -5.515067036045742555e+00 1.825260502528750772e-01
-5.998833219758050284e+00 -5.998833219758050284e+00 4.569901395125645083e-01 -5.998609812731297453e+00 1.172194728278337372e-01
2.177588934346113447e+00 2.177588934346113447e+00 5.259185647398195051e+00 2.178220249628152416e+00 1.854785960213669316e-01
8.700407120078128997e+00 8.700407120078128997e+00 6.866122876287463761e+00 8.699842148916932416e+00 1.000877483160581699e-01
1.049879463506403710e+01 1.049879463506403710e+01 9.236765055840628236e+00 1.049855963726327168e+01 1.100129044123160371e-01
-5.796733060717790487e+00 -5.796733060717790487e+00 -3.040862953850045791e+00 -5.796818092432959091e+00 1.080674534675507281e-01
3.651829159828295701e+00 3.651829159828295701e+00 1.674495877086078499e+00 3.651632556823982689e+00 1.107679001847403921e-01
1.141622914967113189e+01 1.141622914967113189e+01 4.751188835064859006e+00 1.141561465173871071e+01 1.056623912893937534e-01
-5.550776964498620458e-01 -5.550776964498620458e-01 5.977622800598834107e-01 -5.548595100203677077e-01 1.349931336337750198e-01
-1.102365336910242277e+01 -1.102365336910242277e+01 -8.474414997103771441e+00 -1.102185792735173564e+01 2.612973829641429546e-01
6.176176259175391259e+00 6.176176259175391259e+00 7.747626349803184986e+00 6.176616803790471621e+00 1.287123172524310410e-01
1.118884101937072906e+01 1.118884101937072906e+01 1.009074120907667371e+01 1.118860497672521070e+01 6.689983073874095076e+00
1.912501186369726991e+00 1.912501186369726991e+00 3.986763218583659452e+00 1.912305119984334389e+00 6.301629230676353721e+00
1.757541720386796413e+01 1.565043106719972421e+01 1.179555952819475451e+01 1.303860798706466539e+01 6.860303552758233003e+00
1.872965583007713875e+01 1.668523438174964824e+01 7.900364630401024435e+00 1.747656131409184965e+01 6.756743793260958419e+00
-6.436123068035395356e+00 -9.846720892439366324e+00 -6.023323262128768896e+00 -4.091933829774825782e+00 8.299601079954712191e+00
1.973356497786728525e+01 1.485237729981814780e+01 1.234692622410596030e+01 1.218908241013810745e+01 7.039826115264139261e+00
1.334235298155738469e+01 7.901043916561159897e+00 5.399906483516085487e+00 5.102424459757273212e+00 7.348334925865990463e+00
1.142778119179926399e+01 3.827341358826025886e+00 2.356694286946638073e+00 1.439752575841951376e+00 7.214065705063960721e+00
1.470559262025999558e+01 6.484874315908522036e+00 1.803930431642084553e+00 3.033491792305049728e+00 8.077886912126231778e+00
7.836139650758484620e+00 1.843262867077396949e+00 4.038871994861230164e+00 3.560279148035944807e+00 8.032311349765359765e+00
1.851783951752441837e+01 9.649126801391073371e+00 5.329790543902434230e+00 1.260556433035038815e+01 7.591775355107413858e+00
1.529605183399824853e+01 5.282131828021660702e+00 8.900372726835275472e+00 5.966318557211442553e+00 7.907120955844597177e+00
