# Treated, TrueCf, Synth (all lag), GL Pred, Error
9.460397785247527835e+00 9.460397785247527835e+00 1.227582075527593553e+01 9.460016224805418261e+00 1.117688730846282813e-01
1.398640557125746930e+01 1.398640557125746930e+01 1.478995809949137907e+01 1.398677824755521826e+01 1.046176700942175325e-01
-7.075336078940961393e+00 -7.075336078940961393e+00 -9.750200735129384011e-01 -7.074313602828332215e+00 9.255120779775023732e-02
3.431013935821140848e+01 3.431013935821140848e+01 2.938759915156749258e+01 3.430898480423674357e+01 1.378055112929292836e-01
2.843718283449269690e-01 2.843718283449269690e-01 4.946334917550167631e+00 2.849466675782199587e-01 9.226169300880059099e-02
2.866259868663322763e+01 2.866259868663322763e+01 2.320172799184192769e+01 2.866189888832399646e+01 1.267192482029589895e-01
9.873040323220964254e+00 9.873040323220964254e+00 4.736076116618912479e+00 9.873450857998767205e+00 1.050341435145794727e-01
6.515167247809634965e+00 6.515167247809634965e+00 8.173553774742286393e+00 6.515252678311862056e+00 1.036016597403611877e-01
1.831502150791297368e+01 1.831502150791297368e+01 1.308039073961767151e+01 1.831435368604619640e+01 1.179418808183820139e-01
3.575944779063270573e+01 3.575944779063270573e+01 3.503883289091976394e+01 3.575761630837512683e+01 1.415585226991505907e-01
2.032588370139207612e+01 2.032588370139207612e+01 1.687595640162137300e+01 2.032508568258872117e+01 1.184191892641362071e-01
-5.740180181931724412e+00 -5.740180181931724412e+00 -4.966372400880014304e+00 -5.739413357754024503e+00 9.373040341657411234e-02
1.638648548726568421e+01 1.638648548726568421e+01 1.609321268419402884e+01 1.638663839396591015e+01 1.129216280306732795e-01
-2.459563183993191515e+00 -2.459563183993191515e+00 -2.228362082445304093e+00 -2.459615645540114137e+00 1.001708485408392135e-01
6.551338501790845648e+00 6.551338501790845648e+00 8.398034955981657390e+00 6.551698474445979414e+00 9.936165481447717385e-02
8.209639332096021036e+00 8.209639332096021036e+00 1.343338920568253592e+01 8.209760193218402335e+00 1.018351343012151022e-01
-1.057643914007876695e+01 -1.057643914007876695e+01 -3.274938694049456700e+00 -1.057569943521970579e+01 9.211121471867082799e-02
2.226204998154430470e+01 2.226204998154430470e+01 2.545342920471739134e+01 2.226139727144565938e+01 1.216213834154401957e-01
3.293546138548301361e+00 3.293546138548301361e+00 5.579564709727328875e+00 3.293482758316006898e+00 7.947597909888211909e+00
-4.476334525017596100e+00 -4.476334525017596100e+00 -1.252544035441245374e+00 -4.476297175676862139e+00 7.682740098895196823e+00
8.209551261981269832e+00 9.331932586280577979e+00 1.459756076765104460e+01 1.253383511713363063e+01 8.828865177213282678e+00
2.387997573487396963e+01 2.141972485900078382e+01 1.917741311962070228e+01 8.460856995378525980e+00 8.847387333032338930e+00
9.695554089050729019e+00 6.136962957338424118e+00 8.510401532000672731e+00 6.986532141766360837e+00 9.269852031644097323e+00
1.201096872346144728e+01 9.037727305738544104e+00 7.873796223549624607e+00 5.904557866145832890e+00 8.987049056313185957e+00
2.007365808765895920e+01 1.356997244759330457e+01 1.488062999773793749e+01 8.232003412359082617e+00 9.739502621219472189e+00
2.540109088169939255e+01 2.039117156007351994e+01 2.085366345497524421e+01 1.178399104755882476e+01 9.870232542509791429e+00
2.228737995416053508e+01 1.537950495349382152e+01 1.465545735412477057e+01 1.268103781412014186e+01 1.080812439009543802e+01
1.585007861175476584e+01 9.638653880347630931e+00 1.677263947507530517e+01 9.362257242041563288e+00 9.864650151487062146e+00
4.439713794738972297e+01 3.652491377155508445e+01 2.777372350895142716e+01 1.238093823366561175e+01 1.057734576309869468e+01
2.741025860792492352e+01 1.734068020633065643e+01 1.772327168989642843e+01 1.191377886374587369e+01 1.067869924826007733e+01
