# Treated, TrueCf, Synth (all lag), GL Pred, Error
1.971424768047694442e+01 1.971424768047694442e+01 1.844319552392140693e+01 1.971420368519066102e+01 7.796305068842210306e-02
9.806725376837396979e+00 9.806725376837396979e+00 9.528149914605791082e+00 9.806691760792798362e+00 9.090360456958118673e-02
2.983176268836182743e+01 2.983176268836182743e+01 2.942510536525297482e+01 2.983165251015054764e+01 7.832237188123966631e-02
5.975130818502760732e-01 5.975130818502760732e-01 -7.387146548460120643e-01 5.975971453971420377e-01 9.815138664459065188e-02
1.531899380188288085e+01 1.531899380188288085e+01 1.210237638758639278e+01 1.531888416484793325e+01 7.797435599840167597e-02
2.482001238440182078e+01 2.482001238440182078e+01 2.484170378971502302e+01 2.481992808010470597e+01 7.907218978110791552e-02
1.051612099392403543e+01 1.051612099392403543e+01 1.111298348993300955e+01 1.051626828441815142e+01 8.829644700343321218e-02
7.251339310417979966e+00 7.251339310417979966e+00 6.847454941017177887e+00 7.251342859982186972e+00 9.585169567523915690e-02
1.418024925658592039e+01 1.418024925658592039e+01 1.278440124929976029e+01 1.418022233900256168e+01 8.501549206533667857e-02
1.119805208176609845e+01 1.119805208176609845e+01 1.508718818242149240e+01 1.119833551951185235e+01 1.043627972721950098e-01
1.644246973376733223e+01 1.644246973376733223e+01 1.334921044454741867e+01 1.644231854862079700e+01 7.507164456407594555e-02
9.762684651123603174e+00 9.762684651123603174e+00 1.094211668742627630e+01 9.762698207308266873e+00 9.194124054792011946e-02
1.288996538835470851e+01 1.288996538835470851e+01 1.686498004651616256e+01 1.289024382094138410e+01 1.021394965015358230e-01
1.330871731225295740e+01 1.330871731225295740e+01 1.215928234842411015e+01 1.330865794836980598e+01 8.944982556183336819e-02
6.615018640983206133e+00 6.615018640983206133e+00 4.182443583145276200e+00 6.614995209421784317e+00 8.552559196220584081e-02
-3.328471549089771386e+00 -3.328471549089771386e+00 -3.890185789779123660e+00 -3.328299704141903348e+00 1.054421139149694930e-01
2.018157609755709814e+01 2.018157609755709814e+01 1.774444026691227450e+01 2.018139632014371898e+01 7.351133465509618325e-02
1.333564524675597340e+01 1.333564524675597340e+01 1.295696078682006025e+01 1.333559218386949752e+01 8.753096697938497761e-02
1.998414546042461737e+01 1.998414546042461737e+01 2.030298819314632652e+01 1.998412853387683441e+01 6.052221253651142163e+00
5.014545364188562004e+00 5.014545364188562004e+00 4.885017332015950231e+00 5.014514727642119141e+00 7.230632405011310659e+00
2.133927476369440512e+01 2.082527214175148345e+01 1.888895084331720753e+01 1.504660690505435383e+01 6.832919411271308974e+00
1.113375322195446770e+01 8.442370569662280388e+00 1.310519428096261940e+01 1.428177301821469847e+01 6.313720722590199230e+00
1.680237957249240566e+01 1.441397286022348112e+01 1.960645957134044792e+01 1.865080527779475972e+01 6.859823447568333954e+00
6.994246930341732948e+00 2.469523463619397674e+00 6.413150398898360471e+00 4.249525309816132967e+00 7.798312879217237814e+00
8.174858274205121234e+00 1.901134334606220833e+00 8.293472653577701692e+00 1.061450236187348750e+01 7.333137955707208278e+00
1.377203263087705665e+01 8.954999569195257081e+00 8.142218555150163795e+00 9.429005764008545398e+00 7.365657726508400671e+00
7.734085164590631223e+00 1.056009132353442848e+00 -1.186848095557021088e+00 1.748862854455175864e+00 7.962071002555219934e+00
1.771540982531849195e+01 1.085701594642303824e+01 6.609459816968770163e+00 1.059650083103060325e+01 7.220767935677331550e+00
2.806967336369213228e+01 1.827854133424841265e+01 1.154427700200401041e+01 1.300457525804556447e+01 7.704189710836717886e+00
2.196312798455966586e+01 1.262405487644839930e+01 1.923282438594198496e+01 1.517692167153074223e+01 8.804272766809198458e+00
