# Treated, TrueCf, Synth (all lag), GL Pred, Error
-2.132471621383744687e-01 -2.132471621383744687e-01 3.492331358786120887e+00 -2.132104063932658278e-01 1.230073857563994538e-01
2.293865017595528411e+00 2.293865017595528411e+00 4.344442105850965241e+00 2.293902624956152714e+00 1.227281551661468240e-01
-4.539626084062132527e+00 -4.539626084062132527e+00 -2.207574267574515581e+00 -4.539611747438108580e+00 1.046047458008224212e-01
2.205093546476353694e+00 2.205093546476353694e+00 2.400152701909396669e+00 2.205041973199163508e+00 1.094759186479045687e-01
1.192109025441618719e+01 1.192109025441618719e+01 8.410067924613983337e+00 1.192101387726022566e+01 1.016207425797678032e-01
2.901197232267166637e+00 2.901197232267166637e+00 4.649482913659007899e+00 2.901288308068562749e+00 1.236829804506053149e-01
8.198572484732688181e+00 8.198572484732688181e+00 5.993762831730317764e+00 8.198504844383208479e+00 1.052379893511531245e-01
-1.010448998350359950e+00 -1.010448998350359950e+00 1.299390223165807212e+00 -1.010348583226587493e+00 1.322465203090820440e-01
-7.800162233988066074e-01 -7.800162233988066074e-01 4.518813209376000728e+00 -7.798004745436077911e-01 1.390478230674162818e-01
8.458750102961381856e+00 8.458750102961381856e+00 8.113779883042942842e+00 8.458763629808773388e+00 1.214227468528744913e-01
1.104458358427113573e+01 1.104458358427113573e+01 6.927886583096188211e+00 1.104448977529785836e+01 1.030611230987198007e-01
5.668394181225794526e+00 5.668394181225794526e+00 3.403635783312098706e+00 5.668306907126302363e+00 1.024237142156417951e-01
5.610442613805640022e+00 5.610442613805640022e+00 6.319373151697644353e+00 5.610635832883886565e+00 1.392758230474219761e-01
-5.738512312124422365e+00 -5.738512312124422365e+00 -1.481995941949831419e+00 -5.738555343205881343e+00 1.112556222051419574e-01
4.609930527622860374e+00 4.609930527622860374e+00 2.615563226400624330e+00 4.609862871278200380e+00 1.071034324592068376e-01
3.034985603112026809e+00 3.034985603112026809e+00 6.426257569092883593e+00 3.035061574162432052e+00 1.162379672258576774e-01
4.704026296110521699e+00 4.704026296110521699e+00 5.411847729603390889e+00 4.704134428726250761e+00 1.295897711142101894e-01
2.487273170235502207e-01 2.487273170235502207e-01 4.038986148923053854e+00 2.488336110673889934e-01 1.210312433819607097e-01
4.048374515961921993e+00 4.048374515961921993e+00 3.003698555116720126e+00 4.048301374988430013e+00 7.292998816555722463e+00
1.403753870718160268e+00 1.403753870718160268e+00 5.428649492076514926e-01 1.403649949248865880e+00 6.557070677798809477e+00
6.497560044054522699e+00 4.429446657963328704e+00 4.044917491749309590e+00 4.270798395316512952e+00 8.837473194377453822e+00
-9.049591888109074223e-01 -1.561175608204657062e+00 4.424857154296369721e+00 2.892428888470202075e+00 8.448738862553637929e+00
7.382582983963597023e+00 4.505498850082895856e+00 5.773517166883298302e+00 1.244465630285767510e+01 8.379794309112131856e+00
5.978567280819381047e+00 2.067233937846566061e+00 4.141330988482297748e+00 1.519823376448604257e+01 9.058927110862414978e+00
1.678965891393232468e+01 1.256526239919739396e+01 7.350091629423105566e+00 1.394843037230436700e+01 9.133546357527327686e+00
7.678985532671915415e+00 3.516160355611256616e+00 3.720457983921487521e+00 7.764511431524427465e+00 9.631586857786558653e+00
1.443775783167881777e+01 8.038816017859380381e+00 7.837122054876647148e+00 1.493932022729626574e+01 9.244801170983420135e+00
1.584247353353736898e+01 6.905299648696486159e+00 5.096445162611991542e+00 9.071609037755630212e+00 8.936759665114225371e+00
1.884182608543682136e+01 8.402038016534026710e+00 2.958106183393093502e+00 4.336903937493955752e+00 9.292384324793040662e+00
2.152765002742367173e+01 1.235403840074936710e+01 7.452750941861355116e+00 1.474055060752017710e+01 9.821009218710223365e+00
