# Treated, TrueCf, Synth (all lag), GL Pred, Error
8.643051712398296615e+00 8.643051712398296615e+00 8.878205558246380136e+00 8.644423063261157836e+00 1.096975553522956115e-01
-1.062129222420121089e+01 -1.062129222420121089e+01 -1.311704880858200006e+01 -1.062062342668260051e+01 1.337907091703823825e-01
2.260929179740871220e+01 2.260929179740871220e+01 1.852173500037600462e+01 2.260911844255792857e+01 8.459731303583752082e-02
1.061871660769567427e+01 1.061871660769567427e+01 1.043986433900057875e+01 1.061931828944021916e+01 7.752636619444490396e-02
3.196589713898525886e+01 3.196589713898525886e+01 3.144779723452667497e+01 3.196461961214023262e+01 6.457671813270605965e-02
2.863259473126462495e+01 2.863259473126462495e+01 2.804552896087429303e+01 2.863139223439207370e+01 7.014156599819044990e-02
1.005405269257532019e+01 1.005405269257532019e+01 7.583312187748682653e+00 1.005728119925084840e+01 1.382247255675528863e-01
2.285869609282265102e+01 2.285869609282265102e+01 2.172557226983749601e+01 2.285754229439067942e+01 6.099866427466736629e-02
8.507501766603986937e+00 8.507501766603986937e+00 5.935996379904377562e+00 8.505972609699643527e+00 8.340099113636359474e-02
-9.822628218501006092e-02 -9.822628218501006092e-02 2.975533323279822451e+00 -9.598930748541878444e-02 1.193463057747885109e-01
-2.642232793302601301e+00 -2.642232793302601301e+00 -3.009691936028119130e+00 -2.641205976333877103e+00 1.207001643739666202e-01
4.194396261574723894e+00 4.194396261574723894e+00 2.345224596217815538e+00 4.193402334910295792e+00 1.117532611280726978e-01
1.126701296517212825e+01 1.126701296517212825e+01 1.443176778287439532e+01 1.126814233575353086e+01 9.310778032376774982e-02
4.626019577849538322e+00 4.626019577849538322e+00 1.259914442660851286e+01 4.626950597278341348e+00 1.315175332056211510e-01
4.010489688266810049e+01 4.010489688266810049e+01 3.179805609023897262e+01 4.010261464353594363e+01 4.958347027424539477e-02
-4.782736464510201735e+00 -4.782736464510201735e+00 -4.748019570745869444e+00 -4.780326519289332055e+00 1.380291387071480025e-01
3.262368751897741781e-01 3.262368751897741781e-01 2.387713626332649053e+00 3.287793798821887492e-01 1.266920450978397394e-01
2.103072037487758195e+01 2.103072037487758195e+01 2.381707595515395681e+01 2.103015002250669241e+01 9.812853412030540790e-02
1.705925520557094188e+01 1.705925520557094188e+01 1.587298633788717339e+01 1.705926388934158311e+01 6.535738020532569692e+00
1.326459873332473016e+01 1.326459873332473016e+01 1.439865780890235492e+01 1.326500314299752858e+01 6.704934748877389161e+00
9.995170817054255252e-01 3.825290363174231878e-01 6.326295393999836314e+00 -6.419751549724027839e+00 1.143696091212731325e+01
4.837222206990639428e+00 3.172317838115854549e+00 5.417036847195833005e+00 1.198312983840970070e+00 9.967251902231758720e+00
2.066618801989218923e+01 1.730115114834242007e+01 1.970471267491306477e+01 1.026534101251759168e+01 6.535783418660650490e+00
4.692306219828456193e+00 8.718705655892466932e-01 3.216249178534791309e+00 1.177673510299751314e+00 1.067283703439175291e+01
8.230350476729242359e+00 3.978836064155514496e+00 7.562957621040911071e+00 3.079888108589928564e+00 1.010454998544449268e+01
2.771332214769117286e+01 2.224607239165379013e+01 2.449315433072004922e+01 1.904369497682518642e+01 8.446942848717304386e+00
2.396001408284103107e+01 1.663746221491984301e+01 1.304538068026922204e+01 7.804269550784532328e+00 8.285275655509348525e+00
2.811252224319526860e+01 1.922406711773728105e+01 1.728156972168565986e+01 6.981934302657032632e+00 8.956478128152932427e+00
1.799190017049998502e+01 9.105827435821890248e+00 1.031615133685524377e+01 5.113801603634551718e+00 1.118051567417561110e+01
1.412402739238711824e+01 2.231135011634556520e+00 4.169479575133265392e+00 9.814799415248229408e+00 9.012567191438046521e+00
