# Treated, TrueCf, Synth (all lag), GL Pred, Error
3.478455603496554804e+00 3.478455603496554804e+00 3.457368184384202348e+00 3.478533440926668163e+00 9.818331928329381009e-02
-2.592576951644598449e-01 -2.592576951644598449e-01 -4.611990630418423720e+00 -2.592071185111777254e-01 9.643883512308201733e-02
1.132387815153028399e+01 1.132387815153028399e+01 9.444175412843719641e+00 1.132387154318098155e+01 1.041525781120575395e-01
1.640954792316253474e+01 1.640954792316253474e+01 1.517720117395574420e+01 1.640834987443914272e+01 1.235935844579502951e-01
1.225713076020336523e+01 1.225713076020336523e+01 1.263311116653072652e+01 1.225670163540218383e+01 1.370875263143237766e-01
3.750630485196377872e+00 3.750630485196377872e+00 2.205548967345162481e+00 3.750518884348151616e+00 9.685207020299105296e-02
-1.855323495904970699e+01 -1.855323495904970699e+01 -1.104117877260402558e+01 -1.855163548243408300e+01 1.373287274228755517e-01
2.054976919849285100e+00 2.054976919849285100e+00 5.196525999396140350e+00 2.054378448920680444e+00 1.057238009385393640e-01
-4.453052878597174136e+00 -4.453052878597174136e+00 -9.935996145249993416e-01 -4.452047884728006721e+00 1.140452930032414547e-01
4.877894813677182917e+00 4.877894813677182917e+00 7.915019314753083179e+00 4.877470458106310858e+00 9.818705109923984986e-02
3.776147372535035629e+00 3.776147372535035629e+00 4.616322990751095645e+00 3.777007556950792377e+00 1.169188994540898835e-01
1.429484902786805733e+00 1.429484902786805733e+00 2.053636111719441715e+00 1.429270627097732671e+00 9.656413640499844631e-02
1.196615892225153299e+00 1.196615892225153299e+00 1.053946203315190067e+00 1.197001949120091169e+00 9.700311268819108990e-02
9.781959492159904457e+00 9.781959492159904457e+00 9.616616888834743193e+00 9.781541118983813732e+00 9.602383696753057085e-02
1.233924812998892007e+00 1.233924812998892007e+00 5.178136283553097741e+00 1.234140022518531055e+00 9.657472252881586783e-02
-4.630685292254086427e+00 -4.630685292254086427e+00 -1.584449004175361386e+00 -4.630706380035275238e+00 9.823430299791204023e-02
1.425631075314226237e+01 1.425631075314226237e+01 1.187029814753613799e+01 1.425590020219018683e+01 1.059824398574315818e-01
1.639291975073595475e+00 1.639291975073595475e+00 -2.023667153646892779e-03 1.638970864417816919e+00 9.667655578562284191e-02
-4.959339937129408904e-01 -4.959339937129408904e-01 8.469576021076803685e-02 -4.957355212853951087e-01 8.068834669191909725e+00
-2.023462601979256092e+00 -2.023462601979256092e+00 -2.480991543801684518e+00 -2.023333843619774086e+00 8.283235559620992561e+00
4.902566811698887861e+00 4.989173997465270460e+00 4.130433676273846721e+00 7.292940596558389998e+00 7.994652911989944322e+00
1.141791802968303848e+01 9.711105033403537590e+00 9.757285922949980872e+00 1.115876545286890220e+01 8.305094028469257594e+00
1.224206692763518767e+01 1.015130542091160315e+01 6.714952641809671441e+00 -2.291791152374543117e+00 8.311665351836243332e+00
1.658865449627007749e+01 1.209612274164125445e+01 1.015908646907610802e+01 8.952007193162190291e-01 8.843293824428608119e+00
8.534555204630805747e+00 4.805127583877377262e+00 2.407478052380254141e+00 2.489620717078582679e+00 8.920424178643113322e+00
2.869437424907630785e+01 2.193615516361713702e+01 2.451140556259568726e+01 7.904769381507385617e+00 9.009047420555640784e+00
2.270239367513504902e+01 1.567995065565378354e+01 8.403707572987698882e+00 1.046392957352336417e+01 9.633645526078334242e+00
6.908635356855448606e+00 -3.390321700834326712e-01 4.208867295072633019e-01 6.646035105622986272e+00 9.797445649628457431e+00
1.944766109008442712e+01 9.180053650880983795e+00 1.027867232964966071e+01 7.080517131765974526e+00 1.002517119736904050e+01
2.039751501007333445e+01 1.165477299148757950e+01 1.242371036616549418e+01 1.029075875300799581e+01 1.039725628089769671e+01
