# Treated, TrueCf, Synth (all lag), GL Pred, Error
9.725306529274112322e+00 9.725306529274112322e+00 1.208582837855256287e+01 9.729279631350554070e+00 1.167862608633985916e-01
2.748231343310400732e+01 2.748231343310400732e+01 2.540398941300197677e+01 2.748192543160169521e+01 6.776812896487603710e-02
2.041466270591165255e+01 2.041466270591165255e+01 1.619244771016690976e+01 2.041455252395784470e+01 7.239628057860209021e-02
2.403768828090386123e+01 2.403768828090386123e+01 1.929463051618366265e+01 2.403673212002169279e+01 6.385297005734782982e-02
1.958509184797210878e+01 1.958509184797210878e+01 2.036556323527806711e+01 1.958518641843150476e+01 9.033022104192417467e-02
2.441859104016839765e+01 2.441859104016839765e+01 2.000502162934892780e+01 2.441764184428507178e+01 6.815162377065461796e-02
4.378806553231829213e+01 4.378806553231829213e+01 3.693080990149819343e+01 4.378542312792838231e+01 5.427480535088834157e-02
5.448477985466255724e+00 5.448477985466255724e+00 8.135810858775066379e+00 5.448869673938458114e+00 9.786337243920230355e-02
2.114893405123038406e+01 2.114893405123038406e+01 1.677189223247200189e+01 2.114896249110303472e+01 7.296618257197107216e-02
2.756057387055258090e+01 2.756057387055258090e+01 2.762916450322151007e+01 2.756046481237027379e+01 6.634082284208810132e-02
6.717869181826937819e+00 6.717869181826937819e+00 7.087011785534499175e+00 6.720957815047173156e+00 1.071565379755542863e-01
2.219536794463556006e+01 2.219536794463556006e+01 1.961937060279486289e+01 2.219615065613893279e+01 7.663693135615687324e-02
9.407543384915536322e+00 9.407543384915536322e+00 8.215201064563942168e+00 9.409236440384963984e+00 9.341458305333662226e-02
2.899501824155383289e+01 2.899501824155383289e+01 3.172073657729880836e+01 2.899419173648193038e+01 6.710713491649657192e-02
5.390509433662113103e+00 5.390509433662113103e+00 5.523637711346323975e+00 5.391866302893282281e+00 1.002931177833123466e-01
1.438259390649851532e+01 1.438259390649851532e+01 1.534491886498504698e+01 1.438161992351052731e+01 7.606585165631504775e-02
2.445783127705651694e+01 2.445783127705651694e+01 2.765754146683136838e+01 2.445697987737255374e+01 6.925463584103164205e-02
6.050191078406644607e+00 6.050191078406644607e+00 1.032040406321274517e+01 6.050544319569198137e+00 1.109679770245305119e-01
2.452199106870234502e+01 2.452199106870234502e+01 2.282704403491436551e+01 2.452100444297124682e+01 5.183443592764329644e+00
1.579292410305125394e+01 1.579292410305125394e+01 1.734266056842370674e+01 1.579417654523639669e+01 6.206984753382909226e+00
8.342835271750745463e+00 7.482687597518367539e+00 6.603335472705419207e+00 4.156161332796930452e+00 6.550065050380532661e+00
2.986828145968859616e+01 2.831318981674693802e+01 2.163487945362308906e+01 1.714746125288897716e+01 6.203882219235451245e+00
3.416017751433729188e+01 3.280669858243091852e+01 3.239865464494334901e+01 2.118673117484074808e+01 7.021910013554493624e+00
1.269535063943175857e+01 8.068994947189493061e+00 7.830610863041497893e+00 1.158602918751354238e+01 6.486231042049369400e+00
2.137967345020924625e+01 1.640811180465111008e+01 1.519771579676588047e+01 1.543896151381853166e+01 7.330928456754151945e+00
1.407866265510578963e+01 8.111934437437540169e+00 7.111244556781023185e+00 6.722630369600786970e+00 9.892580637596545046e+00
1.932384357887897508e+01 1.277584777348766565e+01 1.218933676000323452e+01 1.642230766075465809e+01 7.227342060951182923e+00
7.854188022019274129e+00 9.297957042801267002e-01 -2.611530696492964099e-01 5.577522749766563592e-01 9.676362671417185979e+00
1.368357503107934647e+01 2.022842768950367631e+00 3.056799724626404924e+00 7.631001728246964433e+00 9.523558463995110301e+00
3.558779143335610939e+01 2.421221012300012632e+01 2.649748558334243853e+01 1.056461494965256520e+01 9.966960135863333292e+00
