# Treated, TrueCf, Synth (all lag), GL Pred, Error
-2.028493208869832642e+00 -2.028493208869832642e+00 -1.127712052136058407e+00 -2.028038882910939478e+00 1.481632481167770299e-01
-1.478090397068127615e+00 -1.478090397068127615e+00 -6.200095759754331581e-03 -1.478030168416721857e+00 1.139016277795647097e-01
4.355815938035209278e+00 4.355815938035209278e+00 3.903285958638122111e+00 4.355668502727827907e+00 1.101262101622364209e-01
-3.586861761371267221e-01 -3.586861761371267221e-01 -2.916722849542113583e+00 -3.587096085029575221e-01 1.248226114593792707e-01
-2.514815223618484197e+00 -2.514815223618484197e+00 -9.279748985974288766e-01 -2.514027977939612413e+00 1.719283317582001036e-01
-2.669407884010756238e+00 -2.669407884010756238e+00 -7.775531385844077770e-01 -2.669148217822721492e+00 1.312592160961411347e-01
5.874732597244934240e+00 5.874732597244934240e+00 4.171674940594147785e+00 5.874423729210456635e+00 1.001247387335709588e-01
5.108539079231189106e-02 5.108539079231189106e-02 -2.138248177933432803e-01 5.092015305158481553e-02 1.029700157764693730e-01
7.687430836146367241e-01 7.687430836146367241e-01 3.173825793250016680e+00 7.683578376107127461e-01 1.017548136139358878e-01
5.697518963080809407e+00 5.697518963080809407e+00 3.615139665376675637e+00 5.697380888104143004e+00 1.031895836969344560e-01
-5.867952254668959977e-01 -5.867952254668959977e-01 -2.305430186979213758e-01 -5.862410909910664714e-01 1.590811708985105377e-01
-1.712764539958965937e+00 -1.712764539958965937e+00 1.771430237152519904e+00 -1.712833577210562730e+00 1.067345853097633607e-01
1.851886660371347970e-01 1.851886660371347970e-01 1.449283133495649523e+00 1.853228429171842606e-01 1.148953876205640462e-01
-4.759841146317172367e+00 -4.759841146317172367e+00 -4.340025228888400033e-01 -4.759700017776061109e+00 1.195185825280578457e-01
1.204478476542580001e+00 1.204478476542580001e+00 1.424289323084111381e-01 1.204372477411096209e+00 1.024525668384723837e-01
7.674623124534492025e-01 7.674623124534492025e-01 2.129090311126319079e+00 7.675822077608422944e-01 1.068093246170667004e-01
3.543051240042544237e+00 3.543051240042544237e+00 3.146731837398987874e+00 3.542969764429168666e+00 1.004671388420854961e-01
3.231983182006431754e+00 3.231983182006431754e+00 3.625395922861189835e+00 3.231815279022517196e+00 1.003573964732400320e-01
6.834024771366120632e-02 6.834024771366120632e-02 1.969069725740082211e+00 6.847964587095400901e-02 7.446894321881567080e+00
4.456638198764167669e+00 4.456638198764167669e+00 2.179574355542392539e+00 4.456746310572870406e+00 7.862086421501625288e+00
9.164484068799733762e+00 7.973117835957136634e+00 3.967767792911780056e+00 3.077349365106124779e+00 8.755425264949641573e+00
-6.803084259009370971e-01 -1.582134265001452933e+00 1.389892533372921735e+00 6.793561825814565580e+00 7.881925169033966228e+00
6.609260168453394257e+00 3.608644567668329639e+00 3.878638524463174697e+00 7.639657644108305057e+00 7.943766266636737683e+00
2.549639600691670616e+00 -1.656746858504164699e+00 2.392959329660395262e+00 4.007152538355991389e+00 7.860018958275707845e+00
8.076269184345862939e+00 3.191737639422012940e+00 2.932449989433467241e+00 6.243940007437074335e+00 8.070715046739060483e+00
9.973484392891462491e+00 4.617438197854991877e+00 3.961173996174394585e+00 3.210935334118517837e+00 8.309572927392071762e+00
5.705447825881878821e+00 -5.785367803236352024e-02 1.313413578281236838e+00 1.301270574501302590e+01 8.328534026651102096e+00
9.114854200120465322e+00 2.688907921945076218e+00 3.540013067378967371e+00 1.051077188348744329e+01 8.775563843823499965e+00
9.051765518017887757e+00 4.796506003707681209e-01 5.474962003586614223e+00 4.100009628218249880e+00 8.986561053392028597e+00
1.585730763390109921e+01 6.790455603852486810e+00 -2.100783468422215083e+00 1.095661623358747505e+01 9.165432400331924967e+00
