# Treated, TrueCf, Synth (all lag), GL Pred, Error
1.293443508645970219e+01 1.293443508645970219e+01 9.081804576291295561e+00 1.293449637291040588e+01 1.049098713927132664e-01
-6.158122893154496680e+00 -6.158122893154496680e+00 -6.778997131184632430e+00 -6.158193909310721637e+00 9.689865624121661580e-02
2.100901687552482144e+01 2.100901687552482144e+01 1.965678234106209032e+01 2.100851716655092716e+01 1.059650862124851406e-01
-2.348130473147149289e+00 -2.348130473147149289e+00 -2.720444494621719222e+00 -2.348009845929316164e+00 9.829573696478462186e-02
-4.947637942230231900e+00 -4.947637942230231900e+00 -3.638823911612718565e+00 -4.947516483727112835e+00 9.702674502414712632e-02
2.831234950771153436e+01 2.831234950771153436e+01 2.154816306991796893e+01 2.831176810256409837e+01 1.095110978150716369e-01
-4.300771322599841184e+00 -4.300771322599841184e+00 -6.889911289144434736e-01 -4.300281415634841231e+00 9.414951122703836550e-02
1.049375537338801223e+01 1.049375537338801223e+01 1.250183959915710297e+01 1.049417092270195084e+01 1.018480329687553171e-01
2.936887493072488553e+01 2.936887493072488553e+01 2.413775776539169371e+01 2.936813936966461469e+01 1.084668056025537841e-01
5.189541189229656126e+00 5.189541189229656126e+00 3.865273972835159277e-01 5.189258001219506866e+00 1.006153791191435470e-01
9.287571334972712089e-02 9.287571334972712089e-02 -4.594069919457876239e+00 9.319854614063949327e-02 1.023655668170001254e-01
1.876434330587342458e+01 1.876434330587342458e+01 2.082794226151084160e+01 1.876450383444476699e+01 1.003134354728064670e-01
-1.046159816928655495e+01 -1.046159816928655495e+01 -7.739594596728545106e+00 -1.046112512967160946e+01 9.380002382913557590e-02
6.288245724422344196e+00 6.288245724422344196e+00 6.620104839189708379e+00 6.289108274425135647e+00 9.649845393412122274e-02
-1.153533328829190241e+00 -1.153533328829190241e+00 -1.919262304261118768e+00 -1.153763860888645576e+00 9.993975038805134881e-02
2.500073710402278948e+01 2.500073710402278948e+01 2.291574214279161126e+01 2.499969691620383472e+01 1.094007017156417155e-01
3.949254876581858298e+01 3.949254876581858298e+01 4.330028218654678795e+01 3.949205852673475903e+01 1.087252946998501224e-01
-1.589277734844646339e+01 -1.589277734844646339e+01 -1.672785728907348357e+01 -1.589244009368943544e+01 9.323269182638914410e-02
2.107681827650158013e+01 2.107681827650158013e+01 1.546286112114757927e+01 2.107654795208888743e+01 1.058510024280595907e+01
1.413318466806994245e+01 1.413318466806994245e+01 1.665769234336359261e+01 1.413334285560911674e+01 1.005076665591225549e+01
3.259835343643018035e+01 3.177356492812349487e+01 2.698702175373950851e+01 1.081924786551315698e+01 9.866930299992132447e+00
5.717673685572304265e+00 4.328191537490867269e+00 2.815000584103705794e+00 6.546640512635878650e+00 9.846983267253644811e+00
1.060500086079991355e+01 6.160712211031137642e+00 4.781884505916948136e+00 -4.462338382674712278e+00 9.725912196666129717e+00
5.098991947230744337e+00 4.498772341118928431e-02 1.617369585469670801e+00 1.537694805332404258e+01 1.143298588274802441e+01
1.430930700920200671e+01 9.395653310887185583e+00 9.039346809849146069e+00 1.549601658596573950e+00 1.099625962460866191e+01
1.462401573199152160e+01 9.831657359404639251e+00 7.464965449045854129e+00 1.819270240586981835e+00 1.148858205967833968e+01
1.627637034928688564e+01 8.675401159160553988e+00 3.838751558124418040e+00 1.114708069938016521e+01 1.229288741480381653e+01
3.517635128762978525e+01 2.814689051750821136e+01 2.235526114057317315e+01 1.448353222332304568e+01 1.237853800492300138e+01
3.174884723287101806e+01 2.198493783635769461e+01 1.655975636919758642e+01 1.435450132037840376e+01 1.238538144638351390e+01
2.426027939631779873e+01 1.398322379112409486e+01 1.173842425552991209e+01 9.002942130914391328e+00 1.293280190777678484e+01
