# Treated, TrueCf, Synth (all lag), GL Pred, Error
2.133100194211580458e+01 2.133100194211580458e+01 2.588856653529268570e+01 2.133113982029038880e+01 7.358887047903407697e-02
4.149943028783809051e-01 4.149943028783809051e-01 -9.508619761110709279e-01 4.176287565831120485e-01 1.052755142825704399e-01
3.151127227598437486e+01 3.151127227598437486e+01 2.789357771524988294e+01 3.150787565434765014e+01 6.401402207642835351e-02
6.601029479259874044e+00 6.601029479259874044e+00 1.008860864219639453e+01 6.602162578770267132e+00 9.344462843648349004e-02
1.001768440508361557e+01 1.001768440508361557e+01 1.244043358982688297e+01 1.001791914330245348e+01 8.464233675020498004e-02
1.177361462414930315e+01 1.177361462414930315e+01 1.215277187982958296e+01 1.177411448219655199e+01 7.994989406880474714e-02
3.398830059942751802e+01 3.398830059942751802e+01 3.642179788256657247e+01 3.398597548699706294e+01 6.535212346727274635e-02
1.204758636161323082e+01 1.204758636161323082e+01 1.186245473460550137e+01 1.204774181540188671e+01 8.384581001288438085e-02
7.625478056295367679e+00 7.625478056295367679e+00 7.314471527407689244e+00 7.627974008395748129e+00 8.729047723099425671e-02
2.339539013229904540e+01 2.339539013229904540e+01 2.293859315228507967e+01 2.339737042156732372e+01 7.170209557230276809e-02
9.817282018271495048e+00 9.817282018271495048e+00 1.006037686801827036e+01 9.820963011173033053e+00 8.865558969400946787e-02
1.706149360736334941e+01 1.706149360736334941e+01 1.231672902566869254e+01 1.706066801102225128e+01 7.400130067601012884e-02
2.640131860436830280e+01 2.640131860436830280e+01 2.461865490224671049e+01 2.640022640581734237e+01 6.824559887938551339e-02
2.722763794706140672e+01 2.722763794706140672e+01 2.973319945904620099e+01 2.722719486022582913e+01 7.116028763505441446e-02
9.989891404882920156e+00 9.989891404882920156e+00 1.291928687171108159e+01 9.993075133996683235e+00 1.047850743268218254e-01
4.126537564924757362e+01 4.126537564924757362e+01 3.274397031316029683e+01 4.126139459433332490e+01 5.401695188220406729e-02
4.080814500912495646e+01 4.080814500912495646e+01 3.875658731984266581e+01 4.080431524614516547e+01 5.669675527203021231e-02
1.384753507035214071e+01 1.384753507035214071e+01 1.455936775341151623e+01 1.384888648406809608e+01 8.192922019636683650e-02
1.370945215257231986e+01 1.370945215257231986e+01 1.537440198143816694e+01 1.371275367465735684e+01 5.808787716638241783e+00
1.536399267623797371e+01 1.536399267623797371e+01 1.609270102867502317e+01 1.536468051520208000e+01 5.336773767072403807e+00
1.371957249219417996e+01 1.020109868168619904e+01 8.849707824609522433e+00 1.526953182817239885e+01 5.308671868132918803e+00
3.627377424945060369e+01 3.538381742683201736e+01 3.364166086583554005e+01 2.778733701739557205e+01 4.707878170052520517e+00
3.976525417514675098e+01 3.611815937880098204e+01 3.141732541140618906e+01 3.083588038327756919e+01 4.604149345441990171e+00
7.309084672221748846e+00 4.067568706879756135e+00 9.473502355126374397e+00 1.407330493527972948e+01 5.497048324840174693e+00
2.794966877581851961e+01 2.461167224641095785e+01 2.676934910815651847e+01 1.839636648479494596e+01 6.216622896465028525e+00
1.164729025210475655e+01 4.466380641645630867e+00 3.053824191412901179e+00 5.394424619989814929e+00 7.179199296552870813e+00
1.082126919209403937e+01 6.142492525986819274e+00 9.698939627326453206e+00 1.422388390136747205e+01 6.410131472886622106e+00
5.012686151643769961e+01 4.357488606732545833e+01 4.227871917807459567e+01 3.405123431905707321e+01 5.662155409084532742e+00
2.140333476581673366e+01 1.202781705262963996e+01 1.787776934259088790e+01 2.219681928971373708e+01 6.047418732998350421e+00
2.996669835362495604e+01 2.059131019244620475e+01 1.405450230805959144e+01 1.678242850263128361e+01 6.888439226156536144e+00
