# Treated, TrueCf, Synth (all lag), GL Pred, Error
2.504747594032051694e+01 2.504747594032051694e+01 2.124155245883717669e+01 2.504638981854256485e+01 6.154448995081503865e-02
2.646614606501058731e+01 2.646614606501058731e+01 2.516421156591771791e+01 2.646563572915302842e+01 6.483339242049067364e-02
2.242599704184054410e+00 2.242599704184054410e+00 9.661393221475416127e-01 2.243733465078610489e+00 1.107819035465349711e-01
1.540895284639723073e+01 1.540895284639723073e+01 1.476018723620035544e+01 1.540867463162211060e+01 8.072786275418554480e-02
6.288670422269207805e+00 6.288670422269207805e+00 6.743110855023556560e+00 6.289668646738075353e+00 9.777797679670438558e-02
1.043801339078237511e+01 1.043801339078237511e+01 1.273124071914299726e+01 1.043718597898149802e+01 9.713837491439133998e-02
2.169907760355664550e+01 2.169907760355664550e+01 2.035527520160362513e+01 2.169877650770779098e+01 6.844605040593126910e-02
1.133827701781149777e+01 1.133827701781149777e+01 9.987363474091262461e+00 1.133822548206402914e+01 7.860140066119972180e-02
1.459822622014862237e+00 1.459822622014862237e+00 -2.552576137352427499e-01 1.461610893427511826e+00 1.179919538442562588e-01
2.213281320263138241e+01 2.213281320263138241e+01 2.530923602956417540e+01 2.213312906580358685e+01 7.393491458451188769e-02
2.177693451700026728e+01 2.177693451700026728e+01 1.764634623680044712e+01 2.177526912863241648e+01 7.004972293312275444e-02
-1.064006528025018206e+01 -1.064006528025018206e+01 -9.575281378659489917e+00 -1.063715039194371847e+01 1.340422594229742914e-01
6.235705452863170350e+00 6.235705452863170350e+00 8.944467780465622297e+00 6.235705160385675683e+00 9.604953851686791333e-02
-4.462653595691681296e-01 -4.462653595691681296e-01 -1.782054321468598823e-01 -4.452144608210710786e-01 1.156117942487247530e-01
-4.172882085640199357e+00 -4.172882085640199357e+00 -5.675447867722919426e+00 -4.170674418936588523e+00 1.275909681630672254e-01
1.538873271326031578e+01 1.538873271326031578e+01 1.212301387188905366e+01 1.538850362800324234e+01 7.393893700358199206e-02
1.570690507251696921e+01 1.570690507251696921e+01 2.003960234298795484e+01 1.570715964563633449e+01 8.258441299804901436e-02
3.934149682289618966e+01 3.934149682289618966e+01 3.345471310359006623e+01 3.933905704696613981e+01 5.164796908341977993e-02
1.906396127974658938e+01 1.906396127974658938e+01 2.008912321659085265e+01 1.906446353690148143e+01 5.679429925781186661e+00
1.295326044940926025e+01 1.295326044940926025e+01 1.595645232130854296e+01 1.295362187855010205e+01 5.943971995153290777e+00
1.938585368804596243e+01 1.604275632369779103e+01 1.305076090870591443e+01 1.312973077431957236e+01 5.853569628162649252e+00
3.755622574559457405e+01 3.512978013099293406e+01 3.722903032523681333e+01 2.442010583993183559e+01 5.667242996926590060e+00
2.953868467360511563e+00 -1.613674228482863793e+00 -6.701023172598755018e+00 -5.424643815834963689e+00 9.223548119785068167e+00
2.519673089945337807e+01 2.088708194924351247e+01 2.186716018317755683e+01 1.860786990967330823e+01 6.015130122079231256e+00
1.029323464647745645e+01 4.519738228496269272e+00 6.337708346298090767e+00 2.774990534649565799e+00 8.775984690415903344e+00
2.239728722576253617e+01 1.615171110593656678e+01 1.109710435739274814e+01 8.497332230055299362e+00 6.502934884964987283e+00
1.749325930873085966e+01 1.015849401900240068e+01 1.484959307585371846e+01 1.579602070468233777e+01 5.924357585332295173e+00
3.551419069670903639e+01 2.756701083684140841e+01 2.922947105809734225e+01 1.886021347519949387e+01 7.259387019241778205e+00
7.786424649795732122e+00 -1.553729124148835572e+00 5.123069446443251351e-02 3.973578737855597343e+00 7.723952693322901020e+00
1.214791650227764563e+01 3.493985666190930761e+00 5.713764782884257265e+00 5.057460630589350359e+00 9.668064171254329153e+00
