# Treated, TrueCf, Synth (all lag), GL Pred, Error
3.136694555902132198e+00 3.136694555902132198e+00 3.200271427685164038e+00 3.136888811609065186e+00 1.177536346816960844e-01
5.671736777427942577e+00 5.671736777427942577e+00 6.039201595775594456e+00 5.672435480239570893e+00 1.375643424225405365e-01
9.205475506427953647e-01 9.205475506427953647e-01 3.130246641519141892e+00 9.207364451981003839e-01 1.259458130982451241e-01
-6.515660050221657507e+00 -6.515660050221657507e+00 -7.817262611618623624e-02 -6.514999451004653608e+00 1.462727551281414184e-01
1.679050488875125069e+01 1.679050488875125069e+01 1.252940948133056587e+01 1.678957380725430681e+01 7.438312824649438715e-02
-1.512596406294213436e+00 -1.512596406294213436e+00 -4.920626936339699498e+00 -1.512729066789267662e+00 1.341007036912207906e-01
5.162452922004213463e+00 5.162452922004213463e+00 4.524650133651007877e+00 5.161831285826975702e+00 9.342791862926673463e-02
-3.470965787532692914e+00 -3.470965787532692914e+00 -1.483090283212483707e+00 -3.470688816109420927e+00 1.323781501851406528e-01
-4.744159056511966455e+00 -4.744159056511966455e+00 -5.250228830807009972e-01 -4.743344904474074752e+00 1.527229071013288531e-01
1.088623007317170810e+01 1.088623007317170810e+01 7.694698967582707105e+00 1.088584108926030680e+01 8.497503583197495158e-02
-6.216261899797876467e+00 -6.216261899797876467e+00 -3.581127936442057180e+00 -6.215863284876819606e+00 1.450734713465720860e-01
-5.581076270220803437e+00 -5.581076270220803437e+00 -5.992131583529253014e+00 -5.580716420867060990e+00 1.405735212837874726e-01
3.823244232671036080e+00 3.823244232671036080e+00 7.283399324698053512e+00 3.823390718857217596e+00 1.144981611643190039e-01
3.582801918720304180e+00 3.582801918720304180e+00 3.776870232535273431e+00 3.583226934718181766e+00 1.451200503055993796e-01
-2.082588177740035462e+00 -2.082588177740035462e+00 -5.500291674423257504e+00 -2.082381201670842952e+00 1.212884375080666016e-01
8.276724489361209081e-02 8.276724489361209081e-02 1.363304885705975078e+00 8.268441532610903977e-02 1.179902305807569163e-01
-5.954801937639446763e+00 -5.954801937639446763e+00 3.133731564495161326e-01 -5.954241730312418213e+00 1.486131919357900621e-01
1.106675811829765976e+01 1.106675811829765976e+01 7.346591358460810461e+00 1.106608901683033075e+01 8.367425935106362345e-02
-3.510697842556196324e+00 -3.510697842556196324e+00 7.395874004238403021e-01 -3.510402821844332166e+00 9.381707931229644970e+00
4.264487039223222808e+00 4.264487039223222808e+00 -8.377669694597874583e-01 4.264633004638847424e+00 8.672867224784985396e+00
-1.970353287990406876e+00 -2.326038731481591348e+00 -1.695099603755220841e+00 9.952152211052567310e-01 9.024194914096584696e+00
5.160689281496045666e+00 3.927490142923731664e+00 4.459832481023834561e+00 1.645745260894972528e+00 8.089284336493678396e+00
3.493549829432973208e+00 9.755319361685068635e-01 4.457287761525827730e-01 6.017280614291266261e+00 9.064848646346705507e+00
2.810740657609405169e+00 1.069875443941581405e+00 2.939188486724425786e+00 6.898057462307702004e+00 8.651661426804922783e+00
5.156809719567796435e-01 -6.324793135959797752e+00 -8.199912549794410310e+00 -2.215904216669210669e+00 9.035796260999880758e+00
-1.700536185580372228e+00 -7.261146596670877251e+00 -4.956303467322435097e+00 6.106657544406560945e+00 9.532699231418972019e+00
1.052108143126622508e+01 3.245522507129660283e+00 7.701968367969385554e+00 1.023818680277517323e-01 8.270866116942702462e+00
1.658229256339398106e+01 8.061183445610607734e+00 7.985206734766412850e+00 7.223054925147565974e+00 9.809036591810492922e+00
4.782566586604240833e+00 -3.336089194749502163e+00 4.717289262164278130e-01 5.741618798045149852e+00 1.003615057518768872e+01
1.668384113927357149e+01 5.099238656483783494e+00 2.072991679539704091e+00 1.906292116043896812e+00 8.810672019251796883e+00
