# Treated, TrueCf, Synth (all lag), GL Pred, Error
-1.557349802693470675e+00 -1.557349802693470675e+00 5.593171742570486771e+00 -1.556636547504103518e+00 1.357600107942066869e-01
1.104371158314156531e+01 1.104371158314156531e+01 1.193820000174431151e+01 1.104361667057725782e+01 1.043299521403266150e-01
2.617145752410321080e+01 2.617145752410321080e+01 2.473002746316445055e+01 2.617129741500818696e+01 7.279296238764824956e-02
1.734961111563539049e+01 1.734961111563539049e+01 1.807492481136288376e+01 1.734921499548011781e+01 6.686021818324372479e-02
1.023296897248901516e+01 1.023296897248901516e+01 5.314599763647187558e+00 1.023289689745501363e+01 8.826718615832464254e-02
2.682400077493854784e+00 2.682400077493854784e+00 2.752300219723144092e+00 2.682645273944125108e+00 1.047357848615837472e-01
8.315903526221648079e+00 8.315903526221648079e+00 1.002745323063237670e+01 8.315992336051074574e+00 1.003291533622904103e-01
1.077051454517680362e+01 1.077051454517680362e+01 6.826591577216775342e+00 1.077019376979446541e+01 7.053328707594740121e-02
9.015756201645192647e+00 9.015756201645192647e+00 4.300137454364119094e+00 9.016021043549912406e+00 1.101750897185725803e-01
7.694629538449266448e+00 7.694629538449266448e+00 9.702488196035966794e+00 7.695017835885352930e+00 1.243202084405480856e-01
7.912549547810174388e+00 7.912549547810174388e+00 5.505988041841076708e+00 7.912237932534420537e+00 7.335858790267758833e-02
1.325992622665304932e+00 1.325992622665304932e+00 1.986762931232304741e+00 1.326459544803349822e+00 1.219314798228916114e-01
2.090903010965696396e+01 2.090903010965696396e+01 1.817481867014137720e+01 2.090877609676301319e+01 7.737245909150579359e-02
5.717826810143100680e+00 5.717826810143100680e+00 6.662030487589396088e+00 5.717974825277813977e+00 1.121311919330959250e-01
9.664806849443410286e-01 9.664806849443410286e-01 2.960133705580800356e+00 9.672487888159952973e-01 1.378259399040971667e-01
1.050036481713875647e+00 1.050036481713875647e+00 -1.971597931638496393e+00 1.050184742647834790e+00 9.928183398102860546e-02
1.211271384335526768e+01 1.211271384335526768e+01 8.929985814328796678e+00 1.211246616578646851e+01 8.672692138810324247e-02
7.896669958324645799e-01 7.896669958324645799e-01 -1.373690707576333381e+00 7.898943242384031116e-01 1.048226628969341906e-01
8.774382069156729358e+00 8.774382069156729358e+00 6.779941177660900209e+00 8.774197637442538777e+00 5.506241347910179051e+00
1.663482882070557878e+01 1.663482882070557878e+01 1.525240412647012356e+01 1.663460333270531066e+01 5.899861968557909897e+00
1.740476099736535076e+01 1.646371634473593559e+01 1.044955721869526322e+01 1.357845242710359024e+01 6.334753857334682436e+00
5.792016159136839093e+00 4.444619260583902332e+00 5.490626005572599722e-01 9.838931530746282128e-01 8.486961709165910861e+00
1.185142421016952952e+01 9.582752303404161509e+00 1.168093348337402482e+01 9.351778232446363859e+00 7.869442351244186007e+00
9.843948790494678747e+00 5.700495179367793597e+00 5.642996588581618234e+00 1.413264963191021195e+01 6.827648690307275281e+00
1.561061124993133298e+01 1.144830047425962860e+01 6.048995980246473003e+00 1.728676541504318820e+01 9.216880584116507791e+00
1.198175943505617624e+01 7.046808557933523787e+00 4.224883996705239397e+00 7.075295526489182585e+00 8.571989173103332860e+00
9.118560171013672999e+00 3.181298913565576925e+00 1.701655912877619858e+00 6.603111156864382103e+00 7.389801656314353373e+00
2.041826110960121810e+01 1.295758155430388925e+01 1.528959829135347270e+01 1.243758804455185363e+01 7.664390728351383686e+00
1.695086622630873663e+01 6.035321700738595752e+00 7.750046592648522470e+00 8.130857619109177037e+00 7.396064786634461541e+00
1.613988967063142965e+01 8.017747775087199713e+00 9.204003888277496159e+00 1.292590032549981949e+01 8.607176347295331098e+00
