# Treated, TrueCf, Synth (all lag), GL Pred, Error
1.242035835939080179e+01 1.242035835939080179e+01 1.320136458596370765e+01 1.241957586744859654e+01 8.805213057515352826e-02
6.413918682255443926e+00 6.413918682255443926e+00 -8.832348550127877562e-01 6.413721167873667639e+00 9.678560785375435460e-02
1.245167965330404636e+00 1.245167965330404636e+00 3.162916553524014240e+00 1.247472524820945061e+00 1.048877272536888339e-01
-2.897225420604539359e+00 -2.897225420604539359e+00 1.022674995761049921e+00 -2.895671721978889224e+00 1.092479567383753403e-01
4.378580869040434642e+00 4.378580869040434642e+00 1.045297476468929432e+01 4.378829205358756305e+00 1.018367626905456041e-01
9.752284793415006092e+00 9.752284793415006092e+00 8.355131888623933634e+00 9.752806963264522011e+00 9.595158930657045337e-02
-1.664583894733910441e+01 -1.664583894733910441e+01 -1.841638329165670740e+01 -1.664335084072777704e+01 1.127068527991051256e-01
1.841618884548843127e+01 1.841618884548843127e+01 1.640157601610087568e+01 1.841569476898285984e+01 8.821201741811696140e-02
2.477707937778462366e+01 2.477707937778462366e+01 2.280779006650809748e+01 2.477492241739839685e+01 8.741566405598229228e-02
1.823399963592276762e+01 1.823399963592276762e+01 1.341227034252685435e+01 1.823335903116750245e+01 9.206726860491862285e-02
3.377439184219905144e+01 3.377439184219905144e+01 2.723670726884778759e+01 3.377236326301436264e+01 8.297155522895419133e-02
1.099036885713106138e+01 1.099036885713106138e+01 8.054309348232203902e+00 1.098998525250333103e+01 9.334762002486031440e-02
2.364217610620464427e+01 2.364217610620464427e+01 1.369856318898680492e+01 2.363989929694228209e+01 8.215083772141826279e-02
-6.642499582418089688e+00 -6.642499582418089688e+00 -1.422013327129783233e+00 -6.639963010644876817e+00 1.134190226066606327e-01
1.597001382658494784e+01 1.597001382658494784e+01 8.914797238485148156e+00 1.596829383469274433e+01 9.024649705142159806e-02
1.220124680916487847e+01 1.220124680916487847e+01 1.303302768193487360e+01 1.220259135554999652e+01 9.862260911084505532e-02
7.385156746231935188e+00 7.385156746231935188e+00 3.305963853623056004e+00 7.385842816474827544e+00 1.020188048853061247e-01
1.249464733222777646e+01 1.249464733222777646e+01 7.920953566176015315e+00 1.249572905345199381e+01 9.218739142732029768e-02
2.051198077577327794e+01 2.051198077577327794e+01 1.424283918968955298e+01 2.051061660830425026e+01 7.268183208626395775e+00
-6.298138239376680936e+00 -6.298138239376680936e+00 -4.542974174640288076e+00 -6.295982311119632691e+00 8.952712060995336785e+00
2.141062628657606126e+01 2.194177844145484713e+01 2.077782119409720707e+01 2.224492482459780973e+01 7.934648058349772271e+00
3.598148900627566604e+01 3.400927822690344016e+01 2.428296256865000657e+01 1.883197284694536577e+01 8.283491812021800627e+00
-1.339761114228005567e+01 -1.752823156355606571e+01 -9.161415274885037263e+00 8.556246140349356821e+00 9.051338683922663719e+00
2.331966148776965753e+01 1.858410341623736528e+01 1.723576674171566125e+01 1.638607260613209249e+01 8.458000011251847639e+00
-9.896652739530711784e+00 -1.490475627292293126e+01 -9.267197024669894034e+00 -1.746608360333271603e+00 9.096822847111099009e+00
1.472019892111343431e+01 9.091207344757133768e+00 7.151647336104820063e+00 5.887217382764809770e+00 1.000316742669088477e+01
1.330796552109067044e+01 5.742314634243903093e+00 1.297360170356947506e+01 8.612841101675977384e+00 9.883952513288994268e+00
7.939850555338884952e+00 -6.142292279413208433e-01 8.605951823359795583e+00 3.197968110054060009e+00 1.048707166343637098e+01
1.198261970491454598e+01 2.885022055096114535e+00 1.441404202254264710e+01 1.838731555404796936e+01 9.545320762579839524e+00
2.632899142878447662e+01 1.524171530515111783e+01 1.537485703849499075e+01 1.027583525520129015e+01 1.052701230892365380e+01
