# Treated, TrueCf, Synth (all lag), GL Pred, Error
-2.090595008723822090e+00 -2.090595008723822090e+00 -8.851863611767349926e-01 -2.090294321018932422e+00 1.391410288035053733e-01
-2.123643522487140167e+00 -2.123643522487140167e+00 3.514973172856749595e-01 -2.123677260663747290e+00 1.144685233843832223e-01
6.575901345477530580e-01 6.575901345477530580e-01 1.096282054813077389e+00 6.578799457043125187e-01 1.449728893424123977e-01
5.544724939552477139e+00 5.544724939552477139e+00 4.329403388903865668e+00 5.544666987309721407e+00 1.175876715507745973e-01
3.834639282147908279e+00 3.834639282147908279e+00 1.922889248363573778e+00 3.834389027900117597e+00 8.749358566408718674e-02
6.621805794281380386e+00 6.621805794281380386e+00 3.537446868355095919e+00 6.621682401462708256e+00 1.110823589457998889e-01
4.517933850396062212e+00 4.517933850396062212e+00 3.943643515527693211e+00 4.518060843887999667e+00 1.279645209025703778e-01
8.090475524223537107e-01 8.090475524223537107e-01 1.118109103345853228e+00 8.093131791325074431e-01 1.411668452693071452e-01
7.117558369448169664e+00 7.117558369448169664e+00 3.125924204749737090e+00 7.117384466794522524e+00 9.302792656083674894e-02
-2.555338561383835305e-01 -2.555338561383835305e-01 1.028128784185665223e+00 -2.553565491893827755e-01 1.321663579731961469e-01
-2.012446365850346197e+00 -2.012446365850346197e+00 1.666976831725081487e+00 -2.012180759191538826e+00 1.416584629110221594e-01
-1.168621628934860768e+00 -1.168621628934860768e+00 -6.398993018486954787e-01 -1.168600467227924433e+00 1.272330774657541574e-01
-7.996023594093755182e-01 -7.996023594093755182e-01 1.648356931286627969e+00 -7.998281936159807870e-01 8.799692398721062347e-02
8.439762432733767028e+00 8.439762432733767028e+00 7.136974945608331566e+00 8.439663861082671303e+00 1.203291122773833127e-01
6.716821595919940435e+00 6.716821595919940435e+00 6.757645141129452249e+00 6.716718994702704393e+00 1.146334061703328383e-01
7.078198282148693288e+00 7.078198282148693288e+00 4.317552556819014065e+00 7.078225600779189719e+00 1.257537480110681172e-01
1.938158193627800951e+00 1.938158193627800951e+00 1.419695748656512047e+00 1.938227568482890462e+00 1.266332178092282879e-01
-2.519666532919151436e+00 -2.519666532919151436e+00 1.641599166534480014e+00 -2.519496618238150631e+00 1.322056534173500775e-01
-2.239267889869956285e+00 -2.239267889869956285e+00 1.961772115477186995e+00 -2.238909124929314487e+00 1.018724326366695720e+01
2.366803222905293325e+00 2.366803222905293325e+00 1.831240206441813179e+00 2.366723112237841153e+00 6.713718472817774341e+00
4.035145824274284365e+00 4.231167334670693947e+00 6.199114121001519706e+00 5.472642849080713745e+00 8.480195762365433154e+00
2.173579361309181390e+00 -6.865264214822736077e-01 2.543839179958878205e+00 1.014961411083808773e+00 7.659889838117288186e+00
7.321893058019019129e+00 3.695874485407664167e+00 -5.945270456706766016e-01 1.005963464047732359e+01 9.608901391301184702e+00
3.222329558080262224e+00 4.103990440736131062e-01 1.851700756975618534e+00 6.424635222699892623e+00 1.011246287117233855e+01
5.540802210320004306e+00 -1.148968832483601155e-01 2.636525952275536877e-01 5.007478736340296166e-01 9.634871442710064571e+00
1.280496326728385093e+01 6.062281351828525899e+00 2.938823323324657011e+00 1.874163646688365770e+00 9.446440173834192322e+00
1.261323117010493178e+01 4.115411683244010632e+00 4.611557223032961561e-01 6.274366851254269406e-01 9.091340711866896740e+00
1.061028744277058244e+01 3.447507527265166516e+00 6.172644903682134476e+00 4.903586036048730890e+00 9.614025948764538754e+00
1.200336867905061844e+01 1.505229378061390566e+00 -6.648994722680252600e-01 8.167821633976274143e+00 9.645919288792978108e+00
1.426289706348672226e+01 4.690911700422047304e+00 1.104121627129275529e+00 5.300615278869264202e+00 9.605624627072495869e+00
