# Treated, TrueCf, Synth (all lag), GL Pred, Error
1.944826435968345280e+01 1.944826435968345280e+01 1.939160376571141242e+01 1.944834556347949572e+01 8.880316437833907228e-02
9.001840745793598941e+00 9.001840745793598941e+00 1.195480001055683417e+01 9.002108223709685220e+00 1.024394181797660258e-01
2.642655071043497372e+01 2.642655071043497372e+01 2.010142170221831037e+01 2.642586251740103265e+01 7.797425900015871048e-02
9.127474028167867459e+00 9.127474028167867459e+00 8.149965897128824466e+00 9.127701490793731054e+00 1.047085744910074001e-01
1.914682301802621822e+01 1.914682301802621822e+01 1.122432676330164369e+01 1.914644377211139314e+01 8.314929990328887022e-02
2.229677658538885332e+00 2.229677658538885332e+00 8.166297332463595682e-01 2.229989378557589497e+00 1.074857858908684488e-01
1.135982028404045430e+01 1.135982028404045430e+01 1.077991809542976931e+01 1.136021308187725154e+01 1.047305607834516233e-01
7.371039430963857164e+00 7.371039430963857164e+00 5.967518229304888955e+00 7.371111755452446346e+00 9.809666144193772419e-02
3.425628401248508936e+01 3.425628401248508936e+01 3.601445253965992066e+01 3.425611503118401657e+01 9.449072226440140276e-02
1.810271864835450017e+01 1.810271864835450017e+01 1.385953159180839123e+01 1.810248778343631670e+01 9.246632581241079341e-02
8.933722712090650830e+00 8.933722712090650830e+00 4.496106008666353127e+00 8.934293061171754147e+00 1.075542296090798156e-01
1.404727696385911884e+01 1.404727696385911884e+01 1.711675958459135316e+01 1.404718210323668970e+01 9.116952110653687991e-02
6.769917449055439462e+00 6.769917449055439462e+00 4.602089243709528432e+00 6.769691205918364929e+00 9.637729442778530942e-02
3.406783108156227424e+00 3.406783108156227424e+00 5.243645506338877382e+00 3.407048106790535158e+00 9.930984887717476950e-02
1.809038799749213666e+01 1.809038799749213666e+01 1.783223174631176278e+01 1.809017972302589783e+01 9.474908006464831389e-02
9.924899855312080632e+00 9.924899855312080632e+00 1.155176124922648029e+01 9.924851424999111771e+00 9.330743603172217404e-02
2.328959651619071280e+01 2.328959651619071280e+01 1.877892501251947266e+01 2.328939064511160240e+01 9.019177026628504013e-02
7.159406871631910363e+00 7.159406871631910363e+00 3.720711147614170766e+00 7.159632306824388337e+00 9.186004544452300302e-02
-8.906624261064679970e+00 -8.906624261064679970e+00 -8.483855461834949097e+00 -8.906383266494534823e+00 9.841291774656212965e+00
1.651403493405715039e+01 1.651403493405715039e+01 1.615228585708204179e+01 1.651382268315000346e+01 8.102260524468904990e+00
6.712661326321746280e+00 4.139305175556040162e+00 5.362298262387066750e+00 9.294752912983710313e-01 1.024363201812026603e+01
2.200545108585583165e-01 -3.129136122970370693e+00 -4.078434848817990677e+00 1.365057205109460270e+00 9.709368162075952213e+00
1.742775643679453168e+01 1.439445687723760159e+01 1.581665972090014449e+01 1.005526260738675504e+01 9.860155479225587882e+00
2.073086543319369923e+01 1.610695505826704377e+01 1.705036672394069086e+01 1.512535729090138403e+01 1.021278527646327383e+01
6.155316472286811447e+00 2.703372635472159224e+00 3.192044827728105272e+00 1.342519475462502676e+01 1.032817509199034767e+01
2.999722279949204662e+01 2.237663986405086902e+01 1.480108239363834066e+01 1.254440923117142148e+01 1.105933656402523901e+01
1.176535702939967543e+01 5.774533465437020396e+00 7.290763398375474047e+00 3.228829691652878031e-01 1.122855298909544608e+01
1.185332544016365119e+01 3.304743877609225500e+00 6.240080450452042626e+00 1.199491961829930098e+01 1.118563970807682217e+01
3.343917270316413948e+01 2.380822260626047537e+01 2.269785834867609609e+01 1.501031428853578120e+01 1.063739322254814645e+01
8.530884063431075859e+00 -2.184583502780940378e+00 4.076153929623189121e-01 3.164087204104749418e+00 1.154421234491606185e+01
