# Treated, TrueCf, Synth (all lag), GL Pred, Error
2.996809139598483540e+01 2.996809139598483540e+01 2.415052570302306023e+01 2.996768263136402055e+01 8.736998477174937050e-02
5.795017619169252399e+00 5.795017619169252399e+00 4.100362674811447228e+00 5.795146702340083777e+00 1.038293092725871558e-01
7.104176369870996766e+00 7.104176369870996766e+00 1.302556622183864299e+01 7.104059287010866086e+00 9.643395851528605012e-02
1.324059768258204883e+01 1.324059768258204883e+01 1.315636397897413445e+01 1.324062033322228693e+01 1.000975245443071898e-01
4.236744356091397101e+00 4.236744356091397101e+00 4.458623489209728064e+00 4.236638823193200842e+00 9.424852612515283168e-02
9.880485201606932222e+00 9.880485201606932222e+00 9.332398158528244281e+00 9.880472224254603475e+00 9.698122046034793331e-02
1.451781276121152864e+01 1.451781276121152864e+01 8.459794176328589543e+00 1.451766451803583990e+01 9.134282114837534439e-02
-1.114429151983205202e+01 -1.114429151983205202e+01 -9.062808757818928029e+00 -1.114390676313994177e+01 1.125153087243910693e-01
1.363339175869462139e+01 1.363339175869462139e+01 1.511126756237224811e+01 1.363360764338317921e+01 1.065187544915027207e-01
1.358135879849172234e+01 1.358135879849172234e+01 1.514307073067174159e+01 1.358132948258992734e+01 9.659275683691781467e-02
3.714759862309101823e+00 3.714759862309101823e+00 2.804957010410358276e+00 3.714888488790494492e+00 1.052176473126769513e-01
-6.055181181530093493e-02 -6.055181181530093493e-02 4.586017218363408254e+00 -6.034202038842639837e-02 1.072519294322744621e-01
4.205970980181124474e+00 4.205970980181124474e+00 9.600261792878123757e+00 4.206192511846301940e+00 1.085766495759603600e-01
2.859182319325385802e+00 2.859182319325385802e+00 4.807299020934327594e+00 2.859173589157399498e+00 1.025789619569550809e-01
9.246522639100572150e+00 9.246522639100572150e+00 9.635685488858202419e+00 9.246349303921753915e+00 9.351345642043147610e-02
-6.436380254669342271e+00 -6.436380254669342271e+00 -5.145300943547506556e+00 -6.436376123676188499e+00 1.031591554892814649e-01
1.397470490516970720e+01 1.397470490516970720e+01 1.347232780881022762e+01 1.397454013480645330e+01 9.961732535802127197e-02
7.449624510598559013e+00 7.449624510598559013e+00 7.846180081961797725e+00 7.449813949901706422e+00 1.091498265016891261e-01
1.336857962454195992e+01 1.336857962454195992e+01 1.285296828547537551e+01 1.336837911684354907e+01 1.003518614408134368e+01
-1.036239154409968855e+01 -1.036239154409968855e+01 -7.766857757408851981e+00 -1.036241643108271226e+01 1.109876159585495436e+01
2.424826870148666558e+01 2.157688310247754515e+01 1.861210402381473372e+01 1.688962550187959266e+01 1.093822057641323120e+01
1.021851856546451032e+01 8.474247363428409230e+00 6.690604817293612783e+00 8.728976469837428809e+00 1.047063328492921741e+01
3.097738462541761884e+00 1.226662265999078683e+00 5.147132290920727549e+00 2.528193116819411834e+00 1.089430309253683582e+01
2.997829017455893563e+01 2.602235843210809918e+01 2.391281409141010883e+01 1.710278498405094183e+01 1.078245912015854024e+01
1.893285372878490946e+01 1.522963375731752400e+01 7.814303878873017695e+00 4.022531071002657832e+00 1.103961637417079444e+01
-4.532213574673096268e-01 -5.297589546645854242e+00 -3.042950126572832925e+00 -1.669981989037533587e+00 1.087572325459077049e+01
1.774334645804251309e+01 1.160159761334962170e+01 5.330223345426959192e+00 6.067974618709087054e+00 1.048525700801921978e+01
-1.061878109531486380e+01 -1.810669911295373424e+01 -1.067182414829298764e+01 -5.349281095566202460e+00 1.193042576500748808e+01
3.224771305753848338e+01 2.456982854262568239e+01 1.730462082748096719e+01 9.017918743692071359e+00 1.214389562217327168e+01
5.633812329418370624e+00 -2.197507829654927747e+00 2.344053800533232756e+00 7.107959845666354859e+00 1.236822827355408272e+01
