# Treated, TrueCf, Synth (all lag), GL Pred, Error
9.098580660413647436e+00 9.098580660413647436e+00 8.735645276452530084e+00 9.098553179901664123e+00 1.030423319228208623e-01
3.308964129066756854e+00 3.308964129066756854e+00 -6.807723849572107078e-01 3.308904980317088906e+00 8.604185167207659135e-02
1.083142194527566815e+01 1.083142194527566815e+01 1.344088326196447092e+01 1.083144797385202907e+01 1.115663252251879040e-01
4.174295928842124859e+00 4.174295928842124859e+00 9.870394192001288758e+00 4.174439536493510516e+00 1.335932387038898106e-01
7.988443882252004080e+00 7.988443882252004080e+00 8.899518031493681036e+00 7.988503194218885994e+00 1.154721998447325038e-01
2.964027218827095744e+00 2.964027218827095744e+00 5.017900035280443483e+00 2.964029772534278795e+00 1.129304505474733183e-01
2.189255060301794131e+01 2.189255060301794131e+01 1.790709038046549750e+01 2.189248968632328030e+01 8.588595637546921069e-02
1.482105075963112029e+01 1.482105075963112029e+01 1.358798918267354239e+01 1.482102421580224316e+01 1.011332798630096425e-01
8.491306442703956847e+00 8.491306442703956847e+00 6.217143928308529688e+00 8.491292759317721206e+00 9.687087409505078239e-02
8.280457974725345949e+00 8.280457974725345949e+00 7.518968823812943292e+00 8.280470294451660607e+00 1.006197181028154891e-01
1.323176928625312598e+01 1.323176928625312598e+01 1.308881196286875870e+01 1.323177731990065809e+01 9.904080892657224355e-02
1.631192969906033952e+01 1.631192969906033952e+01 1.631033803125952275e+01 1.631192100392907918e+01 1.028401602357410377e-01
5.258249759813312885e+00 5.258249759813312885e+00 4.818280421674424829e+00 5.258246480584982230e+00 1.039253473738855349e-01
3.021688996621907819e+00 3.021688996621907819e+00 3.968974829637630819e+00 3.021713542721669477e+00 1.113856993861921385e-01
-6.034291320534318714e+00 -6.034291320534318714e+00 -3.292835235284621742e+00 -6.034269503412140523e+00 1.073626432343680603e-01
1.446873944404730494e+01 1.446873944404730494e+01 1.260232646930785094e+01 1.446874212831089856e+01 9.570393945741892394e-02
-8.119558582680488357e-01 -8.119558582680488357e-01 -2.658116603658576160e+00 -8.119786649841138626e-01 9.499278311856250434e-02
1.489072661905077766e+01 1.489072661905077766e+01 1.336251596970248379e+01 1.489070631175538928e+01 9.810823737485223350e-02
4.685440550907367552e+00 4.685440550907367552e+00 6.292320308618234215e+00 4.685438960720427204e+00 8.911559319753031616e+00
-1.038934782600130224e-01 -1.038934782600130224e-01 2.318956744528729352e+00 -1.038644647808197874e-01 9.294618685397761482e+00
1.865583198719197355e+01 1.563943715034559290e+01 9.806389455505966524e+00 9.802351233556610310e+00 8.863427393994816939e+00
7.180925229690084954e+00 5.249500121505196404e+00 6.140228127988415885e+00 7.883020032629744378e+00 9.199686643296045574e+00
8.159078821226227518e+00 5.519111379552790630e+00 6.062612324791548879e+00 4.983917812174261996e+00 9.613470130290304283e+00
6.339251874119328889e+00 2.854504628110375641e+00 3.077556791535106306e+00 4.992159054845362931e+00 9.572706941281733606e+00
2.573907256901463381e+00 -2.014480222252590824e+00 9.863831894977425074e-01 4.867553020769435079e+00 9.442682203622615233e+00
6.539841303601951594e+00 -2.958860879465849969e-01 -1.140034790084605065e+00 3.741055835038755273e+00 9.196642225073375698e+00
2.176107164054467447e+01 1.564298031360133656e+01 1.465130562408550752e+01 1.650265255047435886e+01 9.716858724269970438e+00
2.443355855635360996e+01 1.733368551946259117e+01 9.612816819358263487e+00 8.995512961365243143e+00 1.021398054641993447e+01
5.310663766319382084e+00 -3.743730874797145614e+00 -1.093508860854844889e+00 -9.447908439283181359e-01 1.009049378367556216e+01
1.609945523750934271e+01 7.942069120663115100e+00 8.975269885585706930e+00 1.081222353609301834e+01 1.018919968400999210e+01
