# Treated, TrueCf, Synth (all lag), GL Pred, Error
3.549210102888861407e+00 3.549210102888861407e+00 5.874625640751253819e+00 3.549429453342946239e+00 1.115960050320562863e-01
-3.426295278252401988e-01 -3.426295278252401988e-01 1.354083482319840437e+00 -3.425627576402581198e-01 1.259578652576844593e-01
5.087146079243629160e+00 5.087146079243629160e+00 6.613550495709715094e+00 5.086872989338194984e+00 7.244589859057266878e-02
4.446877898384438588e+00 4.446877898384438588e+00 3.757365097678118104e+00 4.447003944518586493e+00 1.088414668910308719e-01
1.006639982101305009e+01 1.006639982101305009e+01 9.152766745147799199e+00 1.006648407265774914e+01 1.109139511051542987e-01
4.961405577951413015e+00 4.961405577951413015e+00 2.749382372051710988e+00 4.961325773038522513e+00 8.289401716301693368e-02
-1.002265834902483377e+01 -1.002265834902483377e+01 -1.019148470751738067e+01 -1.002211028363433520e+01 1.261953043189374402e-01
8.076264804074380521e+00 8.076264804074380521e+00 5.334078763479269014e+00 8.075898549138488036e+00 7.599767731729922815e-02
6.254910990279884508e+00 6.254910990279884508e+00 5.579958068099228896e+00 6.254889568567993052e+00 1.207646408442334118e-01
9.378188342847296965e+00 9.378188342847296965e+00 9.879106188407471123e+00 9.377931665877458300e+00 8.556238409920519095e-02
8.176605683099804622e+00 8.176605683099804622e+00 4.109794867710204969e+00 8.176229893142224370e+00 7.351585659520505633e-02
2.599970244747759285e+00 2.599970244747759285e+00 4.836406069962263743e+00 2.600757966404001920e+00 1.369517209866445151e-01
1.046156225633360570e+01 1.046156225633360570e+01 7.717190962976462565e+00 1.046159228304802546e+01 1.041850733336549262e-01
-2.106557055408227797e+00 -2.106557055408227797e+00 1.759414813104586139e-01 -2.105540226180023566e+00 1.401926308513362085e-01
1.100931218579308357e+01 1.100931218579308357e+01 1.182751066298237319e+01 1.100933752851073244e+01 9.619826545968171438e-02
1.063788814492541945e+01 1.063788814492541945e+01 1.048261527802418236e+01 1.063788598198757818e+01 8.661087153360626234e-02
9.403447724077796721e+00 9.403447724077796721e+00 5.882917578570691752e+00 9.402924329600580222e+00 9.994680403020436699e-02
2.587206785835139300e+00 2.587206785835139300e+00 4.868136784108632042e-01 2.587380550531241497e+00 9.383541659648941824e-02
5.054782058504819986e+00 5.054782058504819986e+00 3.337318138007868473e+00 5.054286579761575027e+00 7.323890349102643249e+00
1.035288266683003933e+01 1.035288266683003933e+01 9.450152235996737815e+00 1.035345309152919313e+01 1.053497770963189062e+01
6.268146627291708572e-01 1.328670499043905329e+00 1.795641750796804770e+00 1.083836394362431932e+01 8.575182081025308989e+00
1.111116546720602472e+01 7.921147688537709897e+00 5.610099585644163334e+00 8.275547533939860756e+00 8.621513840898941794e+00
1.359560050529855957e+01 9.896189989477164772e+00 6.755964751993259299e+00 -2.643802628680886002e+00 7.542325403603914680e+00
5.004627985402527734e+00 1.213486727277811372e+00 -6.587502956772066653e-01 8.794734206138761223e+00 9.919639438173412316e+00
7.576202787655295978e+00 3.215130634940992049e+00 5.173513858481589622e+00 1.478636286876159112e+00 1.132288917299290176e+01
1.008638564110663616e+01 3.308296076121966856e+00 7.169961839351388200e+00 1.018305068588873574e+01 9.089959133076124687e+00
1.588469838957668934e+01 7.569862537548010195e+00 7.120130476485396542e+00 6.949029076907768498e+00 1.025971681284414139e+01
1.722742731484971657e+01 9.122680332481920118e+00 8.410377439796844712e+00 -1.892963318959205221e+00 8.450343336630842472e+00
3.208659432614123830e+01 2.328241748779148779e+01 1.279107561138247462e+01 2.621039077980336973e+00 1.019534999997542712e+01
2.828017019101485019e+01 1.870099924488668108e+01 1.071333846697919867e+01 3.370534106446283040e+00 1.054876542341605195e+01
