# Treated, TrueCf, Synth (all lag), GL Pred, Error
2.272549399387018099e+01 2.272549399387018099e+01 2.174852694638580175e+01 2.272547654850419008e+01 1.105349349820775595e-01
3.361368045296801910e+01 3.361368045296801910e+01 2.653592445200968442e+01 3.361154220296958783e+01 1.225524646263562584e-01
1.684421733315322811e+01 1.684421733315322811e+01 2.048308205978872820e+01 1.684556728629794264e+01 1.045798836312775287e-01
4.024819736727587838e+01 4.024819736727587838e+01 3.903501816777099975e+01 4.024488249907228266e+01 1.230634146077839303e-01
1.646213860790656724e+01 1.646213860790656724e+01 1.596060529667419203e+01 1.646248796750644772e+01 1.056669877517552453e-01
1.234564902683149334e+01 1.234564902683149334e+01 4.939923873055313663e+00 1.234594185909084274e+01 1.049817837348139965e-01
5.292722868273447290e-01 5.292722868273447290e-01 -6.940648784540534022e-01 5.304616370260979430e-01 1.000192678753982628e-01
1.489788145796988772e+01 1.489788145796988772e+01 7.225074652973584755e+00 1.489802781754014127e+01 1.072189419409063926e-01
4.802332326846885024e+01 4.802332326846885024e+01 4.377127084349061192e+01 4.801983627594403004e+01 1.373051066112316310e-01
1.642759927354260796e+01 1.642759927354260796e+01 2.020849435300366181e+01 1.642833612238224106e+01 1.054716995923781764e-01
1.128824740219931932e+01 1.128824740219931932e+01 8.834618236539002467e+00 1.128767252913944930e+01 1.032281022126144282e-01
-1.272964604160993929e+01 -1.272964604160993929e+01 -7.889995593901814708e+00 -1.272504752413597195e+01 1.033327683579413209e-01
1.773645509693146138e+01 1.773645509693146138e+01 1.626284890194169819e+01 1.773485073557749558e+01 1.064568301895594538e-01
8.868779634291840352e+00 8.868779634291840352e+00 1.113807128574078931e+01 8.870395964124172750e+00 1.012721072550413215e-01
1.899552838574976121e+01 1.899552838574976121e+01 1.367380533761646433e+01 1.899415306449446206e+01 1.090882201910670229e-01
3.643215440115234571e+01 3.643215440115234571e+01 3.596264415426383465e+01 3.643103024905231280e+01 1.240096448546137431e-01
2.630174056012547723e+01 2.630174056012547723e+01 2.679311810860589205e+01 2.630065957130862841e+01 1.112562290739807225e-01
-5.395776579626578418e+00 -5.395776579626578418e+00 -8.168446466855645127e+00 -5.393653022499862004e+00 9.976765113554263154e-02
3.813001996642088187e+01 3.813001996642088187e+01 3.386862148973347786e+01 3.812733975436766798e+01 1.176732090950869036e+01
2.057421746089990933e+01 2.057421746089990933e+01 2.066617844483998567e+01 2.057366177979179156e+01 1.046963637034589745e+01
-3.931733819795250051e-01 -1.761272017493303199e+00 -1.254378212440447982e+01 4.836353519933163980e+00 1.004444166471104616e+01
1.651579965224356528e+01 1.367002480481237825e+01 2.071114493136234103e+01 1.733371298664011562e+01 1.067173811214298418e+01
3.095166617031742362e+01 2.774501600745970009e+01 2.282946000808504294e+01 1.926524835418664594e+01 1.085279582901747730e+01
4.740452848932647356e+01 4.269012914057155683e+01 3.875713427324192395e+01 2.839356642474177761e+01 1.142473958486214336e+01
2.905008498238549564e+01 2.631537149248903873e+01 2.686598617898631502e+01 1.321929581082939187e+01 1.077625136438662956e+01
3.313417733177422519e+01 2.824015074594165142e+01 2.895704357695528230e+01 1.827155595855969494e+01 1.121087029417849301e+01
4.120434934383838765e+01 3.430371642009311017e+01 3.470957695158779188e+01 1.993989834410315964e+01 1.147208053990653198e+01
3.957172588595802409e+01 3.098006753650458123e+01 2.482142585911494947e+01 8.580281088020759839e+00 1.117617172122965563e+01
4.164140789542378229e+01 3.342639898745015614e+01 3.261276634520133655e+01 1.923902907157465236e+01 1.156619807731923188e+01
6.182267255850231891e+01 5.225752471931171783e+01 4.434961984116949196e+01 2.462883622705702180e+01 1.202125819768761872e+01
