# Treated, TrueCf, Synth (all lag), GL Pred, Error
4.243263281254679953e+01 4.243263281254679953e+01 3.936020198977497131e+01 4.243143690478746066e+01 5.672001517559377426e-02
-7.665300019733462200e+00 -7.665300019733462200e+00 -7.036358306355498193e+00 -7.664301843472922648e+00 1.323349216681563301e-01
2.336478166952276947e+00 2.336478166952276947e+00 6.867656974191705288e+00 2.337071766509040138e+00 1.004186586989452984e-01
2.878577547639592726e+00 2.878577547639592726e+00 1.200081139126500718e+00 2.879414637221060502e+00 1.260230544605064895e-01
1.554457390834015840e+01 1.554457390834015840e+01 1.479838070214356271e+01 1.554411189029980989e+01 7.937948419094878472e-02
2.602815617058619679e+01 2.602815617058619679e+01 2.519751523057327702e+01 2.602810029577935325e+01 7.287702582648163119e-02
1.652247493811658074e+01 1.652247493811658074e+01 1.825563104324751862e+01 1.652275946034997745e+01 9.065067278471336532e-02
8.450116134409396906e+00 8.450116134409396906e+00 1.097771854003080350e+01 8.449887200088440409e+00 1.098186433471574630e-01
9.838974353175302667e+00 9.838974353175302667e+00 6.416239372491865822e+00 9.838912996180802395e+00 9.206352822333170594e-02
1.868076079548852064e+01 1.868076079548852064e+01 2.040201216091932324e+01 1.868074625415250978e+01 7.549859507508568934e-02
4.274139731086910921e+00 4.274139731086910921e+00 6.521717274170488743e+00 4.274336784199446626e+00 9.303632326281953413e-02
8.768886551649146099e+00 8.768886551649146099e+00 8.589769746646942039e+00 8.768365989550183315e+00 7.966076333339464077e-02
1.126496454179165596e+01 1.126496454179165596e+01 1.267176529425337961e+01 1.126560922685297506e+01 1.098732016717813009e-01
5.846764564378967854e-01 5.846764564378967854e-01 7.761642583520428573e+00 5.858765924664481872e-01 1.254169465428093821e-01
1.292427676984295992e+01 1.292427676984295992e+01 1.048428916286506052e+01 1.292427208094643554e+01 9.032770558087128976e-02
1.543698621784550085e+01 1.543698621784550085e+01 1.410035012543550259e+01 1.543687118222680432e+01 8.000213899756079827e-02
-3.586389609198657347e+00 -3.586389609198657347e+00 7.237439646385955827e-01 -3.585595404484232418e+00 1.228753892502828376e-01
2.950524324430739753e+01 2.950524324430739753e+01 2.774780223804155810e+01 2.950428806232636703e+01 6.572178363132279155e-02
2.009276628000176590e+00 2.009276628000176590e+00 5.136621903506131126e-01 2.009385983022575317e+00 1.014844535210295717e+01
1.281230145470994231e+01 1.281230145470994231e+01 1.055035652750435560e+01 1.281213559633199139e+01 7.012068668121891335e+00
-7.735410225196011957e+00 -6.162020888331325885e+00 -3.530371961172822814e+00 1.974965520174223998e+00 8.369266149811208422e+00
2.194494324742311164e+01 2.076408357085469447e+01 2.092230418904540556e+01 1.551538557603948831e+01 6.959584944102900295e+00
3.209909109780361369e+00 4.872524052289901597e-01 2.037814827492275160e+00 1.132138513111935652e+01 8.530901324706904987e+00
1.519062587775062845e+01 1.003611847457704265e+01 6.076019245484710396e+00 1.286346467910531821e+01 7.304581512591611592e+00
-1.140073712380081972e+01 -1.588418159196563550e+01 -7.286193644651643098e+00 1.411351483665900908e+00 9.599379013390597848e+00
1.515772635198180041e+01 8.350839316202472773e+00 6.278544680339293471e+00 -5.541892463956799020e+00 9.572890784014905563e+00
2.440181515416747260e+01 1.764724127199159653e+01 2.009069467657887031e+01 1.768622447038426060e+01 7.497884555220078795e+00
2.454784533868332730e+01 1.548771700952291930e+01 1.938139350969641228e+01 1.927286248223186860e+01 9.654190202319851366e+00
1.970036600726706411e+01 1.166310300929081301e+01 1.348969641600750080e+01 7.767403229478106574e+00 1.035151828205736102e+01
3.694985066583716105e+01 2.694444952815409522e+01 2.631567237249546309e+01 1.589077799643402500e+01 9.198726841306205770e+00
