# Treated, TrueCf, Synth (all lag), GL Pred, Error
1.402929290329873524e+01 1.402929290329873524e+01 1.047658506874010520e+01 1.402914848537283810e+01 1.100555402203955840e-01
-2.675301655509087162e+00 -2.675301655509087162e+00 2.777142399645949666e+00 -2.675044074673555983e+00 1.098946472262277568e-01
7.894325330656300821e+00 7.894325330656300821e+00 1.153938441038560825e+01 7.894442533914196147e+00 1.003982001534873408e-01
2.132854494665787470e+01 2.132854494665787470e+01 2.241618963839258427e+01 2.132837986988680612e+01 1.071597954181711804e-01
-2.206948703757634966e+00 -2.206948703757634966e+00 -9.470105196394900116e-01 -2.206797960173610296e+00 1.074691087779419130e-01
2.236362515445927457e+01 2.236362515445927457e+01 2.293137470286904644e+01 2.236367872099235754e+01 1.014036007493139685e-01
-4.337714120153397523e-01 -4.337714120153397523e-01 8.517620578853281055e-01 -4.336661208042471571e-01 1.018833779465651290e-01
2.118178426230968725e+01 2.118178426230968725e+01 2.442243342994218480e+01 2.118177307990364255e+01 1.014814059756686260e-01
3.033925231766827224e+01 3.033925231766827224e+01 2.799793678016090936e+01 3.033892080352982390e+01 1.262365709363263699e-01
1.048081381634125719e+01 1.048081381634125719e+01 8.851638393899605717e+00 1.048071136500870892e+01 1.014115796298445532e-01
6.053319865925264942e+00 6.053319865925264942e+00 4.726335253540278281e+00 6.053286060333746832e+00 1.007899268510409202e-01
8.244870447504517585e+00 8.244870447504517585e+00 8.446079696022462002e+00 8.244905802046771370e+00 9.999148583848040117e-02
8.012552557388849195e+00 8.012552557388849195e+00 8.876195957049391794e+00 8.012718955956978917e+00 1.007605263385763089e-01
1.633263198510221414e+01 1.633263198510221414e+01 1.715403679302367124e+01 1.633245348019723409e+01 1.082093436079945709e-01
1.695204616524238972e+01 1.695204616524238972e+01 1.068340868430092172e+01 1.695188032096469399e+01 1.071513637520960377e-01
1.978412280966493242e+01 1.978412280966493242e+01 1.745285977896507035e+01 1.978403076579330033e+01 1.109731122563162309e-01
3.665918762368986172e+00 3.665918762368986172e+00 3.022220481325297303e+00 3.665954496182781241e+00 1.000016352035590778e-01
3.181314742215515068e+01 3.181314742215515068e+01 3.306673804474033318e+01 3.181304122983622662e+01 1.164945250147694650e-01
-1.078485272053035615e+01 -1.078485272053035615e+01 -5.028590835335047693e+00 -1.078445919269106490e+01 8.746187907685749607e+00
1.224496745676453457e+01 1.224496745676453457e+01 1.047346286526678583e+01 1.224492076063310364e+01 7.490016229335022757e+00
1.759917743850241934e+01 1.565119107569636547e+01 1.728768440213102053e+01 1.896744853905339312e+01 7.782008252308828311e+00
6.943219401358808440e+00 5.281608333922823917e+00 6.501495229908757167e+00 1.045317076728573014e+01 7.574937377891888701e+00
6.753605290678827977e+00 4.809039153455335835e+00 2.864440698135662711e+00 9.185520837241886838e+00 7.699163269411783084e+00
1.104366142615655555e+01 8.117590269249960855e+00 6.755430143409341781e+00 7.266840793357993711e+00 7.840007147993775405e+00
1.830012046174732632e+01 1.234922785333016115e+01 1.222292027940231307e+01 8.616857659776956169e+00 7.780802428649543856e+00
2.112947991605327047e+01 1.543826910680941999e+01 1.507185867183947892e+01 1.370652445824321397e+01 8.107125458174975208e+00
1.532042311520850575e+01 9.415340692164106073e+00 1.487592388981320823e+01 1.285021639879405697e+01 8.266578186756714075e+00
9.573001636998593966e+00 8.623218336234430570e-01 5.458659296681343420e+00 4.646590237610809027e+00 8.477054898993468868e+00
2.656687499103828287e+01 1.701205292263497171e+01 2.151976246323605224e+01 1.631412859033768825e+01 8.761204260796125354e+00
9.014444975779630553e+00 -1.088373485496349158e+00 1.345377132813088572e+00 6.185442933392968357e+00 8.781030858985056753e+00
