# Treated, TrueCf, Synth (all lag), GL Pred, Error
8.384906750945848586e+00 8.384906750945848586e+00 8.757787023265217741e+00 8.384833570088451538e+00 1.005628559880823586e-01
6.198405377446396081e+00 6.198405377446396081e+00 6.392198506703593353e+00 6.198384244213473337e+00 1.004378114135471844e-01
1.136715131062331707e+01 1.136715131062331707e+01 1.089948047689433608e+01 1.136719738857238404e+01 1.017845103727738898e-01
1.085559523170459251e+01 1.085559523170459251e+01 1.122928847739276925e+01 1.085564679125673848e+01 1.037552355580901725e-01
-8.453123948332953219e+00 -8.453123948332953219e+00 -1.204513840866801855e-01 -8.452876696222114461e+00 1.214959684827497666e-01
1.573096989015930802e+01 1.573096989015930802e+01 1.264640071452167902e+01 1.573097564560797501e+01 1.017569023051246441e-01
1.168044642752952988e+01 1.168044642752952988e+01 1.167696929196585032e+01 1.168046705119637529e+01 1.000704477197130043e-01
7.107752900061919732e+00 7.107752900061919732e+00 4.054090481334377216e+00 7.107625531902034055e+00 1.019933940463239180e-01
1.869392312470295536e+01 1.869392312470295536e+01 1.659434786319263821e+01 1.869383081821728609e+01 1.012106187452611605e-01
1.175890147314055589e+01 1.175890147314055589e+01 9.790919616011764859e+00 1.175888622591935828e+01 1.001193596904135785e-01
-3.303419783027542689e+00 -3.303419783027542689e+00 -5.350761177363868804e+00 -3.303470044377784021e+00 9.995159371820076799e-02
1.245646066923560369e+01 1.245646066923560369e+01 1.497261447038580329e+01 1.245658524982224868e+01 1.059959502956555194e-01
2.828066027488669931e+01 2.828066027488669931e+01 2.673918440013127551e+01 2.828058617688228438e+01 1.002901722893506653e-01
9.591429952646526758e+00 9.591429952646526758e+00 1.152760163252187375e+01 9.591472770747348164e+00 1.012423022222777441e-01
1.354248633113398270e+01 1.354248633113398270e+01 1.430372723711663951e+01 1.354244227738711004e+01 1.004218748852428178e-01
7.225968907208603298e+00 7.225968907208603298e+00 4.149840410083972309e+00 7.225923693199762354e+00 1.000048202159442845e-01
1.066384523778873117e+01 1.066384523778873117e+01 9.827249030713762323e+00 1.066385019908698695e+01 1.000925632781536762e-01
8.467751174984218920e+00 8.467751174984218920e+00 1.262124570815628744e+01 8.467760410132081361e+00 1.000157309509815268e-01
1.508643213284522133e+01 1.508643213284522133e+01 1.470538566745645603e+01 1.508649867015673607e+01 9.246712796634032117e+00
1.599631503486756756e+01 1.599631503486756756e+01 1.604037156536017505e+01 1.599632228128068334e+01 9.281715850386323297e+00
4.702608980488760082e+00 3.621917144802151434e+00 8.634917849389605493e+00 7.122841833541430745e+00 9.340213527774881896e+00
-2.151587589519050159e+00 -4.570648951039931518e+00 -6.889924009306778174e+00 -4.872354507893041919e+00 9.679650945509163051e+00
8.735413864720733557e+00 6.400978256006589540e+00 8.131853344193590516e+00 1.673780521036417213e+01 9.705667436385537528e+00
2.020254158748105411e+01 1.523663503862967517e+01 1.046409378561559222e+01 1.129610366253270115e+01 9.700341984873785961e+00
1.563465750855167258e+01 1.122000557802176957e+01 9.996464924707129995e+00 5.380008180026029763e+00 1.020381104574863862e+01
4.007332266480277738e+00 -1.135974205292475503e+00 -8.259115548244845284e-01 5.273135122292893939e+00 1.039820131060115216e+01
1.129337740107114385e+01 2.640182361000532385e+00 9.837028732013497034e+00 1.464327741879252009e+01 1.053593463834754829e+01
1.175313947248982061e+01 3.730636484625060145e+00 2.759711181035876759e+00 -5.953848360482106195e+00 1.061326968256434355e+01
1.757129297881360586e+01 1.056433600977388032e+01 1.538148867923782248e+01 1.233474013774002387e+01 1.136617018751380570e+01
1.323943571959373067e+00 -9.104520616680462197e+00 -5.389747598914660820e+00 -1.470076002476314869e+00 1.198958667909979248e+01
