# Treated, TrueCf, Synth (all lag), GL Pred, Error
-8.177303787049819417e-02 -8.177303787049819417e-02 8.022717072638589908e-01 -8.174228428026486526e-02 1.046789355766261781e-01
-3.437119126459601937e+00 -3.437119126459601937e+00 -1.514013121632973080e+00 -3.437079025538633203e+00 1.079900213102577139e-01
5.341788486650175471e+00 5.341788486650175471e+00 5.092822455819214333e+00 5.341775572257111193e+00 9.881148341809216362e-02
2.983205219426877441e+00 2.983205219426877441e+00 2.918328909148265593e-01 2.983191181059663410e+00 9.997234610181240932e-02
6.024697004034326397e+00 6.024697004034326397e+00 6.884188303792072361e+00 6.024680466479686025e+00 1.001122109195287657e-01
7.390315328571640308e+00 7.390315328571640308e+00 8.466191391052664272e+00 7.390309514776106425e+00 9.813238699961662759e-02
7.342537879132443379e+00 7.342537879132443379e+00 7.118435867072530954e+00 7.342559624214700875e+00 1.060463387214215653e-01
9.845976421295679515e+00 9.845976421295679515e+00 8.706833431253924616e+00 9.845960104192702289e+00 9.815617291555471524e-02
1.069997431364029872e+01 1.069997431364029872e+01 6.973243359866926561e+00 1.069995690541580124e+01 1.006301400423914860e-01
4.739017093783552070e+00 4.739017093783552070e+00 3.758738609565084765e+00 4.739001987692091689e+00 1.021517015810377710e-01
3.354838184618625707e+00 3.354838184618625707e+00 4.439714706284961565e+00 3.354885374712631041e+00 1.057689736337937975e-01
1.963239110619931838e+00 1.963239110619931838e+00 2.145663306107790547e+00 1.963205263782219490e+00 1.007535096315189810e-01
1.173616846523478152e+01 1.173616846523478152e+01 7.648415210637887540e+00 1.173614365176352514e+01 9.983425913752766445e-02
-1.392822600678093048e-01 -1.392822600678093048e-01 2.308494927384415196e-01 -1.392376897031613048e-01 1.054021870898543684e-01
2.527907156605433858e+00 2.527907156605433858e+00 4.419964784272337077e+00 2.527895136104561846e+00 1.036284437455364110e-01
1.938848152028814198e+01 1.938848152028814198e+01 1.676954446515132346e+01 1.938844891678247606e+01 9.535328197056458510e-02
8.869848096784945790e-01 8.869848096784945790e-01 6.626807217927343174e+00 8.870560303928911594e-01 1.096972016147697848e-01
1.057264938378983921e+01 1.057264938378983921e+01 9.378651810097087704e+00 1.057262896253801543e+01 9.880400391823483675e-02
1.123207650302467364e+01 1.123207650302467364e+01 5.883116684292933662e+00 1.123198616316653187e+01 7.593012531013700439e+00
5.481714879025908260e+00 5.481714879025908260e+00 1.100006204215318739e+01 5.481847864393660785e+00 9.683253863335878009e+00
1.639225523685727026e+01 1.592179125115151628e+01 1.963059204089216436e+01 1.782379032314099732e+01 8.631535310080451495e+00
7.179923677706051777e+00 5.397425014589093628e+00 6.786195995082122678e+00 1.439229962819135622e+00 9.287669587402682225e+00
1.284567643476180265e+01 8.637158823926169404e+00 1.002762799657867809e+01 7.968947258210423712e+00 9.067978829793416296e+00
7.026309214903018407e+00 4.297431128310996051e+00 6.378433974767522940e+00 6.382106614962182789e+00 9.388727617001105585e+00
1.001090436305988440e+01 4.369368855718246181e+00 7.000866518970705776e+00 4.274329184695737638e+00 9.684424863885322310e+00
1.446638812001445906e+01 8.178257011685673206e+00 3.277863051829941643e+00 8.669112346395337454e+00 9.231180674851426460e+00
1.218704990625753481e+01 4.308224562073633912e+00 5.439881931585589747e+00 2.953304131901650642e+00 1.004890651298670079e+01
2.109648781472343515e+01 1.267700622850550296e+01 1.726103538698272999e+01 1.543162785106889245e+01 1.001764010115146242e+01
7.852187627089091571e+00 -2.015542067742704280e+00 4.958046124740855376e+00 1.061562339630063612e+01 1.035974511205577109e+01
1.800697615555903397e+01 6.867260945084666446e+00 7.470907719012853221e+00 3.676962107774713662e+00 1.077607663142183547e+01
