# Treated, TrueCf, Synth (all lag), GL Pred, Error
5.507907269383677473e+00 5.507907269383677473e+00 7.013768805150029095e+00 5.508772695895001625e+00 1.022628418779143733e-01
3.706563650549068445e+00 3.706563650549068445e+00 6.029641318869356503e+00 3.706962654766277065e+00 9.985239114365547508e-02
-8.162562139899764091e+00 -8.162562139899764091e+00 -6.259031698806771793e+00 -8.161743093341144117e+00 9.788973847067242162e-02
3.133988498157414426e+01 3.133988498157414426e+01 3.409826108102119946e+01 3.133790904675980471e+01 1.501218521039364706e-01
9.497962902025035348e+00 9.497962902025035348e+00 1.040159145576005528e+01 9.497648955770651824e+00 1.084543731176922515e-01
4.610320752940896227e+01 4.610320752940896227e+01 4.404090156844992521e+01 4.610085218656378458e+01 2.011044100477986651e-01
-4.646165359332127487e+00 -4.646165359332127487e+00 -2.027712644269899833e+00 -4.645418008018459943e+00 9.753903083104242810e-02
1.590597204318986613e+01 1.590597204318986613e+01 1.218838527377092618e+01 1.590502598251173083e+01 1.231717948735963075e-01
1.696135280886075236e+01 1.696135280886075236e+01 1.321981793893035118e+01 1.696081950680002137e+01 1.253708790362406400e-01
1.681712243193839740e+01 1.681712243193839740e+01 1.306192602152158955e+01 1.681649647861477348e+01 1.264184939128161766e-01
9.976845716551791199e+00 9.976845716551791199e+00 1.038100088371355412e+01 9.977293381580553344e+00 1.100271325413663265e-01
-1.495180041540022842e+01 -1.495180041540022842e+01 -1.264200499963540913e+01 -1.495066091299188749e+01 1.042408291575199070e-01
-1.996496957283800278e+00 -1.996496957283800278e+00 1.800116613371740559e+00 -1.995477944258928105e+00 9.676830647171434652e-02
2.030118944319953300e+01 2.030118944319953300e+01 2.123816376989472587e+01 2.030057016523887370e+01 1.278339631322983339e-01
2.343243171694288662e+01 2.343243171694288662e+01 1.903378933767811887e+01 2.343117676395551285e+01 1.394258659314378535e-01
1.254898202071656499e+01 1.254898202071656499e+01 7.073188587802066607e+00 1.254817630088222558e+01 1.196214617354284665e-01
-1.643450446915568008e+01 -1.643450446915568008e+01 -1.073089271926166433e+01 -1.643303900393301120e+01 1.102748518116639931e-01
1.236955979885198076e+01 1.236955979885198076e+01 1.178791080845532946e+01 1.236958408453071812e+01 1.118794582933336501e-01
1.239454951480967893e+01 1.239454951480967893e+01 1.139849491605991005e+01 1.239454638433284828e+01 1.012762561495091163e+01
1.894975697488171207e+01 1.894975697488171207e+01 1.802179912883393342e+01 1.894869975718058441e+01 1.151317912666086229e+01
3.606018038290129368e+01 3.564119552213432485e+01 3.526883285756968434e+01 1.933663316422429546e+01 1.003646928275911243e+01
1.123019974409388055e+01 1.000514372814449260e+01 6.170770437358248373e+00 3.666758819007177372e+00 9.125806588970988287e+00
4.484867375722103588e+01 4.192736347741626446e+01 3.988261347327279083e+01 3.014446643448348340e+01 1.278532689585468773e+01
4.701104423599335291e+01 4.208099336156810466e+01 3.338027219351545938e+01 1.924564600557930305e+01 1.051919007017619201e+01
1.986109643442160566e+00 -3.638631662775234421e+00 -6.501102176519482079e+00 2.353827642812292176e+00 1.018425215215634516e+01
2.755123578740312240e+01 2.109683619800373933e+01 1.992889665949797973e+01 8.747334372887985765e+00 9.738906169498232401e+00
3.724039836149184168e+01 3.039770567992675865e+01 2.875115936102925218e+01 1.508616504258476887e+01 1.025393047718300465e+01
4.206341714944871768e+01 3.476959011905401553e+01 3.275731335832205104e+01 2.727959377286129694e+01 1.338961709628421914e+01
1.510412502780688726e+01 4.892422284078204342e+00 3.888873175036267948e+00 5.577548566278439424e+00 1.049499489114017869e+01
2.655012508650257530e+01 1.764362218013177852e+01 1.741012789352123136e+01 9.466469231250560057e+00 1.028876148385133682e+01
