# Treated, TrueCf, Synth (all lag), GL Pred, Error
1.656453322112656679e+01 1.656453322112656679e+01 1.877953222783156662e+01 1.656471118418081545e+01 1.019987361832535994e-01
1.723782836504116034e+01 1.723782836504116034e+01 1.856487629048178434e+01 1.723784984144009158e+01 9.167253774020954482e-02
4.199988934253156003e+00 4.199988934253156003e+00 -5.340164781546963280e-01 4.199914896032802325e+00 8.591417318509958490e-02
-6.571872226388606464e-01 -6.571872226388606464e-01 2.423593041513526281e+00 -6.569286053041527573e-01 1.143974190291726228e-01
-1.481782920607885856e+00 -1.481782920607885856e+00 -4.714642991646184278e+00 -1.481713707159464155e+00 9.684011508295761739e-02
3.058422401790093659e+01 3.058422401790093659e+01 3.035670346271892228e+01 3.058405975520324560e+01 7.387848830531283661e-02
2.891845080524878497e+01 2.891845080524878497e+01 2.734558184727029229e+01 2.891833961320980961e+01 7.769459862246912152e-02
2.293272163796076413e+01 2.293272163796076413e+01 2.382629766480150835e+01 2.293272263426117874e+01 8.324033624784071828e-02
1.937353449093560087e+01 1.937353449093560087e+01 1.770564048119029721e+01 1.937346983133819833e+01 8.139521097811770745e-02
2.442704098493042508e+01 2.442704098493042508e+01 1.972725650867000269e+01 2.442684698791545372e+01 7.315851021728163317e-02
3.426461288681498019e+00 3.426461288681498019e+00 1.609224983493474204e+00 3.426511877849652166e+00 8.923987538118219320e-02
2.877961536871894310e+01 2.877961536871894310e+01 2.813740684807167014e+01 2.877950768758808664e+01 7.708444844274510432e-02
6.349944470684274478e+00 6.349944470684274478e+00 5.819567119137193600e+00 6.349972646633086804e+00 9.798077562682920572e-02
1.107253945816968610e+01 1.107253945816968610e+01 8.380953957658306308e+00 1.107252977459081222e+01 8.778264092691105691e-02
1.230882094795134662e+01 1.230882094795134662e+01 1.058193003608410976e+01 1.230879812929962114e+01 8.474954758623751139e-02
7.709287328991276667e+00 7.709287328991276667e+00 6.971598139542973804e+00 7.709385403287510208e+00 1.023232915378837343e-01
2.335635283830509223e+01 2.335635283830509223e+01 2.541934824032375673e+01 2.335640212565066065e+01 9.407354423710101443e-02
1.238164733733880851e+01 1.238164733733880851e+01 1.514631661066694335e+01 1.238179449193938630e+01 1.041508838488262173e-01
9.725361721796811354e-01 9.725361721796811354e-01 -6.559819115291249947e-01 9.725174938745051456e-01 8.411085555582200612e+00
1.846519308965963901e+01 1.846519308965963901e+01 1.644724915265680920e+01 1.846521364752926786e+01 8.667174271895184745e+00
1.046083941238901005e+01 8.783343524932632818e+00 1.482373599575885592e+01 1.228232663766189958e+01 8.877597708551656197e+00
3.983020711733656682e+00 1.574819547873601344e+00 1.511573868181307900e-01 2.439375064667888893e+00 8.951710842790122413e+00
1.588306092497132660e+01 1.353112747739928778e+01 1.119418030447276102e+01 1.259674927189267990e+01 9.045476846241653490e+00
1.249544064950040401e+01 9.449502469472450983e+00 9.522202379133005934e+00 6.793713763020786445e+00 1.021731262515841188e+01
1.055433146718016779e+01 6.438775337306944735e+00 6.796932567042391682e+00 1.099708930100669058e+01 9.395379946057532905e+00
1.481315590523692194e+01 1.215925510192891146e+01 1.259032285090164827e+01 1.077193912001224518e+01 1.014499782094477709e+01
2.397798557345529247e+01 1.578606849308965465e+01 1.521607436315850315e+01 1.033904067641517521e+01 1.040079098815796144e+01
2.284637661783770923e+01 1.444397240647843361e+01 1.452530570495278006e+01 1.070602021915469138e+01 1.044858759358776545e+01
2.998046297242246894e+01 2.026730415505485539e+01 1.667419907848330851e+01 1.237833226577966883e+01 1.072513342003440329e+01
2.277931073863762634e+01 1.273429408647349170e+01 1.196032240471290997e+01 1.080486486775896360e+01 1.154301324101805371e+01
