# Treated, TrueCf, Synth (all lag), GL Pred, Error
-3.668975718825899346e+00 -3.668975718825899346e+00 -4.308946477971633549e+00 -3.669030637142657980e+00 9.097001364597406825e-02
1.427612462339518729e+01 1.427612462339518729e+01 8.955519238450547093e+00 1.427607674664416848e+01 9.068679443943893081e-02
-4.282099340895459960e+00 -4.282099340895459960e+00 -1.924982292622363644e+00 -4.281927862122886452e+00 1.262418757542048409e-01
3.380557636178486369e+00 3.380557636178486369e+00 9.032521846154644152e+00 3.380801219812024527e+00 1.343959566700946850e-01
1.508052466434195971e+01 1.508052466434195971e+01 1.584211945145646894e+01 1.508042900526297814e+01 8.357627675462959982e-02
1.528931526465753343e+01 1.528931526465753343e+01 1.478578111443711585e+01 1.528926928781533512e+01 9.905269361956113572e-02
1.342918147715252308e+00 1.342918147715252308e+00 3.519104224300282358e+00 1.343015093078799183e+00 1.248087007255226089e-01
7.876574911602010509e+00 7.876574911602010509e+00 9.738556952646559850e+00 7.876547817105113758e+00 1.054071177149015354e-01
1.327599331918627179e+01 1.327599331918627179e+01 1.439572836505071862e+01 1.327590906082990685e+01 8.808934902864866412e-02
2.160876667926479655e+01 2.160876667926479655e+01 1.970175308091414479e+01 2.160888777054016430e+01 1.124208744019589840e-01
9.674703449590207782e+00 9.674703449590207782e+00 1.211217696415964618e+01 9.674860792321851477e+00 1.283715185371364365e-01
-5.521014139722300484e+00 -5.521014139722300484e+00 -2.656895991817528557e+00 -5.521073228343297501e+00 1.079845636847274609e-01
1.782103305110496549e+01 1.782103305110496549e+01 1.615404256745568645e+01 1.782091666534020291e+01 8.262636772705267418e-02
1.940091505981021314e+01 1.940091505981021314e+01 1.925407021920402073e+01 1.940078424155817771e+01 8.132702869071851970e-02
6.482862243697168125e+00 6.482862243697168125e+00 2.322644439925149573e+00 6.482730024762866528e+00 9.835694111069852308e-02
1.179096106198464966e+01 1.179096106198464966e+01 8.987112340593192528e+00 1.179099311650273307e+01 1.222418625174484935e-01
-1.885117869955343028e+00 -1.885117869955343028e+00 3.137362764115922964e+00 -1.884980676784754117e+00 1.228583471949563077e-01
4.783099771918888354e-01 4.783099771918888354e-01 2.303422838899733538e-01 4.783663999116192223e-01 1.127172969222680621e-01
1.565511942725418670e+01 1.565511942725418670e+01 1.627200983611113827e+01 1.565513504040289305e+01 9.938091806678819751e+00
-5.034763782749932304e+00 -5.034763782749932304e+00 -9.537640818536958776e-01 -5.034567685246068791e+00 1.210867448383952016e+01
8.968272829307229799e+00 7.446992398199750340e+00 3.873443660545560441e+00 1.169819462941160459e+00 9.862872043345287665e+00
1.259282213724391575e+01 9.957446732100297737e+00 6.835640962880267679e+00 4.490874412593881537e+00 1.083947053791620441e+01
-2.769731826068695835e+00 -4.776432639899404364e+00 -4.805385120554957368e+00 -5.790479302935747974e+00 1.113528723175571677e+01
1.463320082941544520e+01 9.813444057618779581e+00 6.603230530595377346e+00 6.106660811140663725e+00 1.073488631838417540e+01
1.638101236703617047e+01 9.984124289124146401e+00 9.329361622266922893e+00 1.020837259942423891e+01 1.151498946904746212e+01
1.697851727424309587e+01 1.065715303869748887e+01 1.660734994177287049e+01 8.736010988378131614e+00 1.137182303315497833e+01
1.954802798714584178e+00 -4.405437778657530501e+00 -5.407076728984050895e+00 2.955698428641284625e+00 1.088651615191643174e+01
1.958086707606411991e+01 1.179661759176668490e+01 1.201742596863636692e+01 1.205327189660421183e+01 1.244352156135285803e+01
9.460583368983369823e+00 1.014335079998176292e+00 2.061055663023626305e+00 1.870002832292163575e-01 1.203956322155143610e+01
1.370792062569751124e+01 5.924941529166378729e+00 6.851824068719546190e+00 1.286795396613296560e+01 1.183769988941875440e+01
