# Treated, TrueCf, Synth (all lag), GL Pred, Error
2.588677150223756485e+01 2.588677150223756485e+01 2.120407107272390235e+01 2.588584480632412266e+01 8.724089961632321144e-02
1.392646761429812763e+01 1.392646761429812763e+01 1.228153401492623154e+01 1.392697158615125730e+01 9.202248821600382545e-02
1.485245341075675896e+01 1.485245341075675896e+01 1.419745280696529655e+01 1.485309287347120843e+01 9.411930856154986091e-02
9.799882141433339910e+00 9.799882141433339910e+00 7.680211056279487636e+00 9.799920328983700912e+00 9.511169746977962691e-02
2.157595740275812446e+01 2.157595740275812446e+01 2.180128396653122635e+01 2.157504740614036010e+01 8.900101293276053982e-02
-6.817189174484814984e+00 -6.817189174484814984e+00 -1.296850374268342598e+00 -6.815658299420768174e+00 1.080363024360594393e-01
-9.446711240623587358e+00 -9.446711240623587358e+00 -6.722019314410329294e+00 -9.444958349460828018e+00 1.086530482444419410e-01
2.454652408547231701e+01 2.454652408547231701e+01 2.175721643548930473e+01 2.454573749934210269e+01 8.641941505020300784e-02
1.487955228662138474e+01 1.487955228662138474e+01 1.300524362987948912e+01 1.488019802116671286e+01 9.464335002506095440e-02
2.423477595125298834e+01 2.423477595125298834e+01 1.548661504799843414e+01 2.423419178853765743e+01 8.548910629998680843e-02
5.555940036447947961e+01 5.555940036447947961e+01 5.158259204437369760e+01 5.555735912868028947e+01 7.716536877831801922e-02
2.242932336156083650e+01 2.242932336156083650e+01 1.536360573663868756e+01 2.242820083569955614e+01 8.665246495164415086e-02
2.124889991757974883e+01 2.124889991757974883e+01 1.843598428638954445e+01 2.124917882335340380e+01 8.974852994658993888e-02
3.521093814907480191e+00 3.521093814907480191e+00 2.775039012816370665e+00 3.522018760038168494e+00 9.986796958986268735e-02
1.142302632679608898e+01 1.142302632679608898e+01 1.895226100818953441e+01 1.142323229944794782e+01 9.895244993323616678e-02
1.169768671286667150e+01 1.169768671286667150e+01 9.576952654615050520e+00 1.169779197629871703e+01 9.350167795364486278e-02
1.071864991231115027e+01 1.071864991231115027e+01 8.022249545631037648e+00 1.071879041317190584e+01 9.448413203549090034e-02
2.786663370890009972e+01 2.786663370890009972e+01 2.961868226488432043e+01 2.786594189734117322e+01 8.767295343584069478e-02
2.011665461124616883e+01 2.011665461124616883e+01 1.778215867896951963e+01 2.011619896359346527e+01 8.328617310428318987e+00
1.018383617104606920e+01 1.018383617104606920e+01 1.521134448383507198e+01 1.018519861306288377e+01 9.367042793666842115e+00
1.825870830904250397e+01 1.669491581522161638e+01 1.697022181585951373e+01 1.292736329739909173e+01 9.025236205241402132e+00
1.355964157131947445e+01 1.096797380160045599e+01 9.267081651583847446e+00 7.004784449737724294e+00 9.759638764121108423e+00
3.931416223906831675e+01 3.556142194210021046e+01 3.245222931148897771e+01 1.862229531840941377e+01 9.424406891877488590e+00
3.569724767904023111e+01 3.148364809123746610e+01 1.818255769701245583e+01 1.346360986519313130e+01 9.476713835130723851e+00
1.248518325461018286e+01 5.985512983952593125e+00 9.258916869427588736e+00 8.042984276624267181e+00 9.644022534960077664e+00
1.639389644078715236e+01 9.548457418444805000e+00 1.016098509712325537e+01 1.147426459576064062e+01 9.433166877590634769e+00
4.602246934555104474e+01 4.011454821032052820e+01 3.321195389672975296e+01 2.562883703011578262e+01 9.609240887453177393e+00
5.293721700677619424e+01 4.591327375686255152e+01 3.384968257522014312e+01 2.323728373982660145e+01 9.950386145983221908e+00
2.900152084228063032e+01 1.974763681159986461e+01 2.251561593643867809e+01 1.663080397749296679e+01 1.017125853441262784e+01
3.965028496450368323e+01 2.967616911283040082e+01 3.053073333799932954e+01 2.426246141987806126e+01 1.028074633245582703e+01
