# Treated, TrueCf, Synth (all lag), GL Pred, Error
6.942698001293001298e+00 6.942698001293001298e+00 7.546443670627560607e+00 6.942345977024261039e+00 1.054640730047971126e-01
-6.678484310732343054e+00 -6.678484310732343054e+00 -6.247508686597363692e+00 -6.677889432334211506e+00 1.133983570748235969e-01
-1.366366015339628870e+00 -1.366366015339628870e+00 -1.940777037737412503e+00 -1.366108737430476339e+00 1.105096594017854067e-01
-1.532104925592868261e+00 -1.532104925592868261e+00 -8.573218744618164022e-01 -1.531642179370529711e+00 1.076132420919220511e-01
-7.692734002757316558e-01 -7.692734002757316558e-01 -1.502873944962884734e-02 -7.690677661575886503e-01 1.099405962031917428e-01
1.231371026698026938e+01 1.231371026698026938e+01 1.282212147249864387e+01 1.231322932815401039e+01 9.662370982518186935e-02
1.071745172113424083e+01 1.071745172113424083e+01 8.534154463739787033e+00 1.071686961796586957e+01 9.373111293873551131e-02
3.473159806493500312e+00 3.473159806493500312e+00 5.342623540247725122e-01 3.473322351703727939e+00 1.046193799856896117e-01
8.175993902238596789e+00 8.175993902238596789e+00 8.657036562240136846e+00 8.175731007045433429e+00 9.847266312863950377e-02
-7.317150925876822143e+00 -7.317150925876822143e+00 -1.052419643303967867e+00 -7.315918746802262618e+00 1.112750774836108875e-01
8.531797748577623963e+00 8.531797748577623963e+00 9.860394090919822219e+00 8.532312355892088362e+00 1.062052874989486834e-01
2.231149548755144707e+01 2.231149548755144707e+01 1.928272752373100829e+01 2.231049688589874691e+01 8.652540658012933261e-02
3.038860144167782096e+01 3.038860144167782096e+01 2.502282070208202569e+01 3.038749838561495764e+01 8.731819258831896580e-02
7.658806261437767660e+00 7.658806261437767660e+00 9.060338719467914359e+00 7.659339221173228296e+00 1.026968958528345632e-01
-5.305821960247502744e+00 -5.305821960247502744e+00 -3.973105212104802941e+00 -5.305443251903876778e+00 1.063632205754214549e-01
1.238155890617569987e+01 1.238155890617569987e+01 1.241006540186493190e+01 1.238142366746818901e+01 1.007555628488935734e-01
9.489246581408612435e-01 9.489246581408612435e-01 5.575006509974725688e+00 9.487595721302932716e-01 1.056196662920996926e-01
-4.664051846334185125e-01 -4.664051846334185125e-01 1.177811279422749990e+00 -4.656066440858595001e-01 1.123167974462305763e-01
-3.470643225936094645e+00 -3.470643225936094645e+00 6.236096130578180130e+00 -3.470673309852537081e+00 9.711300500287446624e+00
7.507053218156764629e+00 7.507053218156764629e+00 6.555401494005597129e+00 7.507091084743255038e+00 1.039513698320228485e+01
1.323947178220318399e+01 1.282938879221218720e+01 8.681194268732800978e+00 9.065345044097433913e+00 1.068245044965493307e+01
1.991263744720008333e+01 1.811397679040041808e+01 1.067728036074314701e+01 1.578943446385469684e+01 1.120568349067675840e+01
1.478141767621176506e+01 1.347471940379266186e+01 9.276293521940145226e+00 1.287395369995763694e+01 1.165996828361999782e+01
3.806250978833219945e-02 -5.305347704456627511e+00 -3.029976766051239334e+00 6.759071751655039151e+00 1.119565071541624235e+01
1.489236063278027977e+01 9.613513877941517904e+00 8.528483453716821927e+00 1.090527288830797126e+01 1.120557676629534249e+01
1.705968373089729795e+01 1.037019523391188969e+01 7.523733222108807794e+00 3.230950578966112374e+00 1.113865235337027215e+01
-4.944593109098073258e-01 -8.437145282621004938e+00 -1.625608781094945998e+00 3.400092059054391491e+00 1.176182991774930997e+01
1.586254928339810100e+01 8.698400314626402619e+00 5.814501303762575901e+00 9.053644236082504904e+00 1.161621674908398916e+01
8.369954546965630016e+00 -6.351186743120864620e-01 7.688594176381003953e-01 5.158835022049279573e+00 1.163997149425577504e+01
9.672381904519069096e+00 1.454107918019622581e-01 -3.068495245757467682e-01 4.131359595900985227e-01 1.259472038892465839e+01
