# Treated, TrueCf, Synth (all lag), GL Pred, Error
9.233081744747572372e+00 9.233081744747572372e+00 9.873708867956590751e+00 9.232868604017548719e+00 9.901591408407882378e-02
4.121463787804440670e+00 4.121463787804440670e+00 4.648279693969471715e+00 4.121635144221865055e+00 1.172391736109218152e-01
4.196420639097585337e+00 4.196420639097585337e+00 7.743952634091288978e+00 4.196586683544498264e+00 1.125921838638438699e-01
1.237798579530214838e+01 1.237798579530214838e+01 1.399985985485556483e+01 1.237785354757582112e+01 8.358137687253869297e-02
1.473774408963850924e+01 1.473774408963850924e+01 1.141534000836191076e+01 1.473768314273746327e+01 8.905312127862050064e-02
1.663124597032294716e+01 1.663124597032294716e+01 1.453387923543283478e+01 1.663092261232322144e+01 7.713308958139288019e-02
1.004292421323765794e+01 1.004292421323765794e+01 1.132747863709227509e+01 1.004293692349448541e+01 9.972771251684052485e-02
-2.004689558815980632e+01 -2.004689558815980632e+01 -1.547054205625180323e+01 -2.004626177878952831e+01 1.479472392356084576e-01
-9.652613859217085146e-01 -9.652613859217085146e-01 -1.746596151067909330e+00 -9.652071236261567933e-01 1.197554650594909453e-01
1.148537085163317650e+00 1.148537085163317650e+00 1.990885195593085966e+00 1.148518408636804544e+00 1.097567793871193076e-01
4.626992377196897266e+00 4.626992377196897266e+00 6.986254652543672172e+00 4.627089977223290518e+00 1.254415209079096094e-01
-1.291879151161420047e+00 -1.291879151161420047e+00 1.602765712801748288e+00 -1.292044683105114000e+00 1.158856407742778899e-01
9.455526654816388543e+00 9.455526654816388543e+00 9.363755328863691219e+00 9.455650927507877057e+00 1.254530198497171012e-01
9.005562817311258073e+00 9.005562817311258073e+00 7.148117262342214673e+00 9.005485707028540787e+00 1.083357762749723452e-01
-7.066866271685343648e-01 -7.066866271685343648e-01 -2.160760816679917706e+00 -7.065005101134875787e-01 1.356536550863328139e-01
-1.125368960687505915e+00 -1.125368960687505915e+00 2.328366878739598356e+00 -1.124829418417466087e+00 1.458557403486686610e-01
1.075723196266715398e+01 1.075723196266715398e+01 1.242620886567273431e+01 1.075710984197924525e+01 1.030842316042108187e-01
-3.141369517516701571e+00 -3.141369517516701571e+00 -1.611789301800808261e+00 -3.141305406853770243e+00 1.272630776464433178e-01
7.986348411741632347e+00 7.986348411741632347e+00 8.061901871974455958e+00 7.986144034077658382e+00 6.733600141976178399e+00
4.590336740930339943e+00 4.590336740930339943e+00 6.029198151018245966e+00 4.590352133100509491e+00 8.833646094713515140e+00
9.519067777276800868e+00 9.204395557021429752e+00 3.750965824553432970e+00 6.372569980216020724e+00 8.739124889650499384e+00
3.241054717436339327e+00 5.300302114968534761e-01 -4.473014129600434430e+00 -5.845059717353181306e+00 9.955366721925475559e+00
1.357618933124257232e+01 1.167069773848673009e+01 6.261796131431702328e+00 1.074136250489951649e+00 1.071494918008588293e+01
4.582895359333586605e+00 1.213467948891719050e+00 1.614838942882424799e+00 -3.809762761848789481e+00 1.088826661564888099e+01
6.156618851995064645e+00 2.532208798629356661e+00 -2.318061524179082955e+00 -1.032621909656480597e+01 1.161423402820261153e+01
8.130531410580095653e+00 3.429786531120576853e+00 3.421408500066193792e+00 5.449164186431545431e-01 1.052696724299982556e+01
2.219910289084898380e+01 1.542879164085836585e+01 1.610169676685662665e+01 1.263322443782953464e+01 9.321382713299882994e+00
1.464767196883219391e+01 6.349389216607309372e+00 7.634474058857592560e+00 5.707011055592436932e+00 1.026112535306452322e+01
2.144954728550010259e+01 1.290932814771533721e+01 6.336464536316591456e+00 -5.144249709519188585e-02 9.935696542123654496e+00
6.219943478217501820e+00 -4.022735129474684257e+00 -1.068877856839153928e+00 7.582806146772652411e+00 1.110769025938935606e+01
