# Treated, TrueCf, Synth (all lag), GL Pred, Error
3.012113997276410515e+01 3.012113997276410515e+01 2.717469233504098014e+01 3.012059615962859738e+01 1.271283880533647936e-01
5.432071149415467204e+00 5.432071149415467204e+00 4.939127367047201567e+00 5.432322476857483373e+00 1.031399334644801519e-01
1.193046419849133244e+01 1.193046419849133244e+01 1.229569782037935433e+01 1.193050834536287397e+01 1.069225105868705367e-01
2.635381574742684663e+01 2.635381574742684663e+01 2.720156944090427231e+01 2.635350165791391674e+01 1.194878685979944982e-01
1.070091050506460029e+01 1.070091050506460029e+01 1.240676393311710690e+01 1.070129216909020009e+01 1.037754979557647395e-01
2.958811657090832625e+01 2.958811657090832625e+01 3.147309458858064346e+01 2.958785572234835115e+01 1.211859073309681512e-01
1.028678072290461998e+01 1.028678072290461998e+01 1.054580540544104217e+01 1.028688166987541486e+01 1.045257416778993947e-01
2.298687563807238021e+01 2.298687563807238021e+01 2.232148557608678630e+01 2.298685570044675330e+01 1.163271415737740511e-01
8.350837395117743256e+00 8.350837395117743256e+00 7.162791108789280159e+00 8.351145786885192379e+00 1.059420675956961322e-01
3.259228452294667733e+01 3.259228452294667733e+01 3.311631035066388762e+01 3.259188786384702752e+01 1.233360518996916566e-01
3.271179300334600804e+00 3.271179300334600804e+00 5.506011637954008719e+00 3.271528826509715770e+00 1.008746241986429315e-01
2.173786620273299874e+01 2.173786620273299874e+01 1.910491408549440351e+01 2.173761747486011586e+01 1.190038434280644014e-01
2.847153399357645753e+01 2.847153399357645753e+01 2.988461103439823674e+01 2.847111310858474909e+01 1.213794127491797520e-01
1.765619612504563563e+01 1.765619612504563563e+01 1.655590218629965804e+01 1.765594298681773111e+01 1.137893665797685000e-01
4.953271024393297139e+00 4.953271024393297139e+00 2.671849795001245198e+00 4.953388575813300498e+00 1.030479955071371134e-01
1.557970293628006608e+01 1.557970293628006608e+01 1.265724292067032763e+01 1.557944377300835903e+01 1.188228246991113596e-01
8.350323142234785223e+00 8.350323142234785223e+00 7.935862617704942501e+00 8.350511300406939341e+00 1.053187517648989241e-01
2.325476166573330516e+01 2.325476166573330516e+01 2.329643282522627601e+01 2.325466792849145747e+01 1.167889442765411290e-01
5.087785842538011138e+00 5.087785842538011138e+00 7.211755268168932531e+00 5.088086282413687655e+00 8.768391950848068106e+00
1.785513299737197812e+01 1.785513299737197812e+01 1.667517772089097505e+01 1.785496977393628626e+01 9.809235072248913667e+00
2.859184903096755548e+01 2.605320358168166450e+01 2.135045023687142063e+01 1.829489349151003807e+01 9.707358506518666275e+00
-6.085647723165489964e+00 -6.698679344733728058e+00 -2.972874024930490577e+00 2.620993596454001651e+00 9.129783381508850937e+00
1.265158576845012650e+00 6.769598977136066509e-01 4.389970082784390826e+00 6.616156345401049244e+00 9.695685786857843880e+00
2.996619862406423351e+01 2.718517672314664679e+01 2.700649795893844285e+01 1.851971856523034887e+01 1.037480159434347549e+01
2.748183209856202680e+01 2.455677228684164959e+01 1.840023789097872609e+01 1.355204379576813167e+01 1.030997110899278724e+01
1.940378031191331942e+01 1.576624541439838190e+01 8.718525669503771169e+00 7.985612416995015117e+00 1.024860626031068911e+01
1.341222542357317593e+01 4.151272513069457659e+00 -1.607291645461899066e-01 1.599266515989832049e+00 1.038366665614619677e+01
2.913003211988786134e+01 2.037776630817202062e+01 1.583384451042260821e+01 1.197592153220010758e+01 1.072316686039141942e+01
3.464189136883680220e+01 2.587964737313173558e+01 2.399014526921443391e+01 1.511462898094930551e+01 1.079668415065477838e+01
2.695444111201475934e+01 1.612176606079659891e+01 1.471488835860063915e+01 1.212340434542198686e+01 1.117352826286730760e+01
