# Treated, TrueCf, Synth (all lag), GL Pred, Error
7.198304746749543348e+00 7.198304746749543348e+00 7.696971843807538960e+00 7.197805376771400532e+00 1.068399662272899731e-01
-9.936988920620423826e+00 -9.936988920620423826e+00 -5.109571055453676180e+00 -9.937446941553936597e+00 1.241270316837947835e-01
-2.246699825493384317e+00 -2.246699825493384317e+00 4.411829510304569268e+00 -2.246636803528835102e+00 1.267820383538418583e-01
8.311976338378341822e+00 8.311976338378341822e+00 9.299268255459624655e+00 8.311507512669052744e+00 1.129738509999932833e-01
5.919011698714916392e+00 5.919011698714916392e+00 7.362722508534235821e+00 5.918925795015017144e+00 1.259847974222880473e-01
-3.274477880132702801e+00 -3.274477880132702801e+00 -4.415723930175615486e+00 -3.274326314665004567e+00 1.228080298461445424e-01
-7.772955914443500092e+00 -7.772955914443500092e+00 3.832701821364079553e-01 -7.772466491639203667e+00 1.406113515731800545e-01
1.641910393436927507e+01 1.641910393436927507e+01 1.608124558535004311e+01 1.641904281847942570e+01 1.097191470263211427e-01
-1.446835031801776594e+01 -1.446835031801776594e+01 -1.806503700631828080e+00 -1.446756352690652747e+01 1.446610326967330273e-01
-5.505746722753166011e+00 -5.505746722753166011e+00 4.537329058592572295e+00 -5.504550078481194930e+00 1.391190399145743606e-01
-1.972256174842922150e+01 -1.972256174842922150e+01 -1.149586427748855932e+01 -1.972137223635913372e+01 1.390472609061592368e-01
2.555884466603585370e+00 2.555884466603585370e+00 4.581505205308520345e+00 2.557042696976452589e+00 1.446709796627281552e-01
7.926734598981555191e-01 7.926734598981555191e-01 2.533955002435343662e+00 7.925036937991718489e-01 1.169788120461625197e-01
5.776978121736571659e+00 5.776978121736571659e+00 5.528240507057274655e+00 5.776517001552692321e+00 1.076017763966883589e-01
3.010562731199955877e+00 3.010562731199955877e+00 2.066644840386928639e+00 3.010271028574692309e+00 1.197259583724749610e-01
4.349995808782685103e+00 4.349995808782685103e+00 5.653969833851385296e+00 4.349990909788370885e+00 1.080381880730537647e-01
-2.268074363553972006e+01 -2.268074363553972006e+01 -9.095992949767870428e+00 -2.267983826113294299e+01 1.519374440450851071e-01
1.867275664434889748e+01 1.867275664434889748e+01 1.743370481326253341e+01 1.867175520707943548e+01 7.546673697102052047e-02
-2.441459029158294047e+00 -2.441459029158294047e+00 6.263975860075496338e-02 -2.441712261367960934e+00 1.026030684310220131e+01
1.443365467220391984e+01 1.443365467220391984e+01 1.205664707319154871e+01 1.443351883399454216e+01 8.848605116850613683e+00
1.671764046166976314e+01 1.533893880249369523e+01 1.447339458593708272e+01 1.133882748961418052e+00 9.364147205187094869e+00
2.777493742177613711e+01 2.563730599905306917e+01 1.350206415480149147e+01 1.222562246145824538e+01 8.649909010178175706e+00
1.664728237928471799e+01 1.425183986078422294e+01 1.397963442613565732e+01 1.238304312041243094e+01 8.423984270886798242e+00
-5.626226445956962863e+00 -9.948094948062244924e+00 -4.495487768744263590e+00 2.123611287657152236e+00 9.931857433119684941e+00
-4.609310545672350656e+00 -8.654242367338904174e+00 8.833431041382860949e-01 8.063131099154121628e-01 9.934514117472060590e+00
4.412395265231483421e+01 3.806743476728355091e+01 2.041323489789233747e+01 1.162036068998949290e+01 8.509350055648704725e+00
-6.101430670345306950e+00 -1.337363508383933386e+01 -3.127464042752418294e+00 4.293127385165244725e+00 1.130561298730376407e+01
2.699391077430826158e+01 1.841005572323294004e+01 1.718108634077852059e+01 1.940405280039483316e+01 9.285863212039712877e+00
2.840217226679038731e+01 2.018657507619186475e+01 1.653439312669760497e+01 1.782207537343527903e+01 9.499458490735891658e+00
6.690698656067262995e+00 -3.293781986321632438e+00 3.560585507702371366e+00 1.352726282668585434e+01 1.017873716260764994e+01
