# Treated, TrueCf, Synth (all lag), GL Pred, Error
-4.845288769073345492e+00 -4.845288769073345492e+00 -1.689362067292597303e+00 -4.845111525274069741e+00 1.346440412030741884e-01
1.738258782859948326e+01 1.738258782859948326e+01 1.580456886855907506e+01 1.738254507849796227e+01 9.647133843890486060e-02
5.800509870408541602e+00 5.800509870408541602e+00 4.153851632639083746e+00 5.800462572510161507e+00 1.019135021790987528e-01
1.894632611312184878e+01 1.894632611312184878e+01 2.038590431105428280e+01 1.894634386513872215e+01 1.080860661433524078e-01
5.900319421409185416e+00 5.900319421409185416e+00 5.632653968316454929e+00 5.900320878159795335e+00 9.962089431196484435e-02
4.642316497799201080e+00 4.642316497799201080e+00 7.006258656860685718e+00 4.642364042042443906e+00 1.196852162037456008e-01
1.522545066933584401e+01 1.522545066933584401e+01 1.197892045282825890e+01 1.522540655936784759e+01 1.019470503056412458e-01
1.012024465559466968e+01 1.012024465559466968e+01 8.586188806594607925e+00 1.012019578164730049e+01 8.767734486852964138e-02
8.526962318470768798e-01 8.526962318470768798e-01 4.514297339167238299e+00 8.526874999744449291e-01 1.071411229083898686e-01
1.481423931454642151e+01 1.481423931454642151e+01 1.455046739557640478e+01 1.481419636560683273e+01 1.105411955006654762e-01
1.027751004162879411e+01 1.027751004162879411e+01 6.811408769955516362e+00 1.027746515118600712e+01 9.765560946175511070e-02
4.717361821448187165e+00 4.717361821448187165e+00 6.096265060982597461e+00 4.717514724544622062e+00 1.273210210714387780e-01
-5.377327846685221679e+00 -5.377327846685221679e+00 -5.006751844779346428e+00 -5.377206291813346084e+00 1.231128326512066218e-01
1.644915898835392909e+01 1.644915898835392909e+01 1.482159060635054360e+01 1.644904951424357975e+01 8.367666461558084801e-02
6.674246505503335314e+00 6.674246505503335314e+00 6.909273263563944667e+00 6.674240734970886990e+00 1.198331196508043844e-01
9.907264991657417141e+00 9.907264991657417141e+00 1.201952313930001814e+01 9.907269261232800162e+00 1.114860633223121594e-01
1.642355945826981412e+01 1.642355945826981412e+01 1.651094135514627226e+01 1.642350288780663448e+01 8.954956636133958037e-02
1.376101386573016228e-01 1.376101386573016228e-01 2.458021721018763817e+00 1.376485875794006830e-01 1.234980323761856597e-01
6.503951511637472649e+00 6.503951511637472649e+00 8.200552000830569455e+00 6.503975686123615318e+00 7.210494732887382519e+00
1.027395257607441081e+01 1.027395257607441081e+01 1.228734039988096782e+01 1.027403250109331267e+01 8.156085924505894980e+00
2.326875445147133092e+01 2.021886049845009836e+01 1.580693095959427552e+01 1.577662894364329915e+01 8.223181934304863105e+00
9.092592518025362835e+00 6.191073271560878943e+00 1.133258837830034871e+01 4.566184067209175801e+00 7.548352056177402680e+00
7.104516770765677336e+00 4.434654393703202580e+00 4.053992336135978647e+00 -1.895025741673503683e+00 8.207042491001304896e+00
2.497564454558152036e+01 2.215943182347398377e+01 1.854469351976766589e+01 1.688624365711534026e+01 7.849964884878653848e+00
9.036357135492274040e+00 4.186418831008663410e+00 1.134928130445926797e+01 7.632622083711108729e+00 8.685064741555867940e+00
1.510839328029977047e+01 9.980722124610077017e+00 9.702285570837419826e+00 4.414949162315778608e+00 9.373943704408482347e+00
1.107080199710103940e+01 4.151985575529343997e+00 5.934407515032275704e+00 8.983220947316290506e+00 8.192553100930471288e+00
1.961789788097030396e+01 1.014802423767610762e+01 4.018064868136439038e+00 5.499177489368276994e+00 8.757920274484817469e+00
8.180544868763494293e+00 -1.419679315497195615e+00 5.526278203486234553e+00 5.161807967501443883e+00 1.014984409481009209e+01
1.909553376701519412e+01 1.031426267104290062e+01 9.832519669102246951e+00 1.381784850789527752e+01 1.020324560831018701e+01
