# Treated, TrueCf, Synth (all lag), GL Pred, Error
9.178518857625098448e+00 9.178518857625098448e+00 8.748393507317292261e+00 9.178530516419291629e+00 1.000778431759888343e-01
2.019281093209179190e+01 2.019281093209179190e+01 2.145694321238033453e+01 2.019281492227301200e+01 9.995612123042030284e-02
-7.521499043639701121e+00 -7.521499043639701121e+00 -9.099401437070909537e+00 -7.521525744873794217e+00 1.002370889049401664e-01
3.530646398802106845e+00 3.530646398802106845e+00 2.871023405071819745e+00 3.530651418323986324e+00 1.012627077420384103e-01
4.464543296601859446e+00 4.464543296601859446e+00 6.811839973295449546e+00 4.464560447283998812e+00 1.008699406155372513e-01
8.007305667325162801e+00 8.007305667325162801e+00 8.144459616269768887e+00 8.007311339203043943e+00 1.001898775994929519e-01
9.433355964579487107e+00 9.433355964579487107e+00 1.148625544943461207e+01 9.433330545811248413e+00 9.995190698929021234e-02
1.440461844704069350e+01 1.440461844704069350e+01 1.391111241902652829e+01 1.440456552804048584e+01 1.002677130759123542e-01
1.343582381919999769e+01 1.343582381919999769e+01 1.519124785092805929e+01 1.343581768861271186e+01 1.002662910226050919e-01
1.720057535942485671e+01 1.720057535942485671e+01 1.655747427945693673e+01 1.720047648201162005e+01 1.013914532257537415e-01
7.836087817224983709e+00 7.836087817224983709e+00 8.154133481065809264e+00 7.836143821824052225e+00 1.017367141571139388e-01
8.550736664416199062e+00 8.550736664416199062e+00 9.532121878756399269e+00 8.550789976636385958e+00 1.087684419429335997e-01
8.836182755811750056e-02 8.836182755811750056e-02 4.185079815515702961e+00 8.846898596468477649e-02 1.103233921744663504e-01
1.632415423256769316e+01 1.632415423256769316e+01 1.320835475835979089e+01 1.632409161636141803e+01 1.000467282466868391e-01
3.105746529817999146e+00 3.105746529817999146e+00 6.895921864467994489e+00 3.105899664296064344e+00 1.182605907442864923e-01
3.500842616684697539e+00 3.500842616684697539e+00 4.001973770353130178e+00 3.500873155586043062e+00 1.032084262409498493e-01
2.612929354301805418e+01 2.612929354301805418e+01 2.200411200922430766e+01 2.612923928764174875e+01 1.001498260952449204e-01
5.075943845258816367e+00 5.075943845258816367e+00 5.994499294822326796e+00 5.075884744036213370e+00 9.997387792220435720e-02
6.726039930192546201e+00 6.726039930192546201e+00 5.355541317235249288e+00 6.726004887096688201e+00 7.519131881552577390e+00
1.386274764039363205e+01 1.386274764039363205e+01 1.374231170642971023e+01 1.386277589512229014e+01 7.744439199289677056e+00
1.003851378017724727e+01 7.419494583844175928e+00 1.882314268529628576e+00 3.062342068614845481e+00 7.860401948774297765e+00
1.124972822343156231e+01 9.732147478783776506e+00 4.933119243752167371e+00 5.705555099038710942e+00 8.102682826296659258e+00
1.140318180035706241e+01 1.021834456241745492e+01 6.600849441508945148e+00 5.572771216034603903e+00 8.322514721305479313e+00
4.495494490937314680e+00 -2.151622601532804380e-02 -3.599129007085408172e-01 -2.263251426352462126e+00 8.640621150905097636e+00
7.043578057016022242e+00 1.724503984123273215e+00 -5.779087779502520839e+00 -1.092644353738247531e+00 8.663070164286457597e+00
9.726145559306655031e+00 4.728990020645408521e+00 5.874446226552948680e+00 6.344584020934570745e+00 8.689454319863136433e+00
1.394150810638595850e+01 8.291424119688684868e+00 6.445684491095000190e+00 5.557640307835924887e+00 9.357070514282399998e+00
1.327162092241980496e+01 5.306007376907738049e+00 3.937514926801903403e+00 5.114788675398974860e+00 9.557192794883922815e+00
2.484921348059473445e+01 1.575014209798255393e+01 1.152635488675523945e+01 1.341697234575449826e+01 9.837903133536503475e+00
7.945309957420622737e+00 -1.076657596779416082e+00 -7.822838575974284669e-01 -3.737531782400005387e+00 1.026503005133170632e+01
