# Treated, TrueCf, Synth (all lag), GL Pred, Error
8.395466214155995477e-01 8.395466214155995477e-01 3.764942392187684561e+00 8.394002183928117589e-01 1.244348485971553814e-01
1.508448741372672597e+00 1.508448741372672597e+00 4.263035677864925432e+00 1.508428986334642730e+00 1.296536746700527043e-01
1.050866240097067639e+00 1.050866240097067639e+00 1.800191706301697669e+00 1.051449124091247356e+00 1.209606958127845272e-01
-7.350964322010842267e-01 -7.350964322010842267e-01 5.913830742609943458e-01 -7.347178835320704593e-01 1.499011670451963207e-01
5.357348303111817422e+00 5.357348303111817422e+00 3.658929940576786777e+00 5.356920382394266156e+00 8.492370222003417513e-02
-7.635068265639205487e-01 -7.635068265639205487e-01 -2.931600602099051489e-01 -7.625677726465838191e-01 1.506533264872039202e-01
-9.744831523252956984e-01 -9.744831523252956984e-01 4.030881752250468075e-01 -9.744832527581532844e-01 1.265548412431120040e-01
1.104802327774027226e+01 1.104802327774027226e+01 5.026950638278312233e+00 1.104726657465053563e+01 9.267915954376319820e-02
-1.475513568484856375e-01 -1.475513568484856375e-01 -6.950886688042559047e-01 -1.464814117410853100e-01 1.483793364092549083e-01
3.574503099854966504e+00 3.574503099854966504e+00 3.323014836416884776e+00 3.575112173679514171e+00 1.219576834408525184e-01
5.165217330117044980e+00 5.165217330117044980e+00 5.255359064499773858e+00 5.164253364804675783e+00 9.301524289990492633e-02
2.627180187307416315e-01 2.627180187307416315e-01 -1.135977080130609496e+00 2.619333268340540144e-01 1.372714914323227842e-01
4.442674034658804949e+00 4.442674034658804949e+00 3.510721807476361533e+00 4.442535004966080336e+00 1.015065952967593305e-01
-2.036643989924598053e+00 -2.036643989924598053e+00 5.174653681190520160e+00 -2.035542481596102959e+00 1.489317963581072435e-01
-3.270406097199196616e+00 -3.270406097199196616e+00 -2.303878988040668929e+00 -3.270115260627890486e+00 1.180149858582656974e-01
3.691677545108893455e+00 3.691677545108893455e+00 1.721080453971537638e+00 3.690770265932952654e+00 1.259484966351303581e-01
9.448282879578954185e-01 9.448282879578954185e-01 2.348889931314189550e+00 9.440186975309492468e-01 1.177322909411459007e-01
-6.195426161143582355e+00 -6.195426161143582355e+00 5.100545942143538403e-01 -6.194062371817501855e+00 1.436296938384506727e-01
-4.793088542386888307e+00 -4.793088542386888307e+00 -8.231098519239735678e-01 -4.791596675512138859e+00 1.166186741731958953e+01
3.190919889183931879e+00 3.190919889183931879e+00 5.573571741158176440e-01 3.190519590305033404e+00 9.656250782921690146e+00
-2.853027285809360158e+00 -1.539573130515129451e+00 7.382433674929971268e-01 -1.797467977500998515e+00 1.160890396785751477e+01
5.629427928088809985e+00 2.960133010384937702e+00 2.681681943055891360e+00 -3.608071370193552951e-01 1.117719059746858257e+01
1.950323820432892319e+00 -1.804920914624143169e+00 4.491154789175501705e+00 5.890714532921856872e+00 9.929307658677686277e+00
3.999417188560459024e+00 -1.450417554152497956e+00 6.132189611975564780e+00 4.518571272475005784e+00 1.108625300745712217e+01
2.742429144328613511e+00 -4.130589241480073781e+00 -1.160786317735821971e+00 2.157304662221347868e+00 1.101262581565776522e+01
3.368120044340527475e+00 -8.480440360495826724e-01 2.974103534534792814e+00 2.632809258677786701e+00 1.219556259560885536e+01
1.179586956440906054e+00 -6.063230870458874655e+00 6.923046557591082673e-01 4.373065931391678873e+00 1.270993542885596383e+01
1.402310366483742321e+01 7.934845036443393340e+00 4.282209208536950307e+00 3.836728418823591724e+00 1.154975221672719243e+01
8.713751457349010465e+00 -6.212505576145677111e-01 4.353510702084392392e+00 8.623752554912131885e-01 1.230147925890693017e+01
7.976943091866071534e+00 -1.396694446582726012e+00 3.026172706231827769e-01 5.997564530475144373e+00 1.168694369825358947e+01
