# Treated, TrueCf, Synth (all lag), GL Pred, Error
5.387837429195760031e+00 5.387837429195760031e+00 5.882328347499250043e+00 5.387892253514452001e+00 9.412122761420080308e-02
-1.654901377091304138e+00 -1.654901377091304138e+00 -7.079921387362246854e-01 -1.654551751577014507e+00 1.103453804757810741e-01
4.178867711948603514e+00 4.178867711948603514e+00 4.874492035801465839e+00 4.178796082249516708e+00 9.531911569785857241e-02
9.989119696050757113e+00 9.989119696050757113e+00 1.123997655410378727e+01 9.989212923850971038e+00 9.074379928534111184e-02
2.042477092648081793e+01 2.042477092648081793e+01 1.922406458335361634e+01 2.042448078662424393e+01 7.645342253457902693e-02
-2.218731764091634862e+00 -2.218731764091634862e+00 -1.588253674966373596e+00 -2.218210904619499324e+00 1.106554068929631873e-01
1.214599864992423761e+01 1.214599864992423761e+01 1.307980135386867282e+01 1.214591050406738049e+01 8.680371717925809694e-02
1.791526057375769909e+01 1.791526057375769909e+01 2.004140934893621306e+01 1.791537635847519638e+01 8.630724148746381219e-02
1.632237522951849229e+01 1.632237522951849229e+01 1.444883752370881957e+01 1.632223782042185789e+01 7.600107236593059423e-02
1.482608100401446372e+01 1.482608100401446372e+01 1.577587515625099712e+01 1.482612440783221786e+01 8.876221562838242096e-02
1.479108112477697290e+01 1.479108112477697290e+01 1.753465724286942162e+01 1.479118997515584688e+01 9.031557615264235173e-02
1.839685680434624615e+01 1.839685680434624615e+01 1.320904436927461134e+01 1.839662749750052129e+01 7.413554723422179082e-02
3.130791472385481811e+01 3.130791472385481811e+01 3.162500230443060900e+01 3.130758445697717463e+01 6.955690551616823536e-02
7.914345082933187392e+00 7.914345082933187392e+00 6.278897180776968234e+00 7.914175993920935070e+00 8.485734175408342350e-02
1.155307240762540921e+01 1.155307240762540921e+01 9.157035110076824580e+00 1.155302672964305799e+01 8.104432785068753364e-02
1.965889302477076228e+01 1.965889302477076228e+01 1.839365801096236197e+01 1.965878582539053809e+01 7.408039800679580567e-02
1.043161701856278967e+01 1.043161701856278967e+01 1.151231353413997205e+01 1.043167367942806045e+01 8.831101909395935867e-02
8.112329726376838579e+00 8.112329726376838579e+00 9.163912253523349705e+00 8.112629543095243534e+00 9.490925909049822973e-02
1.871740347535176596e+01 1.871740347535176596e+01 1.636947852246860080e+01 1.871724965655960915e+01 5.264197763830225085e+00
9.030270516532462821e+00 9.030270516532462821e+00 9.169675023010849912e+00 9.030580265064536150e+00 6.525092697438412692e+00
-1.160429254469778737e+00 -1.638330093794623021e+00 -3.208828996750165086e+00 1.491961385713173271e+00 6.421135843921036646e+00
2.381769726119807729e+01 2.262597863535703979e+01 1.555959070146449363e+01 1.824693919053439117e+01 5.816209328545389745e+00
1.900120689446056232e+01 1.636364134163811102e+01 2.416019819015423309e+01 1.854173461123185618e+01 6.499312005098548006e+00
1.852283363941046090e+01 1.573887732301132836e+01 1.493567987333805647e+01 1.208400723600291293e+01 6.675576067400770697e+00
1.014292978456176897e+01 4.362070577236080382e+00 6.676110213459349296e+00 8.165471079286479750e+00 6.903037472976072841e+00
3.382279290335429067e+01 2.694884961918664956e+01 2.038030972752496695e+01 1.693679116454988431e+01 6.617805726678644085e+00
7.063270946498284353e+00 5.969490930432831410e-01 -5.432962288691944863e-03 3.474706980192068251e+00 7.203749186463555887e+00
4.486352360511743242e+00 -3.361702864771332067e+00 -5.322936582842407560e+00 -1.016138307686504705e+00 7.784573510143908415e+00
1.160790091054834861e+01 2.442362152323937163e+00 6.254064138291066222e+00 5.905288534556568436e+00 7.728596010002335426e+00
3.641081386403171649e+01 2.638219271902326923e+01 3.035999051790322056e+01 2.240762355602870670e+01 7.414467863010679949e+00
