# Treated, TrueCf, Synth (all lag), GL Pred, Error
3.872874741372165630e+01 3.872874741372165630e+01 3.533280399609226663e+01 3.872604739988256739e+01 6.047594132861680571e-02
1.496334648385675203e+00 1.496334648385675203e+00 2.919043898747214261e+00 1.501750134596301578e+00 1.141729217322611650e-01
9.627551765303795861e+00 9.627551765303795861e+00 1.553593973012910645e+01 9.631332574907938593e+00 9.969853535991146654e-02
4.315645705466495485e+01 4.315645705466495485e+01 3.766743971819484216e+01 4.315145109041390015e+01 5.411760377456138055e-02
2.807438470895037597e+01 2.807438470895037597e+01 2.449075842102489275e+01 2.807256513085213356e+01 6.754235804611581628e-02
2.444766917499206471e+01 2.444766917499206471e+01 2.319496962966333342e+01 2.444767061718038548e+01 6.852708800980733539e-02
8.259812659859514739e+00 8.259812659859514739e+00 8.302955321106061604e+00 8.262928970841899812e+00 8.882369798569149377e-02
4.010891221027976172e+01 4.010891221027976172e+01 4.047558605767189022e+01 4.010716954704271586e+01 6.343622731085438171e-02
2.604088962291156051e+01 2.604088962291156051e+01 2.337320724781255166e+01 2.604111197293890712e+01 7.607243532184920776e-02
2.036342536128684699e+01 2.036342536128684699e+01 1.612043392948186238e+01 2.036479911460124725e+01 7.172570360171051651e-02
1.797892592350602570e+01 1.797892592350602570e+01 1.997726807616185241e+01 1.798165763625972602e+01 7.863452570410287001e-02
1.783207421114664015e+01 1.783207421114664015e+01 1.586207803814763295e+01 1.783342500240418360e+01 7.587640565443008744e-02
2.827302839366167220e+01 2.827302839366167220e+01 3.156944126513220539e+01 2.827463851681011420e+01 7.508025662057608851e-02
3.792670642379244583e+01 3.792670642379244583e+01 2.957557039000826293e+01 3.792409337967264804e+01 5.724204355161057606e-02
4.294333575544415282e+01 4.294333575544415282e+01 4.280855358179543657e+01 4.294122250983142663e+01 6.022601809136508832e-02
-1.055198032979926204e+01 -1.055198032979926204e+01 -6.647317754706171478e+00 -1.054416042236316642e+01 1.355862788323610180e-01
3.235123479189746121e+01 3.235123479189746121e+01 3.379101786718715061e+01 3.235216596383458665e+01 7.266821645439010269e-02
1.718441020808281294e+01 1.718441020808281294e+01 1.649001292876494063e+01 1.718593003136370712e+01 8.309514375148975562e-02
3.474599774192397916e+01 3.474599774192397916e+01 3.017739993624441652e+01 3.474313030944870206e+01 4.887379022234407344e+00
3.595187065388562075e+01 3.595187065388562075e+01 3.144224725019016020e+01 3.594930814176947109e+01 4.752429352405619589e+00
3.580908091153711581e+01 3.492592560859158368e+01 3.202058752118585261e+01 2.735389843134713672e+01 5.636138921793758527e+00
2.465443463340848851e+01 2.179666899455582652e+01 1.619892000234113638e+01 2.105861429688949826e+01 6.445900285531944718e+00
1.385575453670512047e+01 1.174563315921596285e+01 9.107757913727345667e+00 1.363381306052547970e+01 6.077338393107341474e+00
4.107842695245996367e+01 3.831672924897561217e+01 2.904870650419758960e+01 2.672727764402365125e+01 5.696739670346067541e+00
2.004097617905883055e+01 1.475774178243689860e+01 1.623237768676194293e+01 1.714085800959999162e+01 6.536301490771472267e+00
2.478040717587748176e+01 1.939365368423777980e+01 1.215309425966812995e+01 1.122841102464692398e+01 7.616713680888255844e+00
3.878138055440449250e+01 3.242679345472102881e+01 2.689050905720536377e+01 2.383334587031150420e+01 7.473076891659579779e+00
7.547553582321484100e+01 6.594151495551858488e+01 5.782185049544968791e+01 4.208691081810312085e+01 6.676225519716981083e+00
2.040559729921773879e+01 1.341508469990544050e+01 7.973377479753059660e+00 9.595177428416942433e+00 8.437858025999013023e+00
3.355082340116315009e+01 2.346636472343837809e+01 2.626838460441771517e+01 1.893295417849804352e+01 8.142820191896891657e+00
