# Treated, TrueCf, Synth (all lag), GL Pred, Error
8.933185635909364208e+00 8.933185635909364208e+00 7.831875223294790800e+00 8.933492127870987787e+00 8.863566138895420665e-02
2.345106337806164376e+01 2.345106337806164376e+01 2.370873303005129884e+01 2.345066885398078327e+01 8.170645603677990920e-02
1.271405133373870289e+00 1.271405133373870289e+00 3.765489262641040114e+00 1.271072792873584323e+00 1.105956541435398344e-01
-2.482119952626614667e-01 -2.482119952626614667e-01 -1.878122642190036551e+00 -2.474156064115202724e-01 1.297183213065764562e-01
7.884070117339152972e+00 7.884070117339152972e+00 7.985008646877854055e+00 7.884452537202696121e+00 1.049892169260341762e-01
3.683629245628809112e+00 3.683629245628809112e+00 4.287645989913384525e+00 3.684016756139079529e+00 1.020785982567076755e-01
1.280629363746709259e+01 1.280629363746709259e+01 9.810716284497225104e+00 1.280603574670567468e+01 7.943926753776009431e-02
8.401894371559883723e+00 8.401894371559883723e+00 5.159557710033257472e+00 8.401377144701987376e+00 1.123825376362825590e-01
1.668020057635091646e+01 1.668020057635091646e+01 1.728297010875947137e+01 1.668001657415420169e+01 8.156914127273653947e-02
8.673662065318872294e+00 8.673662065318872294e+00 8.042011971934350356e+00 8.673767437867883956e+00 8.961791017837661411e-02
-3.735864519672247863e-01 -3.735864519672247863e-01 -3.995964312967338117e+00 -3.735246989434664044e-01 9.608328360188782280e-02
-6.058554785364005824e+00 -6.058554785364005824e+00 -5.739325020116904597e+00 -6.058239593737667406e+00 1.419683293488487319e-01
2.234710549270486268e+01 2.234710549270486268e+01 2.256354444461008057e+01 2.234599754608687405e+01 5.559922954009315771e-02
1.137429972108146714e+01 1.137429972108146714e+01 1.190689116204874054e+01 1.137427285001825261e+01 1.073234395137639546e-01
-1.442235990650131505e+01 -1.442235990650131505e+01 -1.072848636158887636e+01 -1.442082729436564748e+01 1.431369659581672171e-01
1.158833496626840009e+01 1.158833496626840009e+01 1.256769979961497441e+01 1.158873590057755010e+01 1.201229966940925015e-01
1.423719757322755974e+01 1.423719757322755974e+01 1.341515691503402152e+01 1.423743334971728380e+01 1.055838074132378207e-01
-1.640513618840477417e+00 -1.640513618840477417e+00 -4.669118800401275693e-02 -1.640678312752837265e+00 1.230247035000456984e-01
7.457858856070092912e+00 7.457858856070092912e+00 5.585646342115670571e+00 7.457688753641660284e+00 8.581209055746205294e+00
3.461971207317215082e+00 3.461971207317215082e+00 4.814137445993260656e+00 3.462654941874779624e+00 1.174134382486624872e+01
-5.499567591593349292e+00 -8.755513821145935793e+00 -2.052422397732404757e+00 6.986643309632652787e+00 9.673509222737715518e+00
2.791554034995525058e+01 2.940814940523797816e+01 2.829582165653386028e+01 7.987492341203062729e+00 9.365387075735950972e+00
5.305827971689235589e+00 2.267687351911166438e+00 9.044002876905468113e+00 3.843975125908949408e+00 1.295869894851026949e+01
3.542342442793255053e+00 -5.348887344146096012e-01 -4.402177363511285968e-01 -1.770176004099095479e-01 1.238858556501808650e+01
2.118649701852375244e+01 1.574548863073331972e+01 1.786616194802214963e+01 1.296692040935399604e+01 7.967238446574078203e+00
2.334886399130405721e+01 1.596530358755919998e+01 2.123714694816884929e+01 1.173982159215242405e+01 9.142584742752191573e+00
-1.881170325191132253e+00 -8.594958820581950931e+00 -1.023099265799286428e+01 -3.912995756232600542e+00 1.440554636168063318e+01
6.029067364724155276e+00 -2.861081324361929745e+00 -4.427306121532171623e+00 5.850926023088229400e+00 9.560853357675890507e+00
2.023937644868563268e+01 1.039591448955934183e+01 1.094389094071527069e+01 3.152941957783583327e+00 1.197549379797910163e+01
1.266463749497373215e+01 1.466941275630554653e+00 -1.443907093395348840e+00 -3.251272431615105596e+00 1.112499368437834235e+01
