# Treated, TrueCf, Synth (all lag), GL Pred, Error
7.971918461846023263e+00 7.971918461846023263e+00 8.530754343833070408e+00 7.971972689741807727e+00 1.242546520225028817e-01
6.843463371180380506e+00 6.843463371180380506e+00 9.813301660126272807e+00 6.843501896685912023e+00 1.187318748982399558e-01
1.087797835623308096e+01 1.087797835623308096e+01 1.038270262376624054e+01 1.087796590879702308e+01 9.719402945043893738e-02
1.183414451286376590e+01 1.183414451286376590e+01 9.719714704605255662e+00 1.183411646964756869e+01 9.008046452291293416e-02
1.315038932672084471e+01 1.315038932672084471e+01 1.133710896151136538e+01 1.315033652721516511e+01 8.049761959867103578e-02
9.766627781867420310e+00 9.766627781867420310e+00 7.897391699042133340e+00 9.766660335100235457e+00 1.031116113475397111e-01
7.332760689739004967e+00 7.332760689739004967e+00 6.542202429987952428e+00 7.332710346247940159e+00 9.495409968345863705e-02
5.155973696627627056e+00 5.155973696627627056e+00 7.216584052456581411e+00 5.156025266865844614e+00 1.119844063994857447e-01
1.027395105402516506e+01 1.027395105402516506e+01 1.197967746823479018e+01 1.027400183370511755e+01 1.200326572040096296e-01
7.816329640338994800e+00 7.816329640338994800e+00 7.575051772304104425e+00 7.816360436012804946e+00 1.102937691635276912e-01
7.498205103078320555e+00 7.498205103078320555e+00 7.332311008344992942e+00 7.498204771810849323e+00 9.480340021635538794e-02
6.548925695269508296e+00 6.548925695269508296e+00 7.670904442738844864e+00 6.548900133033722426e+00 8.919355805559071870e-02
9.858436036896371490e+00 9.858436036896371490e+00 6.816962472476657098e+00 9.858388708391757405e+00 8.797934825480036025e-02
1.259438427382312398e+01 1.259438427382312398e+01 1.453140415537681918e+01 1.259442181468821254e+01 1.078892872784276008e-01
6.715778321323168321e+00 6.715778321323168321e+00 5.586114877473783658e+00 6.715812149735766567e+00 1.083019708758916066e-01
1.209588302044341290e+01 1.209588302044341290e+01 1.051037172099606742e+01 1.209585792562618600e+01 8.747277421114725560e-02
1.870657245552630243e+01 1.870657245552630243e+01 1.654718577214768516e+01 1.870652356717056364e+01 8.612665370720525015e-02
3.937974062246301088e+00 3.937974062246301088e+00 5.070635624644188155e+00 3.938011500920734598e+00 1.003993256654241856e-01
1.132183667206280830e+01 1.132183667206280830e+01 7.916678266958229848e+00 1.132178056399713739e+01 5.603482375478376021e+00
3.912900086450201265e+00 3.912900086450201265e+00 5.502138065536292366e+00 3.912993350199911013e+00 8.092071828155923185e+00
1.037301515062823221e+01 6.936738633097458084e+00 1.274589049103239624e+01 1.064991151356251997e+01 6.999522124050161942e+00
8.092255026442673582e+00 7.587988034188936304e+00 1.166420681339169008e+01 1.109751978775476289e+01 7.544430332211605084e+00
2.671588494143644077e+00 -3.369381324172198156e-01 -3.083397225870907477e-01 -7.200102762414850588e-02 6.892576690540265005e+00
1.278783848828944869e+01 9.342064119379422493e+00 1.153432549084340231e+01 1.453833798322609638e+01 6.264373452586790236e+00
1.780851984467721039e+01 1.171430092173480908e+01 1.253398931480045420e+01 1.244632067123811581e+01 6.851820331020586963e+00
5.467779050449740552e+00 -5.322076048118740133e-01 5.855761157980175824e+00 1.087831735453819171e+01 7.144718694734490505e+00
1.461947329412481622e+01 7.067533951335541964e+00 5.938511821654596901e+00 1.031666264409284040e+01 8.026207546057682052e+00
1.524481720695803766e+01 6.944317535908715477e+00 9.063975025923392437e+00 1.259795500095796150e+01 8.508590334471419325e+00
7.582180816499228371e+00 -2.001851979657673919e+00 2.261674352129589671e+00 6.924274726456716600e+00 8.113170677026621647e+00
1.217306554927614393e+01 1.751194656143231665e+00 1.073948161022533654e+01 1.513042272605774663e+01 8.061337397801414895e+00
