# Treated, TrueCf, Synth (all lag), GL Pred, Error
2.514648941032472607e+01 2.514648941032472607e+01 1.864977469163936874e+01 2.514560696991416577e+01 6.350895412726709210e-02
1.521776267011992090e+00 1.521776267011992090e+00 -1.885171727130136921e+00 1.523311917249001723e+00 1.267678541324595565e-01
2.271908609249708277e+01 2.271908609249708277e+01 2.420907603235049521e+01 2.271891086925915459e+01 9.154155031561619915e-02
8.015069419888662949e+00 8.015069419888662949e+00 6.508572184526003390e+00 8.014301097033312615e+00 7.609032060233668349e-02
1.020789624650215188e+01 1.020789624650215188e+01 1.301026881904277133e+01 1.020931471895761078e+01 1.373293225259191175e-01
1.574893773005607622e+00 1.574893773005607622e+00 4.342060949352386068e+00 1.576109826395276414e+00 1.275692600000056243e-01
2.831481691403999434e+01 2.831481691403999434e+01 2.846488213962449265e+01 2.831396235452565691e+01 7.443550873844892446e-02
1.556955381417900064e+01 1.556955381417900064e+01 1.245612411658358276e+01 1.556951781536450419e+01 9.309441667867390802e-02
9.795278528616005786e+00 9.795278528616005786e+00 1.147681579076783720e+01 9.795939949676787606e+00 1.065488506860093609e-01
2.686731732917566973e+01 2.686731732917566973e+01 2.622049394502360187e+01 2.686647948386816154e+01 7.323753095283369596e-02
1.860791348816846735e+01 1.860791348816846735e+01 1.923346210799536493e+01 1.860791524395612129e+01 1.026440693434393925e-01
8.860212363375064015e-02 8.860212363375064015e-02 -2.822437992401610529e+00 8.888824458221922242e-02 1.151065763454890700e-01
-6.279760045169161309e+00 -6.279760045169161309e+00 -5.438269700107981386e+00 -6.278888396081399925e+00 1.394510201762608759e-01
-7.228073696576879925e-01 -7.228073696576879925e-01 1.505682835977253164e+00 -7.232300266816451551e-01 9.890069320539476849e-02
-2.188692075916476298e+01 -2.188692075916476298e+01 -1.476032583650994212e+01 -2.188597579387257497e+01 1.511157380224419366e-01
-9.154174949029407315e+00 -9.154174949029407315e+00 -8.237822797326925794e+00 -9.153985485446304082e+00 1.213657725812879035e-01
8.647330642448810778e+00 8.647330642448810778e+00 6.612989852873372598e+00 8.646930550064228171e+00 9.390807375461311668e-02
4.605035424248554499e+00 4.605035424248554499e+00 7.034759230388735851e+00 4.605434386453834072e+00 1.193269285245371764e-01
1.857070463675913530e+01 1.857070463675913530e+01 1.637055465355680539e+01 1.857013653380620610e+01 7.646310611396023305e+00
4.911622103293124653e+00 4.911622103293124653e+00 1.241780418147654830e+00 4.912402065148977925e+00 1.152184246745972906e+01
1.344165359716060992e+00 -5.905288806617359221e-02 6.964571531812344674e+00 2.466625323001365722e+00 1.136904363587933453e+01
3.177256459533839816e+01 3.012542325663525133e+01 2.392735997608963672e+01 7.248021594692287017e+00 1.120591384948352420e+01
2.183451404240133797e+01 1.862815365125140232e+01 1.583706215653925931e+01 4.506844622197686334e+00 1.337966229848501420e+01
4.715580204163800460e+01 4.317524031738791024e+01 3.491396467716005247e+01 1.573598977036541768e+01 1.260810585462446198e+01
5.695443150315809611e+00 2.522029722511387018e+00 3.707092042677983645e+00 -3.545150731242424413e+00 1.171649533553664746e+01
-4.768535125760557492e+00 -9.957336147002976645e+00 3.230278493865029077e+00 -1.643383865657999543e+00 1.254373131760167936e+01
6.475828910245518877e+00 -7.412253003422630826e-02 2.787002035235024433e+00 2.886118444883100764e+00 1.244291389754834043e+01
4.346750741773696092e+01 3.619410083438400960e+01 3.579336962132695987e+01 2.149322237308201977e+01 1.050430026294498376e+01
3.851437060925518807e+01 3.095406509220847013e+01 2.329625575719916242e+01 1.418536573364134412e+01 1.116194741515734634e+01
2.271496260701590586e+01 1.131919785351425745e+01 1.588780961984323348e+01 6.792008539159700931e+00 1.443695195633971906e+01
