2.537122588277043367e-13
8.694599679486156307e-02
0.000000000000000000e+00
1.388515110268896402e-01
0.000000000000000000e+00
3.267830849146624568e-14
1.417384632368313968e-01
5.958248782407597146e-13
1.212083405945103840e-13
1.636337366959027118e-14
9.453275001059281339e-13
6.589008985715706223e-13
8.309582289353059648e-02
1.303779697734261983e-12
5.084834088862438151e-13
0.000000000000000000e+00
2.980673444192446944e-13
4.262440562273482852e-13
6.659109447733186224e-13
0.000000000000000000e+00
1.190262800618931773e-14
7.682515599358360784e-14
2.606565523000256246e-13
7.140791895372084815e-14
2.353589275392649527e-13
1.997845960535451908e-13
1.361958084620935594e-01
0.000000000000000000e+00
7.400053872311317246e-13
8.815963376234888307e-03
2.407300873590020817e-13
0.000000000000000000e+00
0.000000000000000000e+00
1.670142283122542021e-13
0.000000000000000000e+00
9.788067880832856314e-13
0.000000000000000000e+00
3.565234642713960983e-02
0.000000000000000000e+00
7.434861242594803701e-13
4.145586556656373216e-13
3.371518035538970115e-02
3.358316737725373806e-13
1.061316242432424163e-13
0.000000000000000000e+00
3.349889074200654848e-01
3.063308060929011444e-13
0.000000000000000000e+00
0.000000000000000000e+00
