3.133497233072521878e-13
0.000000000000000000e+00
1.536130476563576699e-13
0.000000000000000000e+00
2.249175006993207351e-13
2.127036932340780680e-14
2.336804236934560681e-13
2.810742612228952358e-02
8.447617291671676021e-02
5.347698034689036615e-14
0.000000000000000000e+00
0.000000000000000000e+00
0.000000000000000000e+00
1.530966008816554702e-01
0.000000000000000000e+00
0.000000000000000000e+00
1.196832518005835828e-13
1.870623892486507298e-13
0.000000000000000000e+00
0.000000000000000000e+00
2.554772344836041159e-13
2.743790477794242500e-13
0.000000000000000000e+00
0.000000000000000000e+00
0.000000000000000000e+00
1.839394943516277636e-01
2.716138755188403364e-02
3.421097646752668639e-13
3.544949983524072618e-02
6.524235854592837455e-14
0.000000000000000000e+00
8.037572841030810045e-02
2.552823684730871060e-13
0.000000000000000000e+00
3.286866736351371815e-13
0.000000000000000000e+00
0.000000000000000000e+00
3.479056708871928724e-14
1.436322429541878609e-01
7.857084411803274820e-13
1.628456664501145568e-01
0.000000000000000000e+00
1.009157805269162017e-01
3.416480877184963281e-14
0.000000000000000000e+00
1.227003724488041290e-13
0.000000000000000000e+00
0.000000000000000000e+00
0.000000000000000000e+00
