1.510615738157745636e-01
2.601246016072718444e-13
3.272823736584627025e-02
0.000000000000000000e+00
0.000000000000000000e+00
2.056591964056612293e-13
1.061308549046456259e-13
1.542350867180897027e-13
3.798371715763157117e-13
6.262645092726566720e-13
0.000000000000000000e+00
0.000000000000000000e+00
9.506921955942417013e-14
8.179078579258468318e-02
3.138511323456960080e-13
0.000000000000000000e+00
2.156694758220258079e-13
2.594319183917980116e-13
0.000000000000000000e+00
3.293718091643789078e-13
5.212090778910312069e-14
8.371276507954843529e-14
0.000000000000000000e+00
0.000000000000000000e+00
2.115824706890481466e-01
0.000000000000000000e+00
1.736472607483216697e-13
3.001913665833400718e-13
2.131651908511652746e-02
5.205119892571987046e-13
1.249374488315625475e-01
2.187510867162224121e-14
1.277662524051619529e-13
2.357073081976483221e-13
0.000000000000000000e+00
0.000000000000000000e+00
0.000000000000000000e+00
0.000000000000000000e+00
5.829613677774342709e-13
1.720115130722315276e-13
2.344578846255043411e-13
0.000000000000000000e+00
2.555527801264251275e-01
0.000000000000000000e+00
5.987775896380072467e-13
0.000000000000000000e+00
1.766684917459061983e-13
1.078656512254558969e-13
1.210301842908854675e-01
