7.058732280709027169e-13
1.025873782667814946e-12
0.000000000000000000e+00
8.745360789950874619e-13
7.683038217162182313e-13
5.532222167211112845e-02
0.000000000000000000e+00
2.811087468460300835e-13
0.000000000000000000e+00
1.098553349414554819e-01
1.204235429307473883e-12
1.328149186532470592e-13
1.379072389120759579e-01
1.089979901572855772e-12
6.995671045940833305e-13
0.000000000000000000e+00
5.677166725138709323e-13
3.070851729809122031e-13
1.772246951857506247e-01
0.000000000000000000e+00
0.000000000000000000e+00
2.077157367433264679e-01
0.000000000000000000e+00
0.000000000000000000e+00
1.229514190605085843e-12
0.000000000000000000e+00
7.675141333894679091e-13
0.000000000000000000e+00
0.000000000000000000e+00
3.119747725472692967e-01
0.000000000000000000e+00
0.000000000000000000e+00
2.789627056298700073e-13
0.000000000000000000e+00
6.196476370311727085e-13
2.924311769400598047e-13
1.251739470555430307e-12
1.716555995584135702e-12
0.000000000000000000e+00
0.000000000000000000e+00
0.000000000000000000e+00
0.000000000000000000e+00
0.000000000000000000e+00
0.000000000000000000e+00
0.000000000000000000e+00
0.000000000000000000e+00
0.000000000000000000e+00
2.967080103221223233e-13
5.359345386636702677e-13
