1.227019037241085406e-13
2.463326724134214220e-13
2.005117549941101390e-13
0.000000000000000000e+00
0.000000000000000000e+00
2.865648344547080271e-13
0.000000000000000000e+00
0.000000000000000000e+00
7.303482654563531722e-14
0.000000000000000000e+00
3.792941460494967336e-14
0.000000000000000000e+00
0.000000000000000000e+00
0.000000000000000000e+00
8.618339153152096653e-14
3.256743719534496438e-14
0.000000000000000000e+00
0.000000000000000000e+00
0.000000000000000000e+00
4.922461013849992878e-02
6.149473636615652300e-02
2.287365755562166189e-02
3.711615196379686732e-01
0.000000000000000000e+00
1.357206461043864165e-01
0.000000000000000000e+00
1.251074062329936010e-01
0.000000000000000000e+00
3.327750088774270726e-02
3.380263521350739139e-14
1.886016611039774933e-13
0.000000000000000000e+00
1.557935385501160175e-01
0.000000000000000000e+00
0.000000000000000000e+00
4.534638453024990995e-02
0.000000000000000000e+00
0.000000000000000000e+00
0.000000000000000000e+00
0.000000000000000000e+00
0.000000000000000000e+00
0.000000000000000000e+00
0.000000000000000000e+00
2.251899687709865323e-13
2.473551754559969540e-13
0.000000000000000000e+00
0.000000000000000000e+00
2.231373180587947369e-14
0.000000000000000000e+00
