7.088063318053899886e-02
0.000000000000000000e+00
9.683598670433559272e-14
0.000000000000000000e+00
0.000000000000000000e+00
1.414438112804210917e-12
1.815971997749061748e-12
0.000000000000000000e+00
0.000000000000000000e+00
0.000000000000000000e+00
1.194664296484617035e-12
8.406327141709503403e-02
4.590948720412626471e-01
4.361764821666971187e-13
0.000000000000000000e+00
0.000000000000000000e+00
1.163211098487637249e-12
1.431890579549214074e-13
1.685311415975439958e-12
2.242217345563919835e-12
0.000000000000000000e+00
0.000000000000000000e+00
3.539647818884306304e-13
0.000000000000000000e+00
4.692053782860044001e-13
0.000000000000000000e+00
0.000000000000000000e+00
1.745243665321037640e-01
2.114368568638126944e-01
4.056976421533511126e-14
8.280779982208644543e-13
0.000000000000000000e+00
7.634528656507745537e-13
8.122557310861469246e-13
0.000000000000000000e+00
0.000000000000000000e+00
6.313018467360431707e-12
0.000000000000000000e+00
0.000000000000000000e+00
6.321442443801969166e-12
0.000000000000000000e+00
1.962418778300441084e-12
0.000000000000000000e+00
7.599921312797163972e-13
6.161501210367450673e-13
0.000000000000000000e+00
0.000000000000000000e+00
0.000000000000000000e+00
0.000000000000000000e+00
