0.000000000000000000e+00
0.000000000000000000e+00
0.000000000000000000e+00
1.057274692301324909e-12
4.153631220184732696e-13
1.540766831220545520e-12
2.865711555900747830e-13
8.409635499795846460e-13
0.000000000000000000e+00
1.408856489250235122e-12
5.886169034737869855e-13
0.000000000000000000e+00
2.461950475779052516e-01
0.000000000000000000e+00
1.864958002920518489e-12
0.000000000000000000e+00
0.000000000000000000e+00
0.000000000000000000e+00
0.000000000000000000e+00
0.000000000000000000e+00
4.741889708853407832e-14
1.884509959001274398e-12
1.339748395906124045e-01
8.857951716520420793e-02
4.269638273445743558e-03
4.377195679555923099e-13
5.302764963137265873e-13
3.611262094558446163e-13
3.977348997004994924e-13
4.460798985281682096e-13
0.000000000000000000e+00
2.180948487395531210e-01
0.000000000000000000e+00
0.000000000000000000e+00
3.088861086740344319e-01
0.000000000000000000e+00
0.000000000000000000e+00
4.692742950807611754e-13
0.000000000000000000e+00
0.000000000000000000e+00
9.549653897784099346e-15
1.649956579940783838e-13
0.000000000000000000e+00
2.025798276058562503e-13
3.160159456908099549e-13
0.000000000000000000e+00
9.327422700396095312e-13
9.094986321733653292e-13
0.000000000000000000e+00
