2.846239310470030648e-01
0.000000000000000000e+00
0.000000000000000000e+00
5.539254371244503438e-13
0.000000000000000000e+00
3.066464698267198918e-12
0.000000000000000000e+00
3.495783838862150453e-12
0.000000000000000000e+00
0.000000000000000000e+00
3.957286025192972151e-02
0.000000000000000000e+00
0.000000000000000000e+00
0.000000000000000000e+00
7.803360212231373605e-13
0.000000000000000000e+00
3.184824406694646004e-12
0.000000000000000000e+00
0.000000000000000000e+00
0.000000000000000000e+00
0.000000000000000000e+00
0.000000000000000000e+00
3.214269917499938091e-13
0.000000000000000000e+00
1.287060922113480652e-12
8.674864273368766004e-12
4.248922916250900267e-12
1.108538309974385627e-13
7.482707521362739339e-13
0.000000000000000000e+00
2.179869895775910504e-01
3.934632696424907733e-12
3.668428672539813390e-12
0.000000000000000000e+00
4.336268771532421875e-12
6.942105115335656927e-13
0.000000000000000000e+00
0.000000000000000000e+00
0.000000000000000000e+00
5.027456824056777268e-12
4.075412542138505123e-01
0.000000000000000000e+00
2.383056503730196160e-12
0.000000000000000000e+00
5.027496494206960126e-02
0.000000000000000000e+00
9.103463425794156016e-13
0.000000000000000000e+00
2.664053385444814515e-12
