3.408598653290711344e-13
0.000000000000000000e+00
0.000000000000000000e+00
1.126229302050623798e-01
0.000000000000000000e+00
9.005304806160314675e-13
0.000000000000000000e+00
7.739168770078833082e-02
0.000000000000000000e+00
2.658937763731311077e-01
0.000000000000000000e+00
1.498714056027063701e-01
5.281777842284993518e-14
0.000000000000000000e+00
0.000000000000000000e+00
5.700458364484539162e-13
0.000000000000000000e+00
0.000000000000000000e+00
4.094555833773432689e-13
1.094235362925260918e-13
2.619689059239388909e-13
5.852246602266620771e-13
0.000000000000000000e+00
0.000000000000000000e+00
0.000000000000000000e+00
3.163440618780720415e-02
0.000000000000000000e+00
0.000000000000000000e+00
4.679240968214055541e-13
0.000000000000000000e+00
5.415353232621017421e-02
0.000000000000000000e+00
0.000000000000000000e+00
0.000000000000000000e+00
0.000000000000000000e+00
0.000000000000000000e+00
3.084322616094431480e-01
0.000000000000000000e+00
3.024223494805065246e-13
0.000000000000000000e+00
1.741896907186400978e-13
0.000000000000000000e+00
0.000000000000000000e+00
0.000000000000000000e+00
1.591657365166584117e-12
0.000000000000000000e+00
7.781150476118053890e-15
0.000000000000000000e+00
0.000000000000000000e+00
