9.823376271909210119e-13
3.380841700824162577e-01
0.000000000000000000e+00
3.003537101238719007e-12
0.000000000000000000e+00
7.480958847351176035e-12
0.000000000000000000e+00
3.344981750941975474e-01
0.000000000000000000e+00
9.094136199200561936e-13
0.000000000000000000e+00
2.268740369784090366e-12
2.696968083739836536e-13
2.443079317682674413e-12
0.000000000000000000e+00
0.000000000000000000e+00
1.390152877070769047e-12
0.000000000000000000e+00
2.334520731329525106e-12
0.000000000000000000e+00
7.542803216999417748e-02
0.000000000000000000e+00
1.584867025937740885e-12
6.855734649291010674e-02
0.000000000000000000e+00
2.456820372216194977e-12
5.923264761725866251e-13
0.000000000000000000e+00
1.791696467911024905e-12
0.000000000000000000e+00
5.695477788453843365e-02
2.307798978335553046e-12
1.955995544800654480e-12
0.000000000000000000e+00
0.000000000000000000e+00
1.264774983334074621e-01
1.808379571985320438e-12
0.000000000000000000e+00
2.275975653625556126e-13
3.526797160088447270e-12
5.797251407856942900e-13
1.457746510456672975e-12
6.011511320951796314e-13
0.000000000000000000e+00
1.202087007657779885e-12
0.000000000000000000e+00
1.596002109045776836e-12
0.000000000000000000e+00
5.878085371458039884e-12
