1.668910299659368171e-12
2.552782046625033555e-13
8.338251510346639246e-13
3.108080806099678080e-13
0.000000000000000000e+00
1.216723678450073996e-12
0.000000000000000000e+00
0.000000000000000000e+00
1.391960455310643941e-13
1.883521427741584320e-01
2.546817411038468760e-13
9.374762059042664230e-04
1.535328603312885454e-01
4.952549876404989155e-13
0.000000000000000000e+00
8.008688571104626008e-02
0.000000000000000000e+00
1.744003844928845098e-12
1.467611616636545224e-12
0.000000000000000000e+00
0.000000000000000000e+00
0.000000000000000000e+00
0.000000000000000000e+00
1.135199389902633229e-12
0.000000000000000000e+00
7.965134745202855222e-13
1.300933239540211943e-12
5.354799245267895247e-02
1.993149715578955748e-12
0.000000000000000000e+00
1.670222956334745379e-01
2.545129377682533523e-12
0.000000000000000000e+00
0.000000000000000000e+00
4.270312937101020292e-14
8.384238212417922928e-13
0.000000000000000000e+00
2.408260007766713229e-01
1.093147915445317753e-01
4.331323314918408994e-13
0.000000000000000000e+00
0.000000000000000000e+00
6.379554569427665564e-03
7.870449670581862212e-13
0.000000000000000000e+00
1.891784227598933891e-12
4.415119741304450946e-13
0.000000000000000000e+00
1.871608501002900130e-13
