0.000000000000000000e+00
0.000000000000000000e+00
0.000000000000000000e+00
0.000000000000000000e+00
0.000000000000000000e+00
8.338453126803247338e-12
0.000000000000000000e+00
3.165703709115938131e-12
0.000000000000000000e+00
0.000000000000000000e+00
5.871721371994191991e-12
0.000000000000000000e+00
0.000000000000000000e+00
0.000000000000000000e+00
6.411387228918318838e-12
0.000000000000000000e+00
0.000000000000000000e+00
0.000000000000000000e+00
1.928524806889741984e-11
0.000000000000000000e+00
1.576957479351666913e-01
1.724483194862300525e-11
1.721987618768675677e-11
0.000000000000000000e+00
0.000000000000000000e+00
0.000000000000000000e+00
0.000000000000000000e+00
8.215740140047078500e-12
2.228094924101561157e-12
1.091077501685100600e-11
0.000000000000000000e+00
3.727083768287960397e-01
0.000000000000000000e+00
0.000000000000000000e+00
0.000000000000000000e+00
1.573366976030580178e-01
1.649961871520821719e-11
0.000000000000000000e+00
2.067943048408160678e-01
1.024037493038516140e-11
1.016085542003349589e-12
0.000000000000000000e+00
3.912795965870209011e-12
2.118614168878092896e-11
1.054648728832135590e-01
1.123303884582394082e-11
0.000000000000000000e+00
4.753833583461154749e-12
8.226888843318593236e-12
