0.000000000000000000e+00
0.000000000000000000e+00
0.000000000000000000e+00
0.000000000000000000e+00
0.000000000000000000e+00
7.569112228299397804e-13
4.942906137357763891e-13
0.000000000000000000e+00
8.744328860607333928e-13
5.976864227431398916e-13
0.000000000000000000e+00
3.412663904063083250e-13
0.000000000000000000e+00
0.000000000000000000e+00
0.000000000000000000e+00
0.000000000000000000e+00
0.000000000000000000e+00
1.368288039881846679e-12
0.000000000000000000e+00
0.000000000000000000e+00
0.000000000000000000e+00
1.388810705737440058e-12
5.296433059579570217e-13
1.231795552018479747e-12
5.016830472221139176e-02
4.824423465039839779e-14
0.000000000000000000e+00
0.000000000000000000e+00
2.970789462211607251e-02
2.736514753812153145e-01
4.377283417869054726e-13
0.000000000000000000e+00
1.143173922827250490e-12
0.000000000000000000e+00
2.486626192786866217e-13
0.000000000000000000e+00
0.000000000000000000e+00
1.076616395672402730e-12
0.000000000000000000e+00
8.400592548423124062e-13
0.000000000000000000e+00
0.000000000000000000e+00
9.405797889624406770e-13
2.468310352450535095e-01
0.000000000000000000e+00
1.936679669110045906e-12
0.000000000000000000e+00
3.996412900334126439e-01
1.877885872546959068e-13
