0.000000000000000000e+00
0.000000000000000000e+00
0.000000000000000000e+00
0.000000000000000000e+00
2.433894119431216351e-12
0.000000000000000000e+00
0.000000000000000000e+00
2.012915048857872868e-01
0.000000000000000000e+00
3.419787479786753903e-01
5.021279714401416832e-12
0.000000000000000000e+00
2.154504076580149723e-12
4.345098409539785167e-14
0.000000000000000000e+00
0.000000000000000000e+00
0.000000000000000000e+00
0.000000000000000000e+00
1.675086578580414250e-12
0.000000000000000000e+00
0.000000000000000000e+00
5.608020543819498802e-12
1.195429486707896403e-12
7.153273644138092864e-12
0.000000000000000000e+00
5.985089949170527948e-12
0.000000000000000000e+00
2.819110101277074523e-12
0.000000000000000000e+00
0.000000000000000000e+00
3.898700761408025600e-02
0.000000000000000000e+00
3.386301253723736225e-12
0.000000000000000000e+00
0.000000000000000000e+00
0.000000000000000000e+00
2.238103046461804024e-01
5.285992035302163484e-13
2.737045217645516580e-12
2.744064037243207908e-12
3.561022039855707615e-14
4.658073626343789877e-13
4.759577738046782245e-12
2.528800823513022852e-12
0.000000000000000000e+00
0.000000000000000000e+00
1.939324348792604569e-01
3.365902703985077876e-12
0.000000000000000000e+00
