2.085453977223995576e-13
9.868867837479703477e-14
4.120639944787449169e-14
0.000000000000000000e+00
0.000000000000000000e+00
0.000000000000000000e+00
6.568429994601438562e-14
0.000000000000000000e+00
1.365760758992313718e-13
1.653220393033448254e-15
2.320983455708179001e-14
1.639133270452240373e-02
1.067302780441085616e-13
1.586394195908555904e-01
1.913581281058176638e-13
1.123489130121223394e-13
4.057801483091460057e-14
1.904620915424492450e-13
1.056690215215909563e-02
0.000000000000000000e+00
0.000000000000000000e+00
6.479759937869399871e-14
1.393998059993254306e-13
6.619752674205231165e-14
8.135477618052653951e-14
9.635287064773425895e-14
1.310025169255540634e-01
8.014352009988735727e-14
6.702742909512821433e-14
3.379941996815185715e-14
2.409256093556088692e-13
0.000000000000000000e+00
0.000000000000000000e+00
0.000000000000000000e+00
0.000000000000000000e+00
0.000000000000000000e+00
4.882736413873614063e-14
0.000000000000000000e+00
2.073340516007158019e-01
7.659041204000442693e-02
0.000000000000000000e+00
0.000000000000000000e+00
1.261268642651723892e-01
1.944416180603289745e-01
1.495307683816340244e-02
6.395380582092494159e-02
0.000000000000000000e+00
9.025688229049001813e-14
9.502586850594485176e-14
