0.000000000000000000e+00
0.000000000000000000e+00
0.000000000000000000e+00
9.211201512258287982e-02
8.603390504668753658e-02
1.277714471630620185e-01
2.897216146974443978e-15
5.913257713724428405e-02
0.000000000000000000e+00
0.000000000000000000e+00
0.000000000000000000e+00
0.000000000000000000e+00
2.575107945861887570e-13
1.869009323475854523e-01
1.699577867330875527e-14
0.000000000000000000e+00
0.000000000000000000e+00
1.045749679977330706e-13
0.000000000000000000e+00
1.984546283234122486e-13
0.000000000000000000e+00
7.701212675449249533e-14
0.000000000000000000e+00
0.000000000000000000e+00
8.484109499946582731e-14
2.113259834313198773e-13
0.000000000000000000e+00
1.474677403647607632e-01
7.108390365102817071e-14
6.315166766280130850e-02
1.526385505256823948e-02
0.000000000000000000e+00
0.000000000000000000e+00
1.704383297213017420e-13
0.000000000000000000e+00
0.000000000000000000e+00
0.000000000000000000e+00
1.862877411552505559e-13
2.841787790304004332e-14
0.000000000000000000e+00
1.804408744717464128e-13
0.000000000000000000e+00
0.000000000000000000e+00
5.699569429006226540e-02
8.490413073026550144e-15
0.000000000000000000e+00
9.405246381409317558e-14
0.000000000000000000e+00
1.651701658158920838e-01
