7.590152876289978440e-12
0.000000000000000000e+00
0.000000000000000000e+00
5.593903620512270802e-03
0.000000000000000000e+00
0.000000000000000000e+00
6.914157184038039602e-12
3.596208312897846325e-12
4.009705268815095824e-12
5.557081906373151359e-01
0.000000000000000000e+00
8.341457394624510239e-12
2.023017387258897716e-11
1.259158752352592670e-01
9.304742849865756646e-12
0.000000000000000000e+00
2.987607126889507692e-01
0.000000000000000000e+00
4.598688836605276942e-13
0.000000000000000000e+00
1.033145614140350477e-11
1.435963787844971260e-13
3.638432886548430011e-12
0.000000000000000000e+00
0.000000000000000000e+00
7.369540129790144555e-12
0.000000000000000000e+00
0.000000000000000000e+00
2.310676752794056719e-12
7.472876511782933331e-12
1.154894212714030103e-12
0.000000000000000000e+00
0.000000000000000000e+00
1.426339388470805631e-11
5.270626424040826409e-11
0.000000000000000000e+00
0.000000000000000000e+00
0.000000000000000000e+00
0.000000000000000000e+00
1.402131777222659012e-02
0.000000000000000000e+00
0.000000000000000000e+00
0.000000000000000000e+00
1.358325548232528798e-11
0.000000000000000000e+00
8.665651222489545854e-12
5.816338285407475039e-12
1.420640022703948717e-11
5.885786712916508689e-12
