1.779441548464967895e-02
0.000000000000000000e+00
9.546342530494453249e-14
4.938693357209875123e-02
1.166314100528367953e-01
0.000000000000000000e+00
0.000000000000000000e+00
4.357548556804515666e-02
1.187048235314763778e-13
1.060787945656414821e-13
0.000000000000000000e+00
3.222470159507069276e-01
8.008504409216972431e-14
0.000000000000000000e+00
3.592699732548124136e-14
4.717938279635847110e-14
7.330545675685029572e-14
1.268247524143992222e-14
6.131340484698093174e-14
2.489339118031379527e-01
6.380851318783971327e-14
1.389959433463876064e-02
1.197112172574271022e-13
6.913667349172192104e-04
0.000000000000000000e+00
0.000000000000000000e+00
0.000000000000000000e+00
0.000000000000000000e+00
5.400202651045273028e-14
0.000000000000000000e+00
1.411526365897256691e-13
0.000000000000000000e+00
0.000000000000000000e+00
0.000000000000000000e+00
0.000000000000000000e+00
8.971282037021320599e-14
9.387004791094194500e-14
0.000000000000000000e+00
1.868398665002811432e-01
0.000000000000000000e+00
1.663999274199683132e-13
2.536196215064193127e-14
1.163448813202086485e-13
4.350365960482591166e-14
4.581113659534070959e-14
1.640285739808351739e-13
4.978050916902738987e-14
0.000000000000000000e+00
0.000000000000000000e+00
