1.269694274155777755e-03
5.682391466287318348e-13
6.109766132347150589e-13
1.644152672315581561e-12
3.198799512920788032e-13
2.330867631973160014e-13
8.246043286797152903e-13
1.275026521526264150e-11
1.493760299289088407e-12
5.171198717619956865e-13
6.571587846990692135e-13
2.335141687223592276e-12
6.016366321187982616e-13
1.688676652448936610e-01
1.266148092752361942e-12
7.370382268359296344e-13
2.103006887824011415e-12
1.095385839854625009e-12
1.526625642202016341e-12
1.657444038486322319e-13
4.144455243054439528e-13
3.327875082604206886e-13
5.417115705714104284e-13
4.694472403246834619e-13
1.011150178749132198e-12
9.319744280951239301e-02
1.650499447024327779e-12
1.479281981494018953e-12
2.041838500835237600e-12
2.379492470933051995e-02
1.854168275521607329e-13
2.083751510613448557e-12
1.428953319009134302e-12
4.328081363165923055e-13
7.652222014893854465e-13
2.498446904948539604e-13
1.389134736416055808e-12
2.304995602329126901e-13
2.573388228935438576e-12
1.350272815560433770e-01
1.393770737996961316e-12
1.271127731182415121e-01
7.183813346394875449e-13
4.235134368771953373e-01
2.721678141042364885e-02
3.092465609004625174e-13
1.183630535854362727e-12
6.109211697044390521e-13
1.371149718211570356e-12
