1.906607632245195527e-01
0.000000000000000000e+00
4.087169670310355311e-11
0.000000000000000000e+00
5.212058283031274162e-11
0.000000000000000000e+00
2.841141099626851290e-10
1.462228839181795567e-11
0.000000000000000000e+00
0.000000000000000000e+00
0.000000000000000000e+00
0.000000000000000000e+00
0.000000000000000000e+00
0.000000000000000000e+00
0.000000000000000000e+00
4.520150577614376835e-11
0.000000000000000000e+00
9.464649858978609562e-11
7.466157539794492348e-12
0.000000000000000000e+00
4.178211500147594510e-11
3.625276925785467930e-11
3.652734573658173119e-11
0.000000000000000000e+00
0.000000000000000000e+00
8.982653891521030416e-11
2.474833746635714538e-01
1.771701415296731802e-13
0.000000000000000000e+00
0.000000000000000000e+00
3.921693668758027127e-11
0.000000000000000000e+00
1.045096608613049345e-12
0.000000000000000000e+00
9.333924273613861122e-02
0.000000000000000000e+00
0.000000000000000000e+00
2.403233267678025098e-11
2.813467270516913088e-02
3.658402522981800157e-12
0.000000000000000000e+00
2.675213799092592271e-01
4.237572476004058547e-11
8.280971105052619911e-11
7.574727033701272762e-11
0.000000000000000000e+00
1.728605666820890729e-01
0.000000000000000000e+00
0.000000000000000000e+00
