0.000000000000000000e+00
6.453618967387554903e-16
2.865951538120636077e-14
4.133222881562680612e-15
0.000000000000000000e+00
6.314148566292987714e-15
7.737632728046643699e-15
4.903844140896438330e-15
0.000000000000000000e+00
0.000000000000000000e+00
0.000000000000000000e+00
0.000000000000000000e+00
6.762986325889490115e-15
4.190709548038909829e-15
1.247424765742354709e-14
0.000000000000000000e+00
1.297836746171160682e-01
0.000000000000000000e+00
0.000000000000000000e+00
0.000000000000000000e+00
3.828107808260177407e-14
1.178469009470431844e-01
2.894842470799508516e-01
0.000000000000000000e+00
1.499984373369130156e-14
0.000000000000000000e+00
0.000000000000000000e+00
0.000000000000000000e+00
0.000000000000000000e+00
0.000000000000000000e+00
2.592416091789632171e-01
8.758133847323471904e-14
0.000000000000000000e+00
2.498850569752253839e-14
0.000000000000000000e+00
5.825299111819436263e-15
1.265559389523920331e-01
0.000000000000000000e+00
7.083096983631045506e-15
4.687396026401844176e-03
7.240023319802499358e-02
1.670033348570441483e-14
0.000000000000000000e+00
0.000000000000000000e+00
3.325480956308784985e-14
1.010872738091581639e-14
0.000000000000000000e+00
0.000000000000000000e+00
3.741621540073130526e-14
