0.000000000000000000e+00
0.000000000000000000e+00
2.580933135794058756e-11
5.760372860787636717e-02
1.884939388998486953e-01
3.582615555963381105e-13
0.000000000000000000e+00
0.000000000000000000e+00
1.915954870570165856e-11
0.000000000000000000e+00
7.774554055194950865e-12
0.000000000000000000e+00
0.000000000000000000e+00
0.000000000000000000e+00
3.223413673540324129e-11
6.610216762249381873e-12
1.268077215228946138e-11
1.705099515109096131e-01
0.000000000000000000e+00
0.000000000000000000e+00
0.000000000000000000e+00
0.000000000000000000e+00
1.015933192319721154e-11
0.000000000000000000e+00
4.375882543050690872e-12
0.000000000000000000e+00
1.409601025297344851e-11
0.000000000000000000e+00
4.319142248460881713e-11
0.000000000000000000e+00
0.000000000000000000e+00
3.836623183574417451e-01
1.057959484529603805e-11
0.000000000000000000e+00
0.000000000000000000e+00
6.135456063649167471e-13
0.000000000000000000e+00
0.000000000000000000e+00
9.036233002566499379e-12
0.000000000000000000e+00
0.000000000000000000e+00
9.344860078956447148e-12
0.000000000000000000e+00
0.000000000000000000e+00
0.000000000000000000e+00
1.184337610369351021e-11
0.000000000000000000e+00
1.997300626806068902e-01
8.070825837277869566e-12
