9.706172299505089261e-14
1.948534134897542718e-12
0.000000000000000000e+00
0.000000000000000000e+00
0.000000000000000000e+00
0.000000000000000000e+00
0.000000000000000000e+00
1.030247309689743495e-11
9.213796553035024830e-13
0.000000000000000000e+00
0.000000000000000000e+00
1.273983430059969050e-11
0.000000000000000000e+00
0.000000000000000000e+00
3.310819513352683003e-12
0.000000000000000000e+00
4.842815390026648950e-12
0.000000000000000000e+00
0.000000000000000000e+00
0.000000000000000000e+00
1.795538186464157832e-12
0.000000000000000000e+00
2.287778711138728494e-02
2.738635726920058203e-02
9.497358556711720246e-01
0.000000000000000000e+00
3.676137116869302568e-12
0.000000000000000000e+00
6.417507709820905862e-12
7.972564276109619729e-12
0.000000000000000000e+00
0.000000000000000000e+00
0.000000000000000000e+00
0.000000000000000000e+00
1.092058442984824454e-11
0.000000000000000000e+00
2.637164031637651397e-12
6.416293584784361574e-12
0.000000000000000000e+00
0.000000000000000000e+00
7.914425616648685714e-12
0.000000000000000000e+00
0.000000000000000000e+00
0.000000000000000000e+00
0.000000000000000000e+00
0.000000000000000000e+00
3.479174579794734874e-12
6.525598950924053421e-12
3.387237007373290777e-12
