0.000000000000000000e+00
0.000000000000000000e+00
3.444239971341631636e-12
2.677249925087648030e-01
2.881595222435736294e-12
0.000000000000000000e+00
0.000000000000000000e+00
0.000000000000000000e+00
0.000000000000000000e+00
0.000000000000000000e+00
3.061306926362704380e-12
3.946930424910626798e-12
2.370566012253637690e-12
0.000000000000000000e+00
1.137986039129012389e-01
0.000000000000000000e+00
1.568227986223513504e-01
0.000000000000000000e+00
5.278526926334324576e-02
0.000000000000000000e+00
0.000000000000000000e+00
2.249969822510746616e-13
7.422199176256293399e-03
0.000000000000000000e+00
0.000000000000000000e+00
9.161173274862014017e-13
4.363617033843729160e-13
0.000000000000000000e+00
1.428204012008985313e-12
0.000000000000000000e+00
2.186182734323238551e-12
0.000000000000000000e+00
1.090796568492557801e-12
1.784500725728775790e-13
0.000000000000000000e+00
1.425105809401121497e-12
6.678887084940633712e-02
2.015442708697591779e-12
1.810769425215242290e-12
1.444377099303826295e-01
0.000000000000000000e+00
0.000000000000000000e+00
6.167260193627289305e-02
0.000000000000000000e+00
1.169658741682865211e-01
1.158107967653037446e-02
0.000000000000000000e+00
0.000000000000000000e+00
2.050552437908147166e-12
