0.000000000000000000e+00
1.870326724727995364e-11
2.624057593180549937e-11
1.121572078128394850e-01
0.000000000000000000e+00
4.363870931554221516e-12
0.000000000000000000e+00
0.000000000000000000e+00
1.294889503398540540e-03
4.854870121476935196e-01
0.000000000000000000e+00
0.000000000000000000e+00
6.804467218994862218e-12
0.000000000000000000e+00
1.171121558155996284e-11
2.605173036191361610e-11
0.000000000000000000e+00
7.721672463539214269e-12
4.078694366614184195e-11
2.421690800606074445e-01
1.863325636893786025e-02
7.348996312731701064e-11
0.000000000000000000e+00
0.000000000000000000e+00
3.732050565547369281e-12
6.608930372043421429e-11
7.835133174167464779e-11
0.000000000000000000e+00
0.000000000000000000e+00
0.000000000000000000e+00
0.000000000000000000e+00
0.000000000000000000e+00
8.316636708556758079e-11
1.421977682131687978e-11
2.182954293281262150e-11
1.265240677803032322e-11
0.000000000000000000e+00
0.000000000000000000e+00
9.826558439008498740e-12
0.000000000000000000e+00
0.000000000000000000e+00
0.000000000000000000e+00
2.241669669085352601e-11
7.023127953706316638e-12
0.000000000000000000e+00
6.381826125728216394e-11
1.402585542479949099e-01
0.000000000000000000e+00
0.000000000000000000e+00
