2.060295634926336272e-01
0.000000000000000000e+00
0.000000000000000000e+00
1.814679001955078058e-12
0.000000000000000000e+00
4.852999295826276871e-12
4.815337913837997724e-12
4.424054286509698231e-01
0.000000000000000000e+00
6.902848349074185846e-13
0.000000000000000000e+00
6.915546013310435933e-12
0.000000000000000000e+00
8.587644077838810230e-13
2.281763130220285096e-12
1.923601021850372683e-12
0.000000000000000000e+00
0.000000000000000000e+00
2.665906537679344629e-12
8.899730792274497537e-14
5.597171665494733717e-12
0.000000000000000000e+00
2.313185884159074668e-12
0.000000000000000000e+00
0.000000000000000000e+00
1.590247010951287981e-12
1.695497986431148407e-01
1.056156671044557530e-11
3.936426095567206740e-12
4.051357702414921588e-12
1.735517378843280945e-01
0.000000000000000000e+00
0.000000000000000000e+00
5.643153150580162633e-12
3.563157688992736952e-03
0.000000000000000000e+00
0.000000000000000000e+00
2.071461464815335662e-11
0.000000000000000000e+00
4.900313654729655799e-03
0.000000000000000000e+00
4.942557085450220017e-12
4.945393812343101825e-12
0.000000000000000000e+00
0.000000000000000000e+00
0.000000000000000000e+00
0.000000000000000000e+00
2.691457378012828902e-12
0.000000000000000000e+00
