0.000000000000000000e+00
3.110078992854011164e-12
4.756776375324503783e-13
4.894135686728329669e-14
4.182711375534309443e-13
0.000000000000000000e+00
0.000000000000000000e+00
0.000000000000000000e+00
7.084992679647457337e-13
0.000000000000000000e+00
9.049795915559660442e-14
3.916366078859666588e-01
0.000000000000000000e+00
3.254031062918337938e-13
6.426064809984385567e-13
0.000000000000000000e+00
0.000000000000000000e+00
5.525783421920227921e-12
7.913910231093374566e-13
0.000000000000000000e+00
0.000000000000000000e+00
6.328818092327075264e-13
1.946782256878627984e-13
3.638412132939024315e-13
0.000000000000000000e+00
0.000000000000000000e+00
5.344563027269967907e-13
0.000000000000000000e+00
3.898239010509526366e-13
4.093915522780482985e-01
0.000000000000000000e+00
0.000000000000000000e+00
0.000000000000000000e+00
4.350370464025398633e-13
0.000000000000000000e+00
0.000000000000000000e+00
0.000000000000000000e+00
2.742699874428007378e-13
0.000000000000000000e+00
4.107828416603719526e-13
0.000000000000000000e+00
2.762422451464492232e-13
2.998505308123531124e-02
0.000000000000000000e+00
7.595084167918893681e-13
1.178388166908466567e-01
7.406412570759257868e-14
1.060290841149733512e-13
5.114797005501075383e-02
