3.285743252682199729e-12
0.000000000000000000e+00
1.180961131610084782e-12
0.000000000000000000e+00
3.791429264786847636e-02
5.620661745167468492e-13
0.000000000000000000e+00
1.624380511755160496e-12
0.000000000000000000e+00
0.000000000000000000e+00
1.504934444500084058e-12
5.541939358118848131e-12
1.525320585047569168e-12
0.000000000000000000e+00
3.050939102628856938e-12
0.000000000000000000e+00
0.000000000000000000e+00
2.240931004777828738e-12
8.717819916258727743e-13
0.000000000000000000e+00
3.697764593297725080e-12
1.484285970677182420e-12
0.000000000000000000e+00
4.063072411998048540e-12
0.000000000000000000e+00
2.746631242693719531e-12
4.689322980522674378e-01
2.932864389203133977e-12
9.921639138718470592e-13
2.133939947791713788e-12
0.000000000000000000e+00
2.891855877279421184e-12
0.000000000000000000e+00
2.877572835592632217e-01
2.625524522603716019e-12
1.257106206254604538e-12
0.000000000000000000e+00
8.263275734610082435e-13
4.904214261059548770e-13
1.691412433724263642e-01
9.169117280432226807e-13
3.461421076879551018e-03
3.930431524771115648e-12
3.279346129114960734e-02
5.437634924345414318e-12
0.000000000000000000e+00
0.000000000000000000e+00
0.000000000000000000e+00
2.858950982036995721e-12
