0.000000000000000000e+00
1.475367969011660252e-11
0.000000000000000000e+00
0.000000000000000000e+00
0.000000000000000000e+00
0.000000000000000000e+00
0.000000000000000000e+00
0.000000000000000000e+00
5.109796086010000016e-01
9.991986516441359355e-11
0.000000000000000000e+00
4.124882789872226288e-11
0.000000000000000000e+00
4.981094668567250238e-11
3.976144463813972172e-11
0.000000000000000000e+00
1.169249833789065030e-10
7.576228455293278902e-11
1.090095147856900836e-10
0.000000000000000000e+00
9.218148409158325537e-11
0.000000000000000000e+00
0.000000000000000000e+00
0.000000000000000000e+00
8.505515169088371123e-11
3.180680915114161847e-11
1.867057300443044378e-11
8.877997755478301449e-11
1.327306657180774563e-01
3.210921953148591077e-11
0.000000000000000000e+00
2.204715415020863986e-10
1.018348844738502982e-11
7.724876379193952103e-10
1.918452941526390175e-11
0.000000000000000000e+00
2.738081039804911650e-11
1.707417182657700594e-01
0.000000000000000000e+00
0.000000000000000000e+00
4.143296000843509876e-11
0.000000000000000000e+00
0.000000000000000000e+00
6.104822533770978602e-11
6.495704986176283394e-11
1.543633365801387047e-01
0.000000000000000000e+00
3.118467074531547714e-02
0.000000000000000000e+00
