6.667720092339135540e-02
0.000000000000000000e+00
8.342141962701084615e-14
6.415555226095535912e-02
0.000000000000000000e+00
0.000000000000000000e+00
2.541460585313178311e-01
2.183345193008945362e-12
1.041625061892889267e-13
7.747026778193652485e-02
0.000000000000000000e+00
0.000000000000000000e+00
0.000000000000000000e+00
1.179117822430492558e-12
0.000000000000000000e+00
0.000000000000000000e+00
0.000000000000000000e+00
3.705439889028306899e-01
0.000000000000000000e+00
0.000000000000000000e+00
2.001394492842645256e-12
6.908251877176582040e-13
1.477554174863604346e-12
1.598283998368015685e-12
1.941386444728152375e-02
1.331420428043377045e-12
0.000000000000000000e+00
2.764691492621254229e-02
0.000000000000000000e+00
0.000000000000000000e+00
0.000000000000000000e+00
0.000000000000000000e+00
1.586495251306146298e-12
4.376306895063669829e-13
7.392662125364247994e-13
5.553986022715888538e-13
1.199461522539869707e-01
1.853204665869549392e-14
0.000000000000000000e+00
0.000000000000000000e+00
4.055571381313453037e-13
1.120155743775639885e-12
0.000000000000000000e+00
0.000000000000000000e+00
1.436536121584034917e-12
1.970542612005250771e-12
0.000000000000000000e+00
2.093861922802602808e-12
0.000000000000000000e+00
