4.187816540746673648e-13
1.620976870137160365e-13
0.000000000000000000e+00
0.000000000000000000e+00
2.443714342432700137e-01
0.000000000000000000e+00
5.424325355515833046e-14
3.082306376253941031e-13
0.000000000000000000e+00
1.372810610673834244e-12
3.347977812291647105e-13
8.770577732827491979e-02
1.809881772335644101e-13
5.993855971040551331e-13
1.902192795988722820e-13
8.435006629542986245e-02
0.000000000000000000e+00
6.182930231647523756e-02
1.074169916151044998e-13
0.000000000000000000e+00
1.857800693257716077e-13
3.791035834304347374e-02
9.203268722245658284e-02
5.341234773975982869e-02
0.000000000000000000e+00
2.364236803550556004e-14
0.000000000000000000e+00
1.364984007233094511e-13
0.000000000000000000e+00
3.127355706946039326e-13
0.000000000000000000e+00
5.894542560008555732e-14
3.426849560433663484e-13
4.418109194230967037e-13
5.010396931059738344e-13
1.910379352145298384e-13
0.000000000000000000e+00
0.000000000000000000e+00
0.000000000000000000e+00
0.000000000000000000e+00
0.000000000000000000e+00
0.000000000000000000e+00
4.197532899313243238e-14
0.000000000000000000e+00
0.000000000000000000e+00
5.764439346028245084e-13
1.343168354437748486e-13
3.383880265113702324e-01
2.927111017260464425e-13
