1.351556042873113312e-12
1.272443679888350532e-12
1.544353221963127370e-13
0.000000000000000000e+00
8.862471554156969295e-14
0.000000000000000000e+00
0.000000000000000000e+00
2.194363231533016584e-13
1.445088745540658824e-02
0.000000000000000000e+00
0.000000000000000000e+00
0.000000000000000000e+00
8.176978209755323586e-13
0.000000000000000000e+00
0.000000000000000000e+00
0.000000000000000000e+00
0.000000000000000000e+00
9.699377178415780746e-13
8.370206672943730775e-02
0.000000000000000000e+00
1.665169366563478763e-13
0.000000000000000000e+00
0.000000000000000000e+00
2.423156090943770213e-01
3.875141019672339874e-13
0.000000000000000000e+00
0.000000000000000000e+00
0.000000000000000000e+00
0.000000000000000000e+00
1.516773197923784981e-12
2.002737276509719555e-01
0.000000000000000000e+00
0.000000000000000000e+00
2.845069754264473727e-01
1.244127367587893399e-12
0.000000000000000000e+00
6.013321764193309271e-02
0.000000000000000000e+00
1.144138393546997530e-11
0.000000000000000000e+00
0.000000000000000000e+00
0.000000000000000000e+00
1.146175160246877128e-01
0.000000000000000000e+00
0.000000000000000000e+00
0.000000000000000000e+00
0.000000000000000000e+00
0.000000000000000000e+00
0.000000000000000000e+00
