0.000000000000000000e+00
4.298170232886852182e-13
6.191733330624860894e-13
0.000000000000000000e+00
7.633681825583910839e-13
4.577004786381705856e-13
6.826545310871741763e-13
0.000000000000000000e+00
2.509659791493338817e-13
0.000000000000000000e+00
0.000000000000000000e+00
0.000000000000000000e+00
3.225316583190857012e-02
3.927467034210251744e-13
2.616248290139254473e-03
0.000000000000000000e+00
1.825218601901101301e-01
0.000000000000000000e+00
7.498493883428675401e-14
0.000000000000000000e+00
0.000000000000000000e+00
8.742597645071911727e-02
2.437976920633621336e-13
0.000000000000000000e+00
0.000000000000000000e+00
4.202403722069623849e-14
0.000000000000000000e+00
0.000000000000000000e+00
1.916524123272110128e-12
3.955815409359214607e-02
0.000000000000000000e+00
1.548484238101589250e-01
5.908008281846185381e-13
0.000000000000000000e+00
0.000000000000000000e+00
0.000000000000000000e+00
0.000000000000000000e+00
1.419142970391553127e-01
0.000000000000000000e+00
7.767320591044181757e-13
0.000000000000000000e+00
0.000000000000000000e+00
0.000000000000000000e+00
2.240360999538562325e-01
0.000000000000000000e+00
0.000000000000000000e+00
0.000000000000000000e+00
0.000000000000000000e+00
1.348257743513588958e-01
