0.000000000000000000e+00
0.000000000000000000e+00
0.000000000000000000e+00
0.000000000000000000e+00
2.224585609602710012e-01
7.643225070869464242e-12
5.735627997402799818e-12
0.000000000000000000e+00
0.000000000000000000e+00
0.000000000000000000e+00
6.449768173218830178e-12
1.391005044467133515e-11
4.822350971543915104e-12
1.571372429218734159e-11
0.000000000000000000e+00
0.000000000000000000e+00
3.176464088397664143e-01
0.000000000000000000e+00
0.000000000000000000e+00
1.200798491984531568e-11
0.000000000000000000e+00
1.156307629162748735e-01
0.000000000000000000e+00
0.000000000000000000e+00
1.634962879159353084e-12
1.438799144499706181e-11
0.000000000000000000e+00
0.000000000000000000e+00
0.000000000000000000e+00
0.000000000000000000e+00
0.000000000000000000e+00
0.000000000000000000e+00
7.190760812662452145e-12
2.429565245818998510e-11
0.000000000000000000e+00
0.000000000000000000e+00
0.000000000000000000e+00
1.062056610228539343e-11
1.433813709186194154e-12
1.037721117103219942e-11
3.442642674431553584e-01
0.000000000000000000e+00
2.808202246885783513e-13
4.965557093259403779e-12
0.000000000000000000e+00
0.000000000000000000e+00
0.000000000000000000e+00
2.174513796810353151e-11
5.095168788996097193e-12
