0.000000000000000000e+00
0.000000000000000000e+00
3.976691366114046276e-13
5.801960382873266288e-13
0.000000000000000000e+00
2.656745721798856589e-13
0.000000000000000000e+00
0.000000000000000000e+00
1.075863946227082743e-13
0.000000000000000000e+00
0.000000000000000000e+00
4.778243083195144499e-13
6.839076864727257290e-13
1.518879229723142776e-12
0.000000000000000000e+00
2.944613577268399562e-01
8.282006707370730136e-02
0.000000000000000000e+00
0.000000000000000000e+00
0.000000000000000000e+00
0.000000000000000000e+00
6.185209053561627786e-13
0.000000000000000000e+00
8.183178504321588668e-14
2.115845106863894765e-01
0.000000000000000000e+00
0.000000000000000000e+00
0.000000000000000000e+00
0.000000000000000000e+00
1.352694982632808707e-12
1.930597922549872336e-01
2.180742722749950957e-01
6.841861697154263485e-13
0.000000000000000000e+00
5.884088817517906851e-14
0.000000000000000000e+00
3.551884577060246214e-13
2.191363483130638950e-13
0.000000000000000000e+00
0.000000000000000000e+00
0.000000000000000000e+00
0.000000000000000000e+00
0.000000000000000000e+00
0.000000000000000000e+00
0.000000000000000000e+00
0.000000000000000000e+00
0.000000000000000000e+00
0.000000000000000000e+00
4.298388298514041370e-13
