0.000000000000000000e+00
0.000000000000000000e+00
0.000000000000000000e+00
0.000000000000000000e+00
0.000000000000000000e+00
1.006418770952173262e-12
3.339501441671959817e-12
2.638678614406763101e-01
1.927911547689079852e-01
0.000000000000000000e+00
1.545385065826949123e-01
9.554464957402865507e-13
0.000000000000000000e+00
3.704082758546395331e-13
2.545400858177118305e-12
1.875471447658366708e-01
1.308362743742928635e-12
9.951061726696849950e-13
0.000000000000000000e+00
1.662753017322348952e-12
0.000000000000000000e+00
0.000000000000000000e+00
0.000000000000000000e+00
0.000000000000000000e+00
0.000000000000000000e+00
1.322842635890146215e-11
0.000000000000000000e+00
0.000000000000000000e+00
0.000000000000000000e+00
0.000000000000000000e+00
0.000000000000000000e+00
0.000000000000000000e+00
0.000000000000000000e+00
8.575492161555874589e-13
2.307608304388384523e-12
2.864854511959035224e-12
2.682144689800702707e-12
0.000000000000000000e+00
0.000000000000000000e+00
0.000000000000000000e+00
1.125562293089760885e-01
0.000000000000000000e+00
0.000000000000000000e+00
0.000000000000000000e+00
6.328473832230741345e-13
8.869910317564876079e-02
0.000000000000000000e+00
0.000000000000000000e+00
5.089317231627598846e-13
