0.000000000000000000e+00
3.745660714295156318e-02
2.290740123535080844e-14
1.965632796994979947e-01
1.821830355777183609e-13
5.221538664019447634e-02
4.426865654446655807e-13
1.170213467134864236e-03
9.986894208552535464e-14
0.000000000000000000e+00
0.000000000000000000e+00
1.057728750530136806e-13
2.571029759008568242e-13
2.788167189716493071e-15
0.000000000000000000e+00
2.421970691262021285e-13
2.197123534600479815e-03
6.713516812034954487e-14
0.000000000000000000e+00
0.000000000000000000e+00
0.000000000000000000e+00
2.988760879817433426e-13
3.264145524830147692e-13
0.000000000000000000e+00
3.635737128897130969e-13
1.566741417339767176e-13
0.000000000000000000e+00
1.464748809775862914e-01
7.187446505876622301e-14
0.000000000000000000e+00
0.000000000000000000e+00
0.000000000000000000e+00
0.000000000000000000e+00
0.000000000000000000e+00
1.133642290750700304e-01
2.141226340831731704e-15
0.000000000000000000e+00
0.000000000000000000e+00
2.930175850065864784e-01
1.575406944569077983e-01
0.000000000000000000e+00
0.000000000000000000e+00
2.442598099641319286e-13
0.000000000000000000e+00
1.579885608655201846e-13
0.000000000000000000e+00
1.566703683095498394e-13
3.759040434804032950e-14
4.762663900949430126e-14
