0.000000000000000000e+00
3.807366181785441704e-12
0.000000000000000000e+00
0.000000000000000000e+00
1.485398023419437768e-12
1.853292605213474598e-12
1.149810744681454797e-13
7.735633065061983671e-02
0.000000000000000000e+00
0.000000000000000000e+00
1.434309084476763563e-12
2.916744768412219413e-01
0.000000000000000000e+00
5.357799036661439057e-02
8.155476193564282703e-03
6.765473416325838974e-13
0.000000000000000000e+00
1.907488265725166899e-12
0.000000000000000000e+00
0.000000000000000000e+00
1.474864166713334537e-12
0.000000000000000000e+00
0.000000000000000000e+00
7.761539700509074990e-02
0.000000000000000000e+00
0.000000000000000000e+00
0.000000000000000000e+00
1.449096646703370664e-12
0.000000000000000000e+00
1.709143976875992313e-12
2.074534282775576111e-01
0.000000000000000000e+00
0.000000000000000000e+00
1.284213629582495464e-01
0.000000000000000000e+00
0.000000000000000000e+00
0.000000000000000000e+00
0.000000000000000000e+00
7.867769281151897054e-02
0.000000000000000000e+00
7.706784492779268636e-02
0.000000000000000000e+00
0.000000000000000000e+00
0.000000000000000000e+00
0.000000000000000000e+00
0.000000000000000000e+00
0.000000000000000000e+00
0.000000000000000000e+00
2.900261028042453283e-12
