1.033604065050235876e-12
0.000000000000000000e+00
0.000000000000000000e+00
0.000000000000000000e+00
0.000000000000000000e+00
1.015979445891315505e-12
5.493113714286249928e-03
1.559213349719704611e-12
3.099590305580748884e-01
2.078085292847400946e-13
0.000000000000000000e+00
2.103342395525948920e-13
0.000000000000000000e+00
1.087214727059897523e-01
2.925859965798547274e-13
0.000000000000000000e+00
1.653887204766033727e-14
0.000000000000000000e+00
0.000000000000000000e+00
1.621789537093133171e-01
0.000000000000000000e+00
2.114330707468592419e-01
0.000000000000000000e+00
6.560633311778309532e-13
8.741592492507511247e-13
0.000000000000000000e+00
8.154866641291279843e-14
0.000000000000000000e+00
0.000000000000000000e+00
0.000000000000000000e+00
0.000000000000000000e+00
6.692896255211925032e-13
2.324287770236525864e-13
6.919219376152468498e-13
1.120474749446893936e-12
0.000000000000000000e+00
0.000000000000000000e+00
5.028327004820761129e-14
0.000000000000000000e+00
0.000000000000000000e+00
5.223858471118211270e-13
1.422807857497823206e-12
0.000000000000000000e+00
4.321090984444708022e-13
1.113025986447661330e-12
0.000000000000000000e+00
1.600298131516541472e-12
2.022143585727845250e-01
0.000000000000000000e+00
