8.321222986098446295e-02
0.000000000000000000e+00
4.839799454289662047e-14
4.611887371176143099e-14
0.000000000000000000e+00
0.000000000000000000e+00
2.522707531400112876e-02
1.909912617971459854e-13
1.285338747061182117e-13
5.091638135062813740e-14
1.149193507613702840e-13
0.000000000000000000e+00
1.246249400683335523e-13
9.433644393311846802e-14
2.387836942562007736e-01
5.021069570317521482e-14
2.331536125877277308e-14
1.996924226622918317e-14
0.000000000000000000e+00
0.000000000000000000e+00
1.079024829918894882e-13
5.985810794355277065e-14
6.104510532303102460e-15
8.751956871621188142e-14
1.494251084965293472e-13
1.478927224868801420e-03
5.213564800994736583e-14
0.000000000000000000e+00
5.501388180045073515e-14
0.000000000000000000e+00
0.000000000000000000e+00
1.207824265080895687e-01
9.847070977197786902e-15
1.739346801515062905e-13
5.659176254361499708e-02
2.965110413125952076e-14
1.238265956340649404e-13
1.623048088677585266e-01
1.164642213595398610e-13
0.000000000000000000e+00
1.044439208479550520e-13
8.741468279925855567e-02
6.466866931945391972e-02
1.595357233039866318e-01
5.000257243325013913e-14
0.000000000000000000e+00
5.045119997891531375e-14
3.557235322197907524e-13
4.164154125688906388e-15
