2.287508049757626689e-13
0.000000000000000000e+00
2.011454215576587909e-14
0.000000000000000000e+00
4.276248101828997172e-02
2.920448644016365378e-02
5.651607047253380811e-01
1.491236185539254222e-13
0.000000000000000000e+00
1.232906323085736186e-13
8.005774287122992823e-14
0.000000000000000000e+00
6.178784887955483335e-14
0.000000000000000000e+00
6.197434576374643309e-14
2.055559019488103011e-13
0.000000000000000000e+00
0.000000000000000000e+00
0.000000000000000000e+00
2.141643649655221424e-13
0.000000000000000000e+00
0.000000000000000000e+00
0.000000000000000000e+00
0.000000000000000000e+00
3.885048589658310394e-13
1.461744094821015049e-13
7.827170002997035362e-14
0.000000000000000000e+00
0.000000000000000000e+00
9.658150277958316702e-14
0.000000000000000000e+00
2.762966669716750160e-14
0.000000000000000000e+00
0.000000000000000000e+00
4.747614498794384963e-02
8.572351885843010416e-14
3.153961828291336200e-01
0.000000000000000000e+00
4.622488363664383425e-14
0.000000000000000000e+00
2.948461074450203939e-13
9.224526598803750351e-14
3.876966340801753711e-13
0.000000000000000000e+00
0.000000000000000000e+00
0.000000000000000000e+00
1.204088372178639849e-13
0.000000000000000000e+00
0.000000000000000000e+00
