5.718999316232167840e-02
1.087961027302128793e-13
3.074058981372945320e-14
1.551088852712025285e-13
0.000000000000000000e+00
0.000000000000000000e+00
9.913734812794770292e-14
1.386780865347143066e-01
6.542319967606095854e-02
0.000000000000000000e+00
0.000000000000000000e+00
1.154986742300779211e-13
0.000000000000000000e+00
0.000000000000000000e+00
0.000000000000000000e+00
0.000000000000000000e+00
1.748841334097697101e-13
1.615347099313759090e-15
1.900551620158478497e-13
1.835745360180530104e-13
7.099830587402019069e-15
2.050424694780953738e-01
0.000000000000000000e+00
0.000000000000000000e+00
0.000000000000000000e+00
9.775811866246113171e-14
0.000000000000000000e+00
1.627127614485930586e-13
0.000000000000000000e+00
1.231620011089373887e-13
0.000000000000000000e+00
0.000000000000000000e+00
9.043022614807678678e-14
0.000000000000000000e+00
4.367734815758337902e-14
0.000000000000000000e+00
0.000000000000000000e+00
1.468639976409777566e-14
1.699937999119835582e-13
3.467144407235951253e-13
0.000000000000000000e+00
5.336662511497174410e-01
0.000000000000000000e+00
1.864926117434308845e-13
2.102728139804582947e-13
4.914800044467592353e-14
0.000000000000000000e+00
0.000000000000000000e+00
4.552023651272678675e-13
