6.666777833744787787e-14
0.000000000000000000e+00
0.000000000000000000e+00
0.000000000000000000e+00
1.076166486734627947e-01
1.591678334699945796e-01
3.068275286569442928e-01
1.933824382880889592e-01
1.216008139672778293e-01
0.000000000000000000e+00
3.913513976228873356e-14
6.007481012059776885e-14
2.350107982670657878e-14
2.582010206546914502e-02
5.511028465902447624e-15
0.000000000000000000e+00
1.211647076724113816e-13
0.000000000000000000e+00
0.000000000000000000e+00
0.000000000000000000e+00
0.000000000000000000e+00
0.000000000000000000e+00
0.000000000000000000e+00
1.317085951713635178e-14
0.000000000000000000e+00
0.000000000000000000e+00
3.177535874119339264e-14
0.000000000000000000e+00
6.169209189628303161e-14
2.162315454960099603e-14
3.997204189222257048e-14
0.000000000000000000e+00
0.000000000000000000e+00
0.000000000000000000e+00
0.000000000000000000e+00
0.000000000000000000e+00
0.000000000000000000e+00
8.558463487931164404e-02
0.000000000000000000e+00
0.000000000000000000e+00
5.126520516680259758e-15
0.000000000000000000e+00
5.248772947545041584e-14
6.101019748919159833e-14
0.000000000000000000e+00
1.497891363432092369e-14
4.289929884504495379e-14
0.000000000000000000e+00
1.245785682422303969e-14
