5.825425038293265108e-13
0.000000000000000000e+00
6.655429355460964892e-13
0.000000000000000000e+00
3.062645107375008934e-13
2.578305351808009709e-13
1.055809162479388711e-13
8.767485172218059855e-14
2.938530458736415975e-14
6.108030977740547550e-14
7.305496513968551668e-13
3.565248195887907613e-13
0.000000000000000000e+00
0.000000000000000000e+00
4.013412077371374120e-02
0.000000000000000000e+00
9.158585922452015804e-02
0.000000000000000000e+00
0.000000000000000000e+00
0.000000000000000000e+00
1.674729767587621248e-13
5.920916937066903981e-14
1.851639142007497907e-01
4.448131184187476709e-13
3.868571350651482700e-13
0.000000000000000000e+00
0.000000000000000000e+00
3.299278461701784617e-13
4.516931742815081957e-13
3.230991778156485738e-13
1.177490763322560363e-01
1.028541894369076892e-01
0.000000000000000000e+00
2.018812265174267095e-01
1.706316602668690492e-13
0.000000000000000000e+00
1.023923139733150661e-01
6.639709880825238585e-14
3.138550193728969298e-13
1.897863724182762552e-13
0.000000000000000000e+00
0.000000000000000000e+00
0.000000000000000000e+00
9.480357855661204758e-02
2.886504861789078097e-14
6.343572098208356824e-02
0.000000000000000000e+00
1.186233254156645920e-14
0.000000000000000000e+00
