0.000000000000000000e+00
0.000000000000000000e+00
2.911046077459825072e-12
0.000000000000000000e+00
3.817863229827729275e-12
3.563424725803972217e-11
0.000000000000000000e+00
0.000000000000000000e+00
4.100621399078357411e-11
4.465340989297533950e-12
0.000000000000000000e+00
0.000000000000000000e+00
0.000000000000000000e+00
0.000000000000000000e+00
0.000000000000000000e+00
1.055370803661477169e-11
3.043009365119252881e-11
2.409159591063706256e-11
0.000000000000000000e+00
0.000000000000000000e+00
1.438825413100071164e-11
4.326416755338421960e-01
9.349489464757315379e-12
0.000000000000000000e+00
2.876626733858403518e-11
9.286067427422526015e-12
1.295021870941316490e-11
2.019164475405106074e-01
4.244755205795168721e-11
1.001669733238854242e-11
0.000000000000000000e+00
0.000000000000000000e+00
1.068189957751332782e-11
0.000000000000000000e+00
2.633303269956886166e-12
1.841571213180722318e-11
0.000000000000000000e+00
2.398762952871444825e-11
2.473628151796968995e-11
0.000000000000000000e+00
0.000000000000000000e+00
2.299092799010048551e-11
4.109441715431986923e-11
2.746038741025078929e-11
0.000000000000000000e+00
3.654418767314029926e-01
0.000000000000000000e+00
3.589786137651863642e-11
2.253902111797161765e-11
