8.700456809287719639e-02
2.735520783661337871e-02
8.947211247426243392e-13
0.000000000000000000e+00
4.884816297862234168e-13
5.696579760928007679e-13
1.370850094223552635e-12
5.156183694833354429e-12
6.336227760073647299e-12
0.000000000000000000e+00
7.020391073048182478e-13
1.692033666168252085e-12
0.000000000000000000e+00
0.000000000000000000e+00
7.049236591813855149e-12
1.842590977757494505e-12
0.000000000000000000e+00
8.212624649648303521e-02
8.729770518703541815e-02
0.000000000000000000e+00
7.279911953385415080e-02
2.431401495129776615e-12
9.629657735154493721e-13
3.013873512068307816e-12
4.048952781907121708e-12
0.000000000000000000e+00
2.234406006254158750e-01
7.217414013426713638e-13
3.158448556270536042e-13
1.261890775740645435e-11
0.000000000000000000e+00
0.000000000000000000e+00
0.000000000000000000e+00
0.000000000000000000e+00
1.726360854578562237e-12
0.000000000000000000e+00
0.000000000000000000e+00
3.986165932119931110e-12
1.982106759981886179e-01
0.000000000000000000e+00
2.545383953279215026e-12
3.938111331143240215e-12
1.579545294728431455e-12
1.608734874677388797e-12
3.417716263137706941e-12
0.000000000000000000e+00
0.000000000000000000e+00
1.398524580640660153e-01
8.191341813378724690e-02
