5.057412210879533813e-12
5.745651401706926981e-02
0.000000000000000000e+00
0.000000000000000000e+00
2.837527834307062530e-12
6.559072242205279957e-02
0.000000000000000000e+00
4.273784820668754630e-12
0.000000000000000000e+00
1.021006158248829354e-12
0.000000000000000000e+00
0.000000000000000000e+00
0.000000000000000000e+00
4.042018083935882894e-13
0.000000000000000000e+00
0.000000000000000000e+00
3.477394159781797234e-12
0.000000000000000000e+00
5.625795798516634656e-12
6.102139723885770944e-02
6.599219540198527066e-13
0.000000000000000000e+00
0.000000000000000000e+00
2.739095314919436433e-03
3.086426979088713884e-01
3.808954113756474191e-02
2.296637298099617825e-12
0.000000000000000000e+00
2.162072944318065254e-12
0.000000000000000000e+00
0.000000000000000000e+00
0.000000000000000000e+00
4.479679412043354919e-12
0.000000000000000000e+00
0.000000000000000000e+00
0.000000000000000000e+00
5.680344166437091724e-12
3.242828420730422577e-12
2.517369868090884404e-12
0.000000000000000000e+00
3.994089284320685995e-01
6.705110353086325692e-02
0.000000000000000000e+00
2.932448417373726664e-11
0.000000000000000000e+00
0.000000000000000000e+00
0.000000000000000000e+00
0.000000000000000000e+00
0.000000000000000000e+00
