8.103693417905030693e-14
5.665027261122768110e-02
0.000000000000000000e+00
6.714681339757284928e-02
0.000000000000000000e+00
1.778325373703904255e-01
4.223239367327729504e-02
0.000000000000000000e+00
0.000000000000000000e+00
2.929744492239901885e-13
2.017025780696535318e-13
0.000000000000000000e+00
0.000000000000000000e+00
0.000000000000000000e+00
0.000000000000000000e+00
0.000000000000000000e+00
0.000000000000000000e+00
7.081035189544930107e-14
0.000000000000000000e+00
0.000000000000000000e+00
1.941493151593303281e-13
0.000000000000000000e+00
1.577176451474440744e-01
0.000000000000000000e+00
0.000000000000000000e+00
2.127520903586895551e-01
2.311705160006898521e-13
2.116751952719768751e-13
1.936903238208024808e-13
0.000000000000000000e+00
0.000000000000000000e+00
0.000000000000000000e+00
1.282257003222829473e-12
0.000000000000000000e+00
2.291305893671738243e-13
0.000000000000000000e+00
2.368976291999479635e-14
3.121970394272423778e-14
1.173939606868355039e-13
0.000000000000000000e+00
0.000000000000000000e+00
9.542858100753235952e-14
6.864643784400615168e-14
0.000000000000000000e+00
9.835739254455455605e-02
1.879389250394904429e-13
4.860485339026240780e-14
1.101681613851626107e-01
7.714269351315597434e-02
