0.000000000000000000e+00
0.000000000000000000e+00
0.000000000000000000e+00
3.007617469448623351e-11
1.491742119386470724e-12
1.052572597463091880e-10
0.000000000000000000e+00
7.464787483312083822e-12
6.017059474844452553e-11
3.154501606706829735e-11
1.412537473139310964e-11
0.000000000000000000e+00
0.000000000000000000e+00
1.236454628210264519e-10
0.000000000000000000e+00
1.292313680490265182e-01
0.000000000000000000e+00
0.000000000000000000e+00
3.812632523460649514e-01
0.000000000000000000e+00
1.078768667618242261e-10
2.583800897942444359e-11
6.069383812423988223e-02
2.869573907442784157e-11
0.000000000000000000e+00
0.000000000000000000e+00
0.000000000000000000e+00
1.419786028566109148e-11
4.137745169356473126e-11
0.000000000000000000e+00
0.000000000000000000e+00
0.000000000000000000e+00
4.288115416740901908e-01
0.000000000000000000e+00
2.531030221922437634e-11
0.000000000000000000e+00
0.000000000000000000e+00
0.000000000000000000e+00
1.035520820271932204e-10
1.105487146351803760e-10
0.000000000000000000e+00
0.000000000000000000e+00
0.000000000000000000e+00
4.846594236470228914e-11
3.429070898603480749e-11
0.000000000000000000e+00
7.285469067487323459e-11
0.000000000000000000e+00
0.000000000000000000e+00
