2.384050410810628734e-14
0.000000000000000000e+00
0.000000000000000000e+00
0.000000000000000000e+00
0.000000000000000000e+00
3.014695698171484323e-14
0.000000000000000000e+00
5.366709389853684814e-02
0.000000000000000000e+00
0.000000000000000000e+00
4.481826786237608498e-14
0.000000000000000000e+00
4.224386480966505756e-14
4.108827949236642854e-14
1.207770307677564492e-01
5.343566545757479774e-02
0.000000000000000000e+00
3.076192233346543015e-01
4.968777606883641644e-14
9.756907605191555794e-15
4.822512162858582748e-14
9.121673733024268649e-02
0.000000000000000000e+00
6.593353291472181786e-14
1.996285676428822354e-14
2.326942964164042048e-14
0.000000000000000000e+00
8.539716713449186681e-15
0.000000000000000000e+00
0.000000000000000000e+00
5.824175513165455456e-14
8.375265682600094297e-02
0.000000000000000000e+00
3.398490680815079851e-02
4.054301974636384101e-14
0.000000000000000000e+00
0.000000000000000000e+00
0.000000000000000000e+00
1.462324509945318175e-15
0.000000000000000000e+00
3.921777652995750590e-14
2.386909780313468088e-15
2.387677983512349889e-01
0.000000000000000000e+00
0.000000000000000000e+00
3.881776453558843804e-15
4.074750557071649648e-14
1.677888722576988123e-02
0.000000000000000000e+00
