0.000000000000000000e+00
0.000000000000000000e+00
1.557023634368395017e-12
1.944358628072599565e-12
2.106112836195587693e-12
0.000000000000000000e+00
1.400154456696770017e-12
0.000000000000000000e+00
2.306523051497555462e-12
8.847026169304178827e-13
0.000000000000000000e+00
0.000000000000000000e+00
0.000000000000000000e+00
0.000000000000000000e+00
3.125314046109452515e-01
1.080113538090914510e-01
0.000000000000000000e+00
1.123100322989629323e-12
0.000000000000000000e+00
1.423885838339142344e-12
3.493355748185447696e-01
5.918283416231169155e-14
0.000000000000000000e+00
0.000000000000000000e+00
1.242663371215361051e-01
1.246025278815913808e-12
0.000000000000000000e+00
5.427686090487236193e-13
0.000000000000000000e+00
0.000000000000000000e+00
1.260570931749265581e-12
1.496277916177608267e-13
0.000000000000000000e+00
0.000000000000000000e+00
0.000000000000000000e+00
0.000000000000000000e+00
0.000000000000000000e+00
0.000000000000000000e+00
0.000000000000000000e+00
2.445734925685628054e-12
0.000000000000000000e+00
0.000000000000000000e+00
9.080809002894772863e-13
0.000000000000000000e+00
0.000000000000000000e+00
0.000000000000000000e+00
1.058553296743438565e-01
0.000000000000000000e+00
0.000000000000000000e+00
