0.000000000000000000e+00
0.000000000000000000e+00
4.602338436571158833e-12
1.235809443913860162e-12
0.000000000000000000e+00
9.141606446388715471e-12
0.000000000000000000e+00
6.740495988287073573e-12
0.000000000000000000e+00
2.990632185242094803e-12
0.000000000000000000e+00
0.000000000000000000e+00
2.469748636626080129e-01
8.398335900541124832e-02
0.000000000000000000e+00
5.352447010416387543e-12
8.031542258984156067e-12
0.000000000000000000e+00
4.389693089585761576e-12
1.190109289767015552e-12
4.014804280514789982e-12
2.322074154029178581e-13
0.000000000000000000e+00
1.030289407551180231e-01
6.101407601082449213e-12
5.888782496251122250e-12
4.576772268909615154e-12
0.000000000000000000e+00
0.000000000000000000e+00
0.000000000000000000e+00
7.227315036875037893e-12
5.656386059079225592e-02
0.000000000000000000e+00
0.000000000000000000e+00
0.000000000000000000e+00
0.000000000000000000e+00
0.000000000000000000e+00
8.860826796019588807e-13
5.993716429162011111e-02
0.000000000000000000e+00
3.767699710577596672e-01
0.000000000000000000e+00
0.000000000000000000e+00
2.154190277791634290e-13
5.095013399798188994e-12
1.296725755868985022e-12
0.000000000000000000e+00
3.988303683923813049e-12
7.274184066851303865e-02
