0.000000000000000000e+00
2.726038447625346698e-13
0.000000000000000000e+00
0.000000000000000000e+00
0.000000000000000000e+00
0.000000000000000000e+00
7.715338182362094937e-13
1.410185573815114403e-12
8.286379007273838673e-13
1.120194999631323374e-12
1.725834912141621102e-01
0.000000000000000000e+00
0.000000000000000000e+00
0.000000000000000000e+00
0.000000000000000000e+00
7.248353697831066016e-13
1.197002265718032822e-12
7.089844037042183721e-13
0.000000000000000000e+00
6.428444405782643499e-13
0.000000000000000000e+00
1.513069723076272312e-12
5.639492478653849071e-13
0.000000000000000000e+00
1.356486076532951432e-12
0.000000000000000000e+00
2.380994911381931454e-13
2.395572393768679043e-12
2.738270806940818661e-12
4.681159757694971363e-02
0.000000000000000000e+00
4.575643653339612205e-01
0.000000000000000000e+00
2.160855206824497665e-01
0.000000000000000000e+00
1.386347397258497552e-02
0.000000000000000000e+00
9.309155123352889916e-02
0.000000000000000000e+00
4.679474693555020580e-13
0.000000000000000000e+00
0.000000000000000000e+00
0.000000000000000000e+00
3.060219366905331899e-13
8.451647885002390171e-13
0.000000000000000000e+00
5.678908026052382305e-13
7.029733217054768274e-13
2.871220139728114818e-12
