0.000000000000000000e+00
2.369153408926335203e-13
3.159348870397546089e-13
0.000000000000000000e+00
0.000000000000000000e+00
0.000000000000000000e+00
4.498727585981498321e-13
0.000000000000000000e+00
1.056712421889799720e-12
0.000000000000000000e+00
0.000000000000000000e+00
0.000000000000000000e+00
5.069341876653704615e-01
0.000000000000000000e+00
3.534964416293050267e-13
2.998650659426198792e-13
0.000000000000000000e+00
1.010138246153712514e-12
7.665951226532619430e-14
0.000000000000000000e+00
0.000000000000000000e+00
0.000000000000000000e+00
0.000000000000000000e+00
5.262432859173565727e-13
1.362108249412685143e-13
4.768249287792876459e-14
1.468644063134844080e-01
0.000000000000000000e+00
2.113351318577467240e-13
0.000000000000000000e+00
0.000000000000000000e+00
0.000000000000000000e+00
1.856527252921806290e-13
1.107783226078325849e-12
6.177368222213467771e-13
0.000000000000000000e+00
0.000000000000000000e+00
4.861546969617427803e-13
0.000000000000000000e+00
8.912788783844534724e-13
1.191365053288458920e-12
2.391885085807735345e-01
1.199120411535449729e-12
0.000000000000000000e+00
8.446919186830676442e-14
0.000000000000000000e+00
1.070128974445077874e-01
6.438689543851392473e-13
0.000000000000000000e+00
