5.558539380884406069e-14
1.100119541826770039e-13
4.868435448287963992e-03
2.145127328370158523e-14
5.068918527951729726e-14
2.920505276166667715e-14
8.541100026775489912e-14
4.704649907259571815e-16
0.000000000000000000e+00
2.370869533571320076e-01
1.907172285909251659e-13
0.000000000000000000e+00
1.467583887811981099e-13
0.000000000000000000e+00
1.840217219066451533e-14
0.000000000000000000e+00
7.878659794654156430e-14
0.000000000000000000e+00
1.488232939010227114e-13
8.658279038112471494e-14
0.000000000000000000e+00
6.201320380767690738e-02
9.767107599237119520e-02
0.000000000000000000e+00
1.379621679863663741e-01
4.573654771284060063e-15
1.300475144446803036e-14
1.070226519721780088e-13
0.000000000000000000e+00
1.116869875885235196e-02
2.811900722668549402e-01
4.844158709238590316e-14
0.000000000000000000e+00
0.000000000000000000e+00
1.687921176525042409e-03
4.249044767345517965e-14
1.717001880441635454e-13
4.567474056071559253e-14
0.000000000000000000e+00
9.445982929372480532e-14
1.499971527562914257e-14
2.513487978272354340e-14
6.041417297828195676e-15
0.000000000000000000e+00
1.663514712047589605e-01
3.980676982762192417e-14
1.627220912667403230e-13
8.487928285301456101e-14
1.019488884599679898e-13
