7.500729174124610987e-02
3.663629839564396147e-13
0.000000000000000000e+00
0.000000000000000000e+00
1.527898256199374805e-01
3.013039434975885514e-02
0.000000000000000000e+00
3.624652364887727581e-13
1.338935819347449128e-12
0.000000000000000000e+00
0.000000000000000000e+00
0.000000000000000000e+00
6.337648407544430474e-13
0.000000000000000000e+00
0.000000000000000000e+00
5.480456484904461245e-02
0.000000000000000000e+00
5.823129454215862644e-13
0.000000000000000000e+00
3.017992860363912649e-02
0.000000000000000000e+00
9.983313144803832723e-03
2.512598506897679163e-01
9.492051962210518341e-13
0.000000000000000000e+00
0.000000000000000000e+00
0.000000000000000000e+00
1.764544736197357772e-02
0.000000000000000000e+00
0.000000000000000000e+00
0.000000000000000000e+00
2.624961430877192740e-13
1.012009718688548473e-03
0.000000000000000000e+00
0.000000000000000000e+00
0.000000000000000000e+00
1.833755561202817137e-13
0.000000000000000000e+00
7.276577522022137541e-14
1.304208077950228363e-12
3.099349868797616758e-01
6.725238707019470796e-02
0.000000000000000000e+00
0.000000000000000000e+00
6.092801751912278654e-13
0.000000000000000000e+00
5.845021520487088916e-13
0.000000000000000000e+00
0.000000000000000000e+00
