1.202763146950191763e-11
1.328207544359278750e-12
0.000000000000000000e+00
9.194354012420091636e-12
6.748778778059593609e-12
0.000000000000000000e+00
2.917997552325428143e-12
2.338140809914085183e-01
0.000000000000000000e+00
0.000000000000000000e+00
0.000000000000000000e+00
1.078768354165475091e-01
0.000000000000000000e+00
4.969991074242701331e-12
4.916092320486230127e-12
9.909374790600445147e-12
1.407568498132910067e-11
0.000000000000000000e+00
5.666524983656777426e-02
0.000000000000000000e+00
0.000000000000000000e+00
2.817741822883206756e-12
9.034304924806239002e-13
0.000000000000000000e+00
8.662743186236554037e-13
1.078243174351351807e-01
0.000000000000000000e+00
1.586990136366125176e-11
0.000000000000000000e+00
1.713131840542533066e-11
0.000000000000000000e+00
0.000000000000000000e+00
0.000000000000000000e+00
1.012542267157607589e-01
4.373862698151659719e-12
0.000000000000000000e+00
0.000000000000000000e+00
1.726224851777444026e-11
2.209572491647528447e-01
0.000000000000000000e+00
0.000000000000000000e+00
0.000000000000000000e+00
0.000000000000000000e+00
0.000000000000000000e+00
0.000000000000000000e+00
1.979390905434792936e-11
3.103383501255623871e-12
1.716080404852875219e-01
0.000000000000000000e+00
