0.000000000000000000e+00
3.308218574952596855e-13
0.000000000000000000e+00
0.000000000000000000e+00
5.863301335548958242e-13
4.611129387303410376e-01
0.000000000000000000e+00
1.600038062359595389e-13
1.709626301918471898e-13
0.000000000000000000e+00
4.637043046662284166e-13
0.000000000000000000e+00
6.034737874614694764e-13
0.000000000000000000e+00
1.730051962662898647e-12
3.659486789913634625e-13
0.000000000000000000e+00
0.000000000000000000e+00
0.000000000000000000e+00
0.000000000000000000e+00
1.815564619937580226e-01
0.000000000000000000e+00
0.000000000000000000e+00
0.000000000000000000e+00
2.015628599814158169e-13
4.219426233103895092e-13
9.777220121220539369e-13
0.000000000000000000e+00
1.148282700831081825e-12
0.000000000000000000e+00
7.608830697065542448e-13
7.080615713422164336e-13
0.000000000000000000e+00
0.000000000000000000e+00
0.000000000000000000e+00
1.358625350088767606e-13
0.000000000000000000e+00
7.934564828802485084e-13
6.801437028211229891e-14
8.129028112318096469e-13
0.000000000000000000e+00
0.000000000000000000e+00
0.000000000000000000e+00
5.093924504440779643e-13
0.000000000000000000e+00
3.573305992769372774e-01
1.161991539571123594e-13
4.319670537970756057e-13
0.000000000000000000e+00
