5.828271110708172505e-12
1.896170772047352985e-12
0.000000000000000000e+00
0.000000000000000000e+00
0.000000000000000000e+00
6.540816440467740744e-02
0.000000000000000000e+00
0.000000000000000000e+00
0.000000000000000000e+00
2.509288072004402776e-12
2.669132384837068947e-13
2.555746917674090790e-12
8.271373807039439363e-02
0.000000000000000000e+00
6.256345905474821859e-12
1.716933495986618155e-14
0.000000000000000000e+00
0.000000000000000000e+00
5.850831372242962193e-12
7.334976766606116949e-12
4.453410955945672711e-12
0.000000000000000000e+00
3.025483954011918874e-12
0.000000000000000000e+00
4.059059793054855397e-02
0.000000000000000000e+00
9.331082052248540479e-13
9.549714744744570404e-14
3.287875880527987614e-13
0.000000000000000000e+00
0.000000000000000000e+00
0.000000000000000000e+00
5.953229786874456726e-12
0.000000000000000000e+00
8.100024334061604904e-14
2.564651519780442035e-01
0.000000000000000000e+00
0.000000000000000000e+00
0.000000000000000000e+00
0.000000000000000000e+00
1.658828954997397798e-01
0.000000000000000000e+00
1.156896953900757692e-12
2.145784147779090656e-01
0.000000000000000000e+00
2.567332247171881414e-12
0.000000000000000000e+00
2.312697833709352345e-12
1.743610374047604161e-01
