1.364956139771162369e-01
7.947256134427371776e-15
0.000000000000000000e+00
1.112598105009257599e-14
0.000000000000000000e+00
7.720197094454595010e-15
0.000000000000000000e+00
1.022273222019490224e-14
0.000000000000000000e+00
2.385617473964901647e-15
0.000000000000000000e+00
4.048451569642341763e-15
8.776001175952012623e-02
0.000000000000000000e+00
3.704393562731223000e-15
9.265842487813508166e-15
9.200932658999516622e-15
0.000000000000000000e+00
9.315937298116480636e-02
0.000000000000000000e+00
3.196377582717733623e-15
4.490609544372664574e-15
2.193002859385631553e-14
7.266912494929139710e-15
1.034643968807549830e-14
0.000000000000000000e+00
0.000000000000000000e+00
1.945009230714875303e-14
9.781971057570966466e-02
6.256972090958640154e-02
0.000000000000000000e+00
9.360405246044978256e-15
1.546411111143231043e-15
1.174680876658493189e-14
0.000000000000000000e+00
5.139294480434319912e-15
0.000000000000000000e+00
0.000000000000000000e+00
4.055505660027075576e-15
1.497987831104681811e-01
0.000000000000000000e+00
9.610813058617588556e-02
1.650381356100086294e-14
0.000000000000000000e+00
2.723006758717365014e-02
0.000000000000000000e+00
2.268788591242368313e-14
2.490585885130859878e-01
1.041406679858428164e-14
