0.000000000000000000e+00
2.224755844734820631e-01
0.000000000000000000e+00
0.000000000000000000e+00
3.578557373990921137e-03
0.000000000000000000e+00
1.514576415775501228e-01
2.451511379850859397e-14
2.481875089759352880e-14
0.000000000000000000e+00
6.128225197534595441e-14
0.000000000000000000e+00
1.061076528413992577e-14
1.805243417543212492e-01
0.000000000000000000e+00
0.000000000000000000e+00
1.327581413975753924e-02
0.000000000000000000e+00
0.000000000000000000e+00
3.022248363551296446e-01
2.070054823856032748e-14
1.701047409889445379e-14
9.556382712683321803e-15
3.425309729484132815e-02
4.861551541591639658e-02
0.000000000000000000e+00
3.722964668142057093e-02
0.000000000000000000e+00
5.561049920323001389e-15
3.687669989415491371e-15
0.000000000000000000e+00
6.364964933935810497e-03
0.000000000000000000e+00
5.782887978192207646e-15
0.000000000000000000e+00
0.000000000000000000e+00
0.000000000000000000e+00
0.000000000000000000e+00
1.229729025332666021e-14
4.547475874173409852e-14
8.711812932890690975e-15
1.284936316862304292e-14
0.000000000000000000e+00
0.000000000000000000e+00
1.598289930864299079e-14
1.931021697214850270e-14
0.000000000000000000e+00
1.793345495038725206e-14
0.000000000000000000e+00
