3.413979806722459927e-12
2.691957392189153888e-12
6.454377702806318971e-12
0.000000000000000000e+00
6.716171745084924958e-12
6.766466209920994415e-12
0.000000000000000000e+00
5.471616648357765522e-12
0.000000000000000000e+00
4.572811382921446177e-02
2.533446873223171300e-12
5.522108271281549706e-13
1.130868173790203352e-01
4.401512826391164217e-12
0.000000000000000000e+00
0.000000000000000000e+00
0.000000000000000000e+00
1.544960087273463748e-12
7.157509277135460706e-12
0.000000000000000000e+00
0.000000000000000000e+00
3.194592957021178619e-12
7.911596466058109641e-12
2.151581249489574956e-12
0.000000000000000000e+00
2.286967335480943608e-01
4.421186657086275514e-12
0.000000000000000000e+00
4.461689443848155731e-03
6.588098721325115469e-12
1.606236590280603252e-12
3.619852793084557801e-12
1.879748658751480378e-12
5.810436765407405131e-12
3.217341554373798762e-01
3.491629900519998206e-12
2.012785795293657587e-02
6.206060503127882309e-13
2.623813966120416636e-12
0.000000000000000000e+00
9.095121455865860187e-12
0.000000000000000000e+00
9.606600061894422782e-02
1.058876383209734819e-12
0.000000000000000000e+00
0.000000000000000000e+00
0.000000000000000000e+00
1.700986317703792050e-01
0.000000000000000000e+00
