1.261634867764518435e-12
1.813971885276009483e-12
0.000000000000000000e+00
0.000000000000000000e+00
6.622159037452905814e-13
1.080446472283796444e-12
0.000000000000000000e+00
7.744289471414013415e-02
6.760742550385790480e-13
2.268526103331195266e-12
0.000000000000000000e+00
0.000000000000000000e+00
0.000000000000000000e+00
1.821885220083242978e-12
0.000000000000000000e+00
3.846473859432733182e-12
2.559081745222427165e-12
0.000000000000000000e+00
3.764447215590596696e-01
0.000000000000000000e+00
0.000000000000000000e+00
1.679708502585845013e-12
7.459158196205092720e-13
1.748979568809142847e-12
7.114648475807838768e-03
0.000000000000000000e+00
6.558336979202056684e-13
1.644847772394208942e-12
0.000000000000000000e+00
0.000000000000000000e+00
2.451639307336343857e-12
3.155305525954387735e-01
5.941817536969534144e-14
5.632574777404646383e-13
0.000000000000000000e+00
0.000000000000000000e+00
0.000000000000000000e+00
0.000000000000000000e+00
5.775482039569222300e-13
2.271314478484504087e-12
8.669292458481068593e-13
0.000000000000000000e+00
2.234671826653788773e-01
0.000000000000000000e+00
4.117112093457714246e-12
0.000000000000000000e+00
3.144795354123860028e-14
0.000000000000000000e+00
0.000000000000000000e+00
