2.207906455208295471e-12
0.000000000000000000e+00
4.328611526986880705e-12
1.351606819076184735e-12
2.026429211450800788e-12
0.000000000000000000e+00
0.000000000000000000e+00
0.000000000000000000e+00
0.000000000000000000e+00
2.780928694011618463e-01
0.000000000000000000e+00
0.000000000000000000e+00
3.291163669297219740e-12
2.266825269464527580e-12
3.610580081704977606e-12
0.000000000000000000e+00
0.000000000000000000e+00
1.219256465284993302e-12
0.000000000000000000e+00
4.620574037156758697e-12
2.678542379797025726e-12
0.000000000000000000e+00
0.000000000000000000e+00
9.544763151798678347e-02
0.000000000000000000e+00
1.920399377680047370e-01
1.632038727295832573e-13
0.000000000000000000e+00
1.429896311773276280e-12
1.012954223454083502e-12
2.115297987868417413e-12
3.992637669202208399e-12
2.714051138961987575e-01
0.000000000000000000e+00
6.326689997307756090e-12
0.000000000000000000e+00
4.833240543335940591e-12
5.004846870820247720e-13
0.000000000000000000e+00
2.103421603974774552e-12
0.000000000000000000e+00
0.000000000000000000e+00
1.630144474288282852e-01
0.000000000000000000e+00
7.369086383244566906e-12
1.756865637040473575e-12
0.000000000000000000e+00
6.115324534205370349e-12
0.000000000000000000e+00
