4.026087104695173694e-14
0.000000000000000000e+00
0.000000000000000000e+00
0.000000000000000000e+00
7.156787888933391351e-02
1.098710219535241617e-01
2.409958206323767039e-14
1.744293922601434788e-01
4.574824862785287910e-02
0.000000000000000000e+00
2.119927128452696903e-13
4.767198708238105967e-13
1.227164591586382304e-13
3.897820272576592645e-14
4.306513162651301958e-13
0.000000000000000000e+00
9.544044139029887666e-14
0.000000000000000000e+00
0.000000000000000000e+00
0.000000000000000000e+00
6.408672702327035398e-02
0.000000000000000000e+00
4.601602652214871023e-14
0.000000000000000000e+00
1.547236413934085338e-13
0.000000000000000000e+00
0.000000000000000000e+00
1.129773611247914152e-02
1.570331519482431781e-13
1.734080858166239123e-13
3.742129065129802812e-01
2.635313327356375342e-13
1.313838394231375562e-13
0.000000000000000000e+00
0.000000000000000000e+00
1.427310694873500097e-01
3.191171780293991400e-14
1.883097149051445773e-14
1.782957628363453847e-13
6.055019135463228334e-03
3.395409753531755694e-13
0.000000000000000000e+00
0.000000000000000000e+00
1.168074254258682757e-13
0.000000000000000000e+00
0.000000000000000000e+00
0.000000000000000000e+00
3.604503013285497214e-13
1.053074869992030732e-13
