0.000000000000000000e+00
4.187967783090880263e-13
1.636083643821542757e-13
0.000000000000000000e+00
2.109350396626466506e-01
8.229629435343802495e-13
1.011578659403472048e-12
1.547181959641423543e-12
4.645600106396752440e-14
0.000000000000000000e+00
9.163924290846496538e-14
1.682401673961819606e-12
0.000000000000000000e+00
1.924930885339679764e-13
7.941227795320333904e-02
0.000000000000000000e+00
4.869014254550134424e-02
1.660483396784211696e-01
9.979697025381607614e-13
0.000000000000000000e+00
0.000000000000000000e+00
1.033891303058719725e-12
3.388061103988868512e-13
2.879867744505260618e-01
7.940965341242588954e-13
3.011939098369395654e-13
1.454598995777556912e-12
1.524728702363876167e-13
1.694323216546811339e-12
1.071420660638956987e-12
4.513405629708128829e-13
2.854038203044908375e-13
0.000000000000000000e+00
5.448715751306716518e-04
5.963416660514497879e-13
2.596508504591555494e-02
0.000000000000000000e+00
0.000000000000000000e+00
1.804174690770345146e-01
1.017202608728659870e-12
8.146304763848890711e-13
0.000000000000000000e+00
0.000000000000000000e+00
0.000000000000000000e+00
1.225095559917317928e-12
2.710036811612764590e-13
4.800006841021108397e-13
0.000000000000000000e+00
0.000000000000000000e+00
