6.767836654055466870e-13
0.000000000000000000e+00
9.592946379711936311e-02
0.000000000000000000e+00
0.000000000000000000e+00
2.838365447126613428e-01
0.000000000000000000e+00
3.261390835899535346e-13
3.215701655039206873e-13
8.730179431639043419e-14
2.491739077225782595e-13
0.000000000000000000e+00
0.000000000000000000e+00
0.000000000000000000e+00
7.430270523387089154e-02
7.870449524824908727e-02
0.000000000000000000e+00
2.912549985437867548e-13
0.000000000000000000e+00
4.769932244741558608e-02
0.000000000000000000e+00
4.715468254357242842e-14
1.268932530325998385e-13
2.085753237867788712e-01
4.459686608013849890e-02
8.875447297505414485e-14
1.199717179671393857e-13
7.756510228716512510e-14
0.000000000000000000e+00
3.301995524126336025e-14
1.663552786922997961e-01
1.550302497738912496e-13
0.000000000000000000e+00
3.594711715339474376e-14
1.780651492550821004e-13
0.000000000000000000e+00
8.274655728540566837e-14
2.504949001929755493e-13
0.000000000000000000e+00
0.000000000000000000e+00
0.000000000000000000e+00
0.000000000000000000e+00
3.247063455239443937e-14
2.756452628279632121e-13
0.000000000000000000e+00
0.000000000000000000e+00
2.266717866845578946e-13
0.000000000000000000e+00
1.539092733833491868e-13
