0.000000000000000000e+00
0.000000000000000000e+00
0.000000000000000000e+00
3.165081556696684568e-13
2.493777686737021488e-13
2.467300462953128937e-01
0.000000000000000000e+00
0.000000000000000000e+00
0.000000000000000000e+00
2.434252350079964267e-02
0.000000000000000000e+00
0.000000000000000000e+00
5.477155139015952314e-14
0.000000000000000000e+00
4.926757560142300957e-02
2.072786600685798397e-02
4.440393272966413317e-13
2.324186359481220723e-14
1.016039566910310540e-02
2.507728459219192855e-13
0.000000000000000000e+00
1.892166971992463032e-01
3.883522557037440862e-13
0.000000000000000000e+00
0.000000000000000000e+00
1.576648707635625786e-13
8.665681832400737413e-14
0.000000000000000000e+00
0.000000000000000000e+00
0.000000000000000000e+00
1.289850646487911423e-01
0.000000000000000000e+00
0.000000000000000000e+00
0.000000000000000000e+00
0.000000000000000000e+00
0.000000000000000000e+00
4.110475087541369626e-15
7.597431097804945022e-02
0.000000000000000000e+00
5.610579241996519149e-13
7.338769248155431068e-14
0.000000000000000000e+00
3.056581922217475176e-13
3.389405925172078726e-02
0.000000000000000000e+00
0.000000000000000000e+00
2.254657817024943621e-13
1.780454809284247777e-13
2.207014608518682586e-01
