1.211671344677482961e-11
9.021129151631407636e-12
0.000000000000000000e+00
0.000000000000000000e+00
2.610850639314152377e-12
0.000000000000000000e+00
1.000263384087563033e-11
0.000000000000000000e+00
7.200405941952951749e-02
6.571110467933769358e-12
0.000000000000000000e+00
0.000000000000000000e+00
0.000000000000000000e+00
0.000000000000000000e+00
0.000000000000000000e+00
4.606634006061011264e-12
1.713261168014585767e-11
0.000000000000000000e+00
1.484485357905158953e-01
0.000000000000000000e+00
8.814669416902871923e-02
0.000000000000000000e+00
0.000000000000000000e+00
5.035848516189594031e-12
0.000000000000000000e+00
0.000000000000000000e+00
0.000000000000000000e+00
0.000000000000000000e+00
0.000000000000000000e+00
1.693132185374502546e-10
3.406008898803474794e-01
0.000000000000000000e+00
2.253088401487527146e-11
0.000000000000000000e+00
0.000000000000000000e+00
7.442210636069841088e-12
3.507998206171536459e-01
2.403445358489909949e-12
5.416529578633342273e-12
1.872617964941477081e-12
6.168218706763599598e-12
1.510400734241887965e-11
8.682460438009681383e-13
1.182567357751049445e-12
0.000000000000000000e+00
1.075855650922818257e-11
8.416915178867630464e-12
0.000000000000000000e+00
4.094350397003485367e-12
