9.197318613273885058e-13
0.000000000000000000e+00
1.649750552893226587e-13
0.000000000000000000e+00
0.000000000000000000e+00
1.561452949450809490e-12
0.000000000000000000e+00
0.000000000000000000e+00
0.000000000000000000e+00
0.000000000000000000e+00
2.983281106706451247e-12
0.000000000000000000e+00
1.116569175101552864e-12
3.923695766676235652e-02
0.000000000000000000e+00
0.000000000000000000e+00
0.000000000000000000e+00
2.390005053410618946e-12
0.000000000000000000e+00
0.000000000000000000e+00
8.917466070232462270e-13
5.412759092099188758e-12
0.000000000000000000e+00
1.917958340351715585e-01
1.217822020123851586e-12
0.000000000000000000e+00
0.000000000000000000e+00
1.618895203448812159e-01
4.892971187787581154e-12
0.000000000000000000e+00
3.274411335455115202e-01
0.000000000000000000e+00
0.000000000000000000e+00
1.529769501041924422e-12
9.367515507931762476e-13
2.474704537267080138e-12
1.902218890563274756e-01
0.000000000000000000e+00
3.654282348624606344e-13
1.914355581751217135e-13
8.015733400516823455e-13
0.000000000000000000e+00
0.000000000000000000e+00
0.000000000000000000e+00
0.000000000000000000e+00
8.941466536717328217e-02
0.000000000000000000e+00
9.726563417079400469e-14
0.000000000000000000e+00
