0.000000000000000000e+00
3.385903876594576598e-10
0.000000000000000000e+00
4.056721060173023638e-11
0.000000000000000000e+00
9.265009066199295268e-12
0.000000000000000000e+00
0.000000000000000000e+00
0.000000000000000000e+00
2.664213667905304072e-11
4.025009309625750732e-11
0.000000000000000000e+00
1.371817885398958838e-11
0.000000000000000000e+00
0.000000000000000000e+00
1.165623921201761150e-11
3.130803885055405411e-01
1.678533602261349929e-11
0.000000000000000000e+00
0.000000000000000000e+00
2.552010180228531919e-11
0.000000000000000000e+00
0.000000000000000000e+00
0.000000000000000000e+00
9.381699134008703084e-12
0.000000000000000000e+00
0.000000000000000000e+00
0.000000000000000000e+00
1.438736706917944086e-01
4.840225722791922924e-02
7.853112254073272337e-12
0.000000000000000000e+00
0.000000000000000000e+00
0.000000000000000000e+00
0.000000000000000000e+00
0.000000000000000000e+00
1.304391617981093543e-01
0.000000000000000000e+00
2.846236164838837352e-11
0.000000000000000000e+00
0.000000000000000000e+00
9.752814059653100244e-12
8.001481413730257564e-02
5.659904790083505664e-12
2.841897075267853512e-01
0.000000000000000000e+00
1.082107868395757219e-11
0.000000000000000000e+00
1.482273991387679675e-11
