0.000000000000000000e+00
6.746137973833419642e-11
7.221582535085172561e-01
4.427867179143855486e-11
1.458179104848219911e-11
3.568776584182832427e-11
2.158146968802933294e-11
4.610447652073685276e-11
3.379516791132062067e-11
0.000000000000000000e+00
0.000000000000000000e+00
0.000000000000000000e+00
2.115873091107573713e-11
0.000000000000000000e+00
2.416451369340100037e-11
1.020004896953131606e-11
3.453026701250823903e-11
1.913725494753530379e-11
0.000000000000000000e+00
0.000000000000000000e+00
0.000000000000000000e+00
5.863031417605404222e-02
3.210326986458195898e-12
4.291436865809545859e-11
1.901298555081041769e-11
0.000000000000000000e+00
1.804595174996459528e-11
0.000000000000000000e+00
7.652610007330442321e-12
0.000000000000000000e+00
3.186958034353076967e-11
4.489823927074571997e-12
9.235969229092379782e-12
0.000000000000000000e+00
0.000000000000000000e+00
3.332126589278879926e-11
0.000000000000000000e+00
1.038128758245669869e-11
0.000000000000000000e+00
0.000000000000000000e+00
0.000000000000000000e+00
0.000000000000000000e+00
3.756185166201517168e-11
6.484648547195957699e-11
5.018737411900984114e-12
3.133997195887025526e-11
3.641566852541086484e-11
0.000000000000000000e+00
2.192114319997270633e-01
