0.000000000000000000e+00
0.000000000000000000e+00
0.000000000000000000e+00
1.739944039176842261e-01
0.000000000000000000e+00
1.202544205577119720e-11
0.000000000000000000e+00
9.517496397110920825e-02
6.115365378106790012e-02
1.464014477001105430e-01
4.217293231933415959e-02
1.924992727963635681e-12
6.024587883457703519e-02
0.000000000000000000e+00
0.000000000000000000e+00
0.000000000000000000e+00
8.217699924091441021e-13
4.011240265542600142e-13
1.318403864999327154e-12
5.535207620771558975e-13
0.000000000000000000e+00
0.000000000000000000e+00
1.337270117987189241e-02
0.000000000000000000e+00
1.109808183371701463e-13
0.000000000000000000e+00
2.042354594901220344e-01
0.000000000000000000e+00
0.000000000000000000e+00
0.000000000000000000e+00
0.000000000000000000e+00
0.000000000000000000e+00
0.000000000000000000e+00
0.000000000000000000e+00
0.000000000000000000e+00
1.135587162285075403e-12
3.086132244353938561e-12
2.213583477304218661e-13
0.000000000000000000e+00
0.000000000000000000e+00
0.000000000000000000e+00
0.000000000000000000e+00
0.000000000000000000e+00
0.000000000000000000e+00
0.000000000000000000e+00
0.000000000000000000e+00
1.329774511538212856e-01
7.027110768718615452e-02
4.314144953777092533e-12
