4.835966411655024090e-14
2.570178587286420235e-01
0.000000000000000000e+00
0.000000000000000000e+00
6.063003356180818573e-14
8.044612427869558789e-15
0.000000000000000000e+00
0.000000000000000000e+00
0.000000000000000000e+00
0.000000000000000000e+00
1.483058520873846501e-14
1.424021504604664743e-14
4.540304187651907075e-02
2.874838190602534011e-14
0.000000000000000000e+00
1.933021150936767851e-01
0.000000000000000000e+00
0.000000000000000000e+00
1.477385564950554342e-01
7.505767258113441694e-15
6.223065797427879116e-15
0.000000000000000000e+00
1.301805417291521914e-14
0.000000000000000000e+00
0.000000000000000000e+00
1.321207542750797099e-14
3.041663681363796395e-14
3.813789456819963730e-15
0.000000000000000000e+00
0.000000000000000000e+00
1.420015444581616042e-14
3.320221716009149102e-13
0.000000000000000000e+00
0.000000000000000000e+00
1.379089374471298682e-14
0.000000000000000000e+00
1.144958464140014934e-13
6.216110618426160011e-15
0.000000000000000000e+00
0.000000000000000000e+00
3.565384278062145307e-01
1.524305791500904588e-14
1.380504284888172445e-14
0.000000000000000000e+00
0.000000000000000000e+00
0.000000000000000000e+00
0.000000000000000000e+00
0.000000000000000000e+00
8.744797500193510815e-15
