1.480951191418828024e-14
8.613532074602335636e-14
8.082149276351376876e-14
6.870440612756560129e-03
3.041920178440988880e-13
2.521094020538771220e-13
3.982026402527565259e-13
2.177797952717300932e-13
7.108673315318767919e-14
2.071201814654625091e-13
8.603230422267552171e-15
3.411640333312495055e-01
2.629238100727186625e-14
7.530873203291411463e-13
5.260521946754207370e-14
2.710581617297434782e-14
1.439495805185522331e-13
3.015151607540448885e-14
3.748186540239462979e-13
1.106610036414616594e-13
2.341860620178073037e-13
7.746638860687068973e-02
5.177064315942121299e-13
2.294043538464255921e-13
6.170167543701866709e-14
2.628237619799850480e-13
3.149171706122126354e-13
2.816362406836538155e-14
4.405395207721234675e-13
9.644534466937782439e-14
2.964846960830827376e-03
4.784329399295045752e-13
8.825569450770752103e-14
3.337445524514389569e-13
1.642986591754314693e-13
3.529240551295896311e-01
1.065514961403617004e-02
1.803090125434539948e-01
3.533245512498559249e-13
1.480980761092784784e-13
1.162525456259080657e-13
9.991245090950072041e-13
4.319154050666205069e-13
1.620765089477587968e-13
2.481267502741528338e-13
2.764607320554645503e-02
4.816675669410781957e-13
1.696887565643934036e-13
2.733053726392366590e-13
