0.000000000000000000e+00
1.100623213433403292e-12
0.000000000000000000e+00
8.973023323340408031e-02
0.000000000000000000e+00
6.959262005759690728e-02
0.000000000000000000e+00
0.000000000000000000e+00
8.534816162860421954e-03
1.871863939519497159e-12
0.000000000000000000e+00
3.915482293646800616e-02
1.657793742407582815e-01
0.000000000000000000e+00
0.000000000000000000e+00
0.000000000000000000e+00
0.000000000000000000e+00
2.577683801264305329e-13
3.033773882669068655e-13
0.000000000000000000e+00
0.000000000000000000e+00
0.000000000000000000e+00
0.000000000000000000e+00
2.242878782704589973e-12
0.000000000000000000e+00
1.410138615708593224e-01
0.000000000000000000e+00
0.000000000000000000e+00
2.120784308576669270e-12
0.000000000000000000e+00
0.000000000000000000e+00
1.387309066158803356e-12
1.941962521774509565e-02
9.718994720019204513e-13
8.858447928524403048e-02
0.000000000000000000e+00
0.000000000000000000e+00
0.000000000000000000e+00
0.000000000000000000e+00
0.000000000000000000e+00
1.972735620470026860e-02
0.000000000000000000e+00
3.405497935188336746e-12
0.000000000000000000e+00
0.000000000000000000e+00
2.235699803913900052e-01
0.000000000000000000e+00
1.348928307527275661e-01
6.063270771336530477e-13
