1.446550301020880929e-12
0.000000000000000000e+00
8.625998638244850918e-13
0.000000000000000000e+00
3.186538640892833443e-12
0.000000000000000000e+00
0.000000000000000000e+00
0.000000000000000000e+00
1.343255147924712900e-02
1.411865694539577276e-12
2.190939363174832349e-12
1.367067232943379104e-02
0.000000000000000000e+00
3.006545250081497114e-12
0.000000000000000000e+00
1.911414079880024985e-01
8.543898182024054792e-13
1.056646744303129258e-13
0.000000000000000000e+00
8.867635477679915168e-02
2.428561778351406786e-12
0.000000000000000000e+00
3.600909302020388900e-12
0.000000000000000000e+00
1.007758407741290149e-12
0.000000000000000000e+00
0.000000000000000000e+00
4.104201897021205996e-12
0.000000000000000000e+00
3.508489604148427587e-01
1.339316666486111159e-12
0.000000000000000000e+00
0.000000000000000000e+00
0.000000000000000000e+00
1.598201150256444159e-01
4.116578940245198395e-12
0.000000000000000000e+00
0.000000000000000000e+00
0.000000000000000000e+00
3.159387569020301198e-13
0.000000000000000000e+00
3.761942551739162062e-12
1.824099380150671079e-01
0.000000000000000000e+00
3.730468829979349492e-13
2.846780270114315540e-13
0.000000000000000000e+00
0.000000000000000000e+00
4.393994301569248459e-13
