1.497487425679000618e-14
1.223212971150924133e-12
4.641882589069943332e-01
0.000000000000000000e+00
2.600378010878236008e-13
0.000000000000000000e+00
0.000000000000000000e+00
0.000000000000000000e+00
0.000000000000000000e+00
2.713034427085797440e-13
0.000000000000000000e+00
6.844160269307285618e-13
2.358053942803696381e-13
1.918761093201126477e-01
1.878437214212408390e-02
2.982486893729082762e-13
0.000000000000000000e+00
4.387881516813976050e-13
2.629585013522065107e-13
0.000000000000000000e+00
7.966120640707050676e-13
9.620776607891337560e-13
0.000000000000000000e+00
2.418384214540598154e-01
6.884217407862524627e-13
4.679450343551898740e-13
6.897685843692441567e-13
6.370588390843814897e-02
0.000000000000000000e+00
0.000000000000000000e+00
5.438263161838958190e-13
0.000000000000000000e+00
0.000000000000000000e+00
1.960695427028355878e-02
0.000000000000000000e+00
3.281695966998739632e-15
0.000000000000000000e+00
0.000000000000000000e+00
0.000000000000000000e+00
5.847922895609709661e-13
1.756785932233985515e-13
0.000000000000000000e+00
0.000000000000000000e+00
1.429155424218464546e-13
8.447449837676623684e-13
0.000000000000000000e+00
0.000000000000000000e+00
0.000000000000000000e+00
0.000000000000000000e+00
