2.178381089182507656e-12
3.099802922670859174e-12
0.000000000000000000e+00
2.177460409161804928e-12
1.009181663154117321e-11
0.000000000000000000e+00
0.000000000000000000e+00
4.348244254914051503e-12
1.870997940143285561e-12
1.654628079718931996e-12
2.664065564043361367e-01
2.719606034814129299e-12
0.000000000000000000e+00
3.181858683862682459e-12
1.825400525340880320e-01
0.000000000000000000e+00
1.503916332951659163e-01
0.000000000000000000e+00
3.505053413662659548e-12
0.000000000000000000e+00
4.372031303139093621e-14
1.569765569193275661e-12
6.169154619471228654e-12
0.000000000000000000e+00
3.451213303691866694e-12
0.000000000000000000e+00
1.141136316750906120e-02
1.130605658242530353e-14
0.000000000000000000e+00
0.000000000000000000e+00
0.000000000000000000e+00
0.000000000000000000e+00
0.000000000000000000e+00
3.892503945929913778e-01
0.000000000000000000e+00
0.000000000000000000e+00
0.000000000000000000e+00
7.034739484021872009e-12
2.693312227994912455e-12
2.158386450236515520e-12
0.000000000000000000e+00
0.000000000000000000e+00
0.000000000000000000e+00
0.000000000000000000e+00
3.918322777289212445e-12
3.395335925984004464e-12
0.000000000000000000e+00
5.169970580823748100e-12
8.289551900375421848e-14
