0.000000000000000000e+00
4.291719636975223351e-02
5.432526029973580584e-02
0.000000000000000000e+00
0.000000000000000000e+00
1.743789854311800225e-02
5.714312610074210465e-12
0.000000000000000000e+00
0.000000000000000000e+00
0.000000000000000000e+00
0.000000000000000000e+00
6.481670372100703514e-02
0.000000000000000000e+00
0.000000000000000000e+00
0.000000000000000000e+00
2.413612708873442086e-12
1.394456814945812194e-13
0.000000000000000000e+00
1.096038691455755304e-01
0.000000000000000000e+00
8.203495105229203522e-13
0.000000000000000000e+00
0.000000000000000000e+00
4.008499896023900393e-12
3.149650403266765089e-12
0.000000000000000000e+00
0.000000000000000000e+00
0.000000000000000000e+00
6.912035827646310837e-13
1.789101984009569291e-12
5.877371362596281457e-02
0.000000000000000000e+00
0.000000000000000000e+00
2.566262698919495281e-12
9.972286328743280859e-02
0.000000000000000000e+00
0.000000000000000000e+00
5.947876396774434887e-12
5.939022676566679879e-13
2.876811311509420205e-12
0.000000000000000000e+00
2.342686406076404104e-01
1.170230850937215060e-12
5.627975411175761179e-12
0.000000000000000000e+00
3.181338544187036765e-01
4.177616774210560594e-13
1.651084086671374210e-11
0.000000000000000000e+00
