3.046793675430376142e-12
1.845932478576017915e-12
5.457052003145253305e-12
0.000000000000000000e+00
0.000000000000000000e+00
3.800144120256964906e-12
0.000000000000000000e+00
0.000000000000000000e+00
0.000000000000000000e+00
0.000000000000000000e+00
7.144371048668583718e-12
0.000000000000000000e+00
2.475548174135994144e-12
1.083766673682646732e-11
0.000000000000000000e+00
1.709065535915479384e-01
8.800537025491757541e-12
1.453133764160311069e-12
0.000000000000000000e+00
0.000000000000000000e+00
0.000000000000000000e+00
0.000000000000000000e+00
2.551469519130198298e-12
1.674917104290065455e-12
0.000000000000000000e+00
1.032699598256713227e-12
1.020514911241661176e-11
0.000000000000000000e+00
8.087462897490733487e-12
8.730170518019515756e-12
5.555989994097676465e-01
0.000000000000000000e+00
4.394968351141395406e-12
0.000000000000000000e+00
1.937335191528018197e-01
0.000000000000000000e+00
7.976092792056425906e-02
1.044035335830093390e-12
0.000000000000000000e+00
0.000000000000000000e+00
6.358593560504825728e-12
5.062208104843953318e-12
0.000000000000000000e+00
0.000000000000000000e+00
2.180009506828616509e-13
4.856923781992101603e-13
0.000000000000000000e+00
8.639412128460926363e-12
0.000000000000000000e+00
