0.000000000000000000e+00
4.772686924514718543e-01
0.000000000000000000e+00
2.151011207606690739e-13
0.000000000000000000e+00
1.272121538511544666e-13
1.348408255246506234e-12
0.000000000000000000e+00
1.908589267680428640e-12
4.253324435394487716e-13
0.000000000000000000e+00
5.004976780573520452e-14
0.000000000000000000e+00
0.000000000000000000e+00
5.496268727306123847e-13
1.893381364104321781e-12
0.000000000000000000e+00
0.000000000000000000e+00
2.729872574127430104e-12
3.693747308705860008e-14
4.025229273373450573e-02
2.466613597916948168e-13
4.379285516189058568e-13
0.000000000000000000e+00
0.000000000000000000e+00
0.000000000000000000e+00
0.000000000000000000e+00
1.905609157075558273e-12
5.677994741016218395e-13
0.000000000000000000e+00
1.028198594431935489e-12
0.000000000000000000e+00
1.242306361789519007e-12
1.807871387589726522e-12
0.000000000000000000e+00
2.208938599467913655e-01
5.690034658272836060e-13
1.886391999027676600e-12
0.000000000000000000e+00
3.227482829540084908e-12
2.615851548588643549e-01
5.787750340607094797e-13
0.000000000000000000e+00
1.366406684952201861e-12
5.721969520124207539e-13
1.856217078402469588e-12
1.069112304417183033e-12
3.486727345567232915e-13
0.000000000000000000e+00
