1.215518594459604977e-11
0.000000000000000000e+00
7.438159462740183338e-11
0.000000000000000000e+00
5.643343286898596178e-11
0.000000000000000000e+00
4.372934716971875468e-02
1.119704210738608079e-11
2.137506127417987095e-11
3.195679887982633378e-11
1.516859163109836144e-02
0.000000000000000000e+00
1.310331063826761452e-11
1.424692304513257704e-11
0.000000000000000000e+00
5.819380972332701696e-11
0.000000000000000000e+00
0.000000000000000000e+00
0.000000000000000000e+00
0.000000000000000000e+00
0.000000000000000000e+00
0.000000000000000000e+00
0.000000000000000000e+00
1.914234318009536877e-11
0.000000000000000000e+00
0.000000000000000000e+00
9.660239982545380825e-12
5.127920184537949118e-11
3.325930532028773835e-12
1.963964263818316486e-02
5.557773733851077907e-12
4.854338131205192281e-11
0.000000000000000000e+00
0.000000000000000000e+00
0.000000000000000000e+00
2.492009589402485736e-01
2.707781886842860941e-11
5.224918131647853929e-11
0.000000000000000000e+00
2.709743173512448569e-11
0.000000000000000000e+00
1.813029875360425785e-11
0.000000000000000000e+00
4.351277527382479648e-11
1.227687833372170644e-10
6.722614597720064644e-01
1.722423626041005264e-11
0.000000000000000000e+00
0.000000000000000000e+00
