5.452871297650910974e-13
0.000000000000000000e+00
0.000000000000000000e+00
0.000000000000000000e+00
0.000000000000000000e+00
0.000000000000000000e+00
5.073836778268514801e-13
0.000000000000000000e+00
0.000000000000000000e+00
2.393280025719465506e-02
0.000000000000000000e+00
0.000000000000000000e+00
5.354206782826586277e-13
6.017571583928969291e-13
0.000000000000000000e+00
0.000000000000000000e+00
7.967235722461860957e-13
8.821694723939319031e-13
0.000000000000000000e+00
9.131304570168510826e-02
3.834415564976277613e-02
0.000000000000000000e+00
1.505807615980445935e-01
0.000000000000000000e+00
0.000000000000000000e+00
0.000000000000000000e+00
0.000000000000000000e+00
2.783586328806759158e-01
0.000000000000000000e+00
1.442397798247687102e-01
1.327590120517994909e-02
0.000000000000000000e+00
0.000000000000000000e+00
0.000000000000000000e+00
0.000000000000000000e+00
0.000000000000000000e+00
0.000000000000000000e+00
0.000000000000000000e+00
0.000000000000000000e+00
2.056098602055524416e-01
0.000000000000000000e+00
0.000000000000000000e+00
3.661266791652064562e-02
0.000000000000000000e+00
9.628319061045482236e-13
0.000000000000000000e+00
1.528090010811246774e-12
9.311334029411382448e-13
1.773239477838165976e-02
