1.064808477262175895e-01
6.293140282747898551e-02
0.000000000000000000e+00
1.886425991357330379e-12
0.000000000000000000e+00
0.000000000000000000e+00
0.000000000000000000e+00
4.356031687633809928e-13
0.000000000000000000e+00
0.000000000000000000e+00
0.000000000000000000e+00
0.000000000000000000e+00
0.000000000000000000e+00
2.163309641269533330e-12
1.038032643756444458e-12
0.000000000000000000e+00
2.088217003862766295e-12
0.000000000000000000e+00
6.770621134733184610e-02
3.757378607145043792e-01
1.858643683805402593e-12
1.520286526901935202e-12
1.654364649648341623e-01
1.481805728585917359e-01
0.000000000000000000e+00
0.000000000000000000e+00
1.074752190964188472e-12
4.444409614572336457e-15
0.000000000000000000e+00
9.968948873572525777e-13
0.000000000000000000e+00
1.491097570580985276e-13
0.000000000000000000e+00
3.571512250728797093e-12
0.000000000000000000e+00
0.000000000000000000e+00
5.951200490674786849e-13
0.000000000000000000e+00
0.000000000000000000e+00
3.937364245754421317e-12
0.000000000000000000e+00
0.000000000000000000e+00
5.785006320263200814e-13
1.638759734356182575e-12
2.019224665196914497e-03
3.835584185535984535e-14
7.150741492241764752e-02
7.421907877573651925e-13
0.000000000000000000e+00
