3.973970315493584063e-14
0.000000000000000000e+00
1.018125296461146051e-01
0.000000000000000000e+00
0.000000000000000000e+00
0.000000000000000000e+00
0.000000000000000000e+00
0.000000000000000000e+00
0.000000000000000000e+00
3.674283554339177749e-01
2.680722520319014229e-02
1.879779121873250765e-13
1.122556388922980975e-13
0.000000000000000000e+00
0.000000000000000000e+00
0.000000000000000000e+00
1.171994334502067109e-01
7.215482598775032654e-03
5.888151555092360730e-13
0.000000000000000000e+00
0.000000000000000000e+00
9.026011345620516278e-14
2.906180018537573771e-13
6.802606737153556182e-02
1.358479581869887095e-13
0.000000000000000000e+00
0.000000000000000000e+00
2.704297634500036490e-02
0.000000000000000000e+00
0.000000000000000000e+00
0.000000000000000000e+00
0.000000000000000000e+00
0.000000000000000000e+00
0.000000000000000000e+00
4.983060564921005381e-02
0.000000000000000000e+00
1.315526380161382847e-01
0.000000000000000000e+00
0.000000000000000000e+00
0.000000000000000000e+00
0.000000000000000000e+00
0.000000000000000000e+00
2.505794920641813134e-13
0.000000000000000000e+00
0.000000000000000000e+00
1.921327236232826675e-13
0.000000000000000000e+00
1.956861410863933746e-13
1.030846862947627091e-01
