1.486902821262625600e-12
3.241016115721481891e-13
0.000000000000000000e+00
0.000000000000000000e+00
0.000000000000000000e+00
5.150827790218003725e-12
2.496280454518386652e-12
4.440416752297576059e-12
3.460384648249564821e-02
4.271880844315897008e-12
6.690415913594045805e-02
1.332361695235913404e-12
2.538386982624644128e-01
1.688934664479017911e-01
2.427333913008780930e-01
1.957787962976658099e-13
2.330264383879602219e-01
1.048202768967987890e-13
0.000000000000000000e+00
1.231598800080977303e-12
7.354297958019239070e-13
0.000000000000000000e+00
0.000000000000000000e+00
2.533857021949913025e-12
0.000000000000000000e+00
0.000000000000000000e+00
1.328866662355742269e-12
0.000000000000000000e+00
0.000000000000000000e+00
0.000000000000000000e+00
1.187296179129532008e-12
7.339851502149192470e-13
8.158520497318119038e-13
3.707735183676621929e-12
3.974927458888283933e-12
0.000000000000000000e+00
0.000000000000000000e+00
0.000000000000000000e+00
0.000000000000000000e+00
0.000000000000000000e+00
2.126080547028667557e-12
0.000000000000000000e+00
5.543966709012652960e-12
8.073479059792638371e-13
2.129500402051565785e-14
1.380045924242558056e-12
3.883758506187896173e-12
0.000000000000000000e+00
0.000000000000000000e+00
