0.000000000000000000e+00
0.000000000000000000e+00
3.174651033521712287e-11
2.205058703347294950e-11
5.454697704080700527e-11
2.610651979853435001e-01
4.076647432848665488e-11
2.007625698423413241e-11
0.000000000000000000e+00
1.761510900157144958e-11
4.207633273684039280e-11
4.252189992885722998e-11
0.000000000000000000e+00
2.570969439730875394e-11
9.640361892631592048e-12
4.088109044413874651e-11
0.000000000000000000e+00
2.927104371144662645e-11
2.476515820470853059e-11
2.969894213321563608e-11
5.313839157679347279e-11
3.639281996463819928e-11
4.461372086615453600e-11
2.122282381282137745e-11
1.119425057345854672e-11
1.495322080904281159e-11
0.000000000000000000e+00
0.000000000000000000e+00
4.438543278113000834e-11
0.000000000000000000e+00
6.693617334785199919e-11
1.655941657366643842e-11
0.000000000000000000e+00
3.923407985834511933e-11
1.614946843373331609e-01
2.272808424318227344e-11
5.774401171738874350e-01
0.000000000000000000e+00
0.000000000000000000e+00
2.479920674698917591e-11
0.000000000000000000e+00
0.000000000000000000e+00
0.000000000000000000e+00
0.000000000000000000e+00
3.985227303159145931e-11
1.623150494288221714e-11
0.000000000000000000e+00
0.000000000000000000e+00
5.204755461511573789e-11
