1.023733969002517026e-11
0.000000000000000000e+00
2.462829068056484086e-11
1.963253362582936257e-01
3.930550849022424355e-11
6.333419267383509734e-11
0.000000000000000000e+00
6.818056130214955643e-12
0.000000000000000000e+00
0.000000000000000000e+00
0.000000000000000000e+00
0.000000000000000000e+00
1.284146185454531541e-11
2.367125171947142076e-11
0.000000000000000000e+00
0.000000000000000000e+00
6.273548367036299601e-12
0.000000000000000000e+00
5.223230369703793611e-11
4.448141174520102786e-11
2.189289652645572050e-11
0.000000000000000000e+00
0.000000000000000000e+00
2.418572145104083847e-12
0.000000000000000000e+00
0.000000000000000000e+00
0.000000000000000000e+00
3.983398974945975801e-11
0.000000000000000000e+00
0.000000000000000000e+00
0.000000000000000000e+00
0.000000000000000000e+00
0.000000000000000000e+00
4.931931529229152122e-01
0.000000000000000000e+00
3.396221696540656860e-11
0.000000000000000000e+00
3.104815107226314153e-01
0.000000000000000000e+00
2.094495974443287687e-11
2.315496330917775106e-11
5.699412024957957297e-11
0.000000000000000000e+00
1.397643595545877555e-11
0.000000000000000000e+00
2.268465344276016535e-11
2.301624965504916216e-11
0.000000000000000000e+00
5.416427048295166871e-10
