5.141145087035509098e-02
6.084969115429240787e-14
9.371500911785888600e-14
0.000000000000000000e+00
7.080883603866419164e-14
4.946965993584632321e-14
5.761695475577947173e-02
6.446658427887577703e-02
2.624648215033957045e-13
0.000000000000000000e+00
3.314571318592020050e-13
0.000000000000000000e+00
5.481329469541968563e-02
2.610232260607939832e-13
2.174610098569414451e-01
2.420758965122351246e-14
2.015680607282243752e-13
1.180625946805386947e-13
3.808507333185825756e-13
6.786174752901872644e-14
6.408152800036577210e-15
1.600214432194587387e-14
9.179543171257214217e-14
0.000000000000000000e+00
4.197385283819605930e-13
0.000000000000000000e+00
2.001188987403048312e-13
0.000000000000000000e+00
2.254342558676394100e-13
2.632806991482381648e-02
7.318006750505292625e-14
3.825005546008296980e-02
0.000000000000000000e+00
1.032081194392666691e-13
5.465568122902678128e-02
6.557015028868257850e-15
1.358858149463351098e-13
1.641330929096216640e-01
1.969200851677460704e-13
1.523539654556412513e-13
7.571295902107340672e-14
0.000000000000000000e+00
9.315500260214412513e-14
2.708638060261899794e-01
0.000000000000000000e+00
0.000000000000000000e+00
0.000000000000000000e+00
1.152632371872238520e-13
4.255249805980526687e-13
