0.000000000000000000e+00
0.000000000000000000e+00
0.000000000000000000e+00
0.000000000000000000e+00
3.735494266769320173e-12
0.000000000000000000e+00
0.000000000000000000e+00
2.745689688841948283e-12
0.000000000000000000e+00
0.000000000000000000e+00
4.372416495300064835e-12
0.000000000000000000e+00
1.625412596816394883e-01
0.000000000000000000e+00
7.589777870654695825e-12
0.000000000000000000e+00
1.773304052188234056e-12
4.002749401094148854e-12
4.487482286763465021e-12
2.502625313314680439e-02
1.911308081310416351e-01
0.000000000000000000e+00
0.000000000000000000e+00
7.753183497415118635e-12
3.783571792189407682e-12
4.191026828593824657e-12
0.000000000000000000e+00
4.891278085847467483e-01
0.000000000000000000e+00
7.217500495135344536e-14
1.097079025796067336e-01
4.599692525486294157e-12
0.000000000000000000e+00
6.499006490815728225e-12
0.000000000000000000e+00
0.000000000000000000e+00
0.000000000000000000e+00
4.624879303046853526e-12
0.000000000000000000e+00
1.296132157731697737e-11
7.001920550636704940e-12
1.124932376772604322e-11
2.280104190761812608e-12
0.000000000000000000e+00
0.000000000000000000e+00
0.000000000000000000e+00
1.470927668537156231e-13
2.246596789804018376e-02
7.517218498161278164e-12
