0.000000000000000000e+00
3.075733764787521549e-13
0.000000000000000000e+00
0.000000000000000000e+00
1.230043787651005337e-12
3.563339743269232363e-02
0.000000000000000000e+00
0.000000000000000000e+00
9.997145187681934220e-02
0.000000000000000000e+00
8.274921735128279443e-02
0.000000000000000000e+00
0.000000000000000000e+00
1.443154545021428370e-01
0.000000000000000000e+00
0.000000000000000000e+00
0.000000000000000000e+00
0.000000000000000000e+00
0.000000000000000000e+00
0.000000000000000000e+00
6.656773383889046489e-13
0.000000000000000000e+00
0.000000000000000000e+00
3.015903991535152061e-03
0.000000000000000000e+00
5.240096835772074478e-13
1.327385826031508436e-13
0.000000000000000000e+00
3.600980348160579903e-14
0.000000000000000000e+00
0.000000000000000000e+00
0.000000000000000000e+00
0.000000000000000000e+00
2.758825913837567946e-12
0.000000000000000000e+00
0.000000000000000000e+00
0.000000000000000000e+00
4.099290469787022851e-14
9.588412504958607453e-13
2.002263920311050903e-13
0.000000000000000000e+00
2.758720527513148864e-13
1.078559570248217858e-01
0.000000000000000000e+00
0.000000000000000000e+00
2.240575294022340569e-01
3.024010884365064267e-01
0.000000000000000000e+00
0.000000000000000000e+00
