0.000000000000000000e+00
2.264116881754469220e-13
3.507128972439305636e-13
7.059735436239601675e-14
0.000000000000000000e+00
0.000000000000000000e+00
0.000000000000000000e+00
0.000000000000000000e+00
1.262220189132184722e-13
2.361205661640784428e-13
0.000000000000000000e+00
1.252709659742837359e-14
3.865719427189806062e-13
0.000000000000000000e+00
0.000000000000000000e+00
9.471141999967548630e-02
0.000000000000000000e+00
1.894109898117525280e-13
1.807930126359777734e-01
0.000000000000000000e+00
0.000000000000000000e+00
1.564249650721457220e-13
1.384992415642853646e-14
3.577725167730173017e-01
6.580531429369609300e-14
3.594133736161743156e-14
1.188180612796728318e-13
0.000000000000000000e+00
7.313473528011284197e-02
0.000000000000000000e+00
3.532049531576369742e-14
1.227662971353164489e-01
0.000000000000000000e+00
0.000000000000000000e+00
1.702004999480156155e-01
3.753414976296419618e-13
6.215182260456174942e-04
0.000000000000000000e+00
1.633552421213977502e-13
9.464939751199731586e-14
8.212237423997625503e-14
0.000000000000000000e+00
1.592966357900996759e-13
2.420789809316440438e-13
1.259770799160463478e-13
1.400300978616460960e-13
0.000000000000000000e+00
1.363673899479558864e-13
4.602311346645318541e-14
