1.365086749715210696e-13
0.000000000000000000e+00
2.298045620373011951e-14
2.231327551916512194e-12
0.000000000000000000e+00
0.000000000000000000e+00
1.375314105489841485e-12
1.387011535584725333e-12
0.000000000000000000e+00
0.000000000000000000e+00
1.253426525279842567e-12
0.000000000000000000e+00
0.000000000000000000e+00
2.299929864996111961e-01
0.000000000000000000e+00
3.671586545733693252e-01
3.349249088499928044e-15
0.000000000000000000e+00
3.613717006573162471e-02
5.730686472852751512e-02
0.000000000000000000e+00
0.000000000000000000e+00
0.000000000000000000e+00
0.000000000000000000e+00
0.000000000000000000e+00
9.278139216210002220e-14
0.000000000000000000e+00
1.171199939906145276e-12
1.923543381291120333e-02
9.815700158079678034e-13
8.108394868530326325e-12
1.108059649803155072e-13
0.000000000000000000e+00
0.000000000000000000e+00
4.024410820037769426e-02
0.000000000000000000e+00
0.000000000000000000e+00
8.652891530181846058e-13
1.268828545658576813e-12
3.612735547500055684e-13
0.000000000000000000e+00
1.260002370395927052e-01
0.000000000000000000e+00
1.239245450884773336e-01
1.144876249511222208e-13
0.000000000000000000e+00
0.000000000000000000e+00
0.000000000000000000e+00
0.000000000000000000e+00
