2.661867694889070712e-01
1.329979517883186912e-01
5.488769093636540475e-13
0.000000000000000000e+00
0.000000000000000000e+00
2.702974173681015752e-02
5.873594796299008713e-14
2.146355724988273372e-12
7.672540107048729519e-13
1.012928375074620413e-12
0.000000000000000000e+00
0.000000000000000000e+00
4.088631780446790737e-02
3.646564522780462725e-13
0.000000000000000000e+00
2.222073030135399141e-13
0.000000000000000000e+00
0.000000000000000000e+00
0.000000000000000000e+00
3.428689894936082228e-13
1.711094644917697527e-01
9.682513512211492201e-13
0.000000000000000000e+00
1.025687788012725338e-12
0.000000000000000000e+00
0.000000000000000000e+00
0.000000000000000000e+00
0.000000000000000000e+00
2.654067964751385955e-13
3.732774723000376049e-13
0.000000000000000000e+00
1.639223445296014020e-12
0.000000000000000000e+00
0.000000000000000000e+00
0.000000000000000000e+00
1.229222452991951542e-12
0.000000000000000000e+00
1.539766271326608038e-01
0.000000000000000000e+00
0.000000000000000000e+00
1.038257783955707711e-02
0.000000000000000000e+00
0.000000000000000000e+00
1.360541108214822353e-12
0.000000000000000000e+00
1.162066597733702605e-12
1.974305497458750391e-01
0.000000000000000000e+00
0.000000000000000000e+00
