3.073671920592379081e-14
1.422484747488963752e-01
6.951218474050656836e-14
0.000000000000000000e+00
2.244102946546853942e-14
1.076509015729897711e-13
0.000000000000000000e+00
0.000000000000000000e+00
1.573479368770256651e-13
0.000000000000000000e+00
0.000000000000000000e+00
8.472204874205689290e-14
5.490788485939488239e-14
0.000000000000000000e+00
2.840955077711005322e-14
1.187373046158185230e-01
1.417505929728052338e-01
0.000000000000000000e+00
2.097315881416777703e-02
0.000000000000000000e+00
0.000000000000000000e+00
5.526205433143942220e-14
1.383966545045366425e-01
2.869374289979982270e-02
0.000000000000000000e+00
0.000000000000000000e+00
3.328418992215708555e-03
0.000000000000000000e+00
0.000000000000000000e+00
3.302679293556220840e-14
0.000000000000000000e+00
3.584802898290490597e-14
1.870742062875442591e-01
2.612432977800611923e-14
2.419194473036223620e-14
0.000000000000000000e+00
5.441811254710800180e-15
1.356914821097373158e-13
0.000000000000000000e+00
0.000000000000000000e+00
4.537772788767601129e-14
2.341775656068359802e-14
0.000000000000000000e+00
1.521914999738012233e-13
0.000000000000000000e+00
1.506964201603109928e-13
0.000000000000000000e+00
0.000000000000000000e+00
2.187974461650259994e-01
