0.000000000000000000e+00
6.645736457465546038e-12
4.006503383186460487e-02
1.172536968225304875e-11
1.084420090905859210e-13
2.162615426098686011e-01
2.586288258363713191e-03
0.000000000000000000e+00
0.000000000000000000e+00
0.000000000000000000e+00
3.092995996500708666e-01
0.000000000000000000e+00
3.631682386820268669e-12
0.000000000000000000e+00
0.000000000000000000e+00
6.801193778669395998e-12
9.809154910667822478e-13
3.231575406673010616e-12
1.798225921608734290e-02
8.250534370911714435e-12
6.355711895574216175e-02
3.854718139381231757e-13
0.000000000000000000e+00
0.000000000000000000e+00
8.165168265485965137e-12
3.395297842286457146e-01
0.000000000000000000e+00
7.384053225239035071e-12
0.000000000000000000e+00
0.000000000000000000e+00
4.300713240893208781e-12
0.000000000000000000e+00
4.886270418973842403e-13
2.862445984649066576e-12
0.000000000000000000e+00
3.727403877973439113e-12
0.000000000000000000e+00
9.513272838625950269e-14
3.239491483350769568e-12
0.000000000000000000e+00
0.000000000000000000e+00
0.000000000000000000e+00
0.000000000000000000e+00
4.603927451610251147e-12
8.961794174842441391e-12
0.000000000000000000e+00
0.000000000000000000e+00
1.071837332234169132e-02
0.000000000000000000e+00
