3.612891802070507184e-12
2.972584104186967921e-12
1.196011512077749273e-12
0.000000000000000000e+00
0.000000000000000000e+00
0.000000000000000000e+00
0.000000000000000000e+00
0.000000000000000000e+00
1.315686950753769825e-12
8.634205867960401235e-13
0.000000000000000000e+00
2.124401720589468431e-12
1.360999080590937820e-12
1.821725387825304444e-12
2.662283970908219949e-13
0.000000000000000000e+00
4.672341615425462669e-02
0.000000000000000000e+00
1.647176946423157245e-12
0.000000000000000000e+00
0.000000000000000000e+00
2.808561068447235246e-12
0.000000000000000000e+00
2.116487197671476479e-12
0.000000000000000000e+00
0.000000000000000000e+00
0.000000000000000000e+00
0.000000000000000000e+00
1.614368892025196837e-12
7.351863461505410424e-02
0.000000000000000000e+00
3.729879375259503985e-13
8.151818830389758240e-13
3.155215768761772521e-12
2.844460267841543775e-12
7.533550705335247040e-13
8.797579492099214526e-01
3.135704542953705834e-12
0.000000000000000000e+00
0.000000000000000000e+00
0.000000000000000000e+00
2.368686459734122556e-12
1.500617761976597067e-12
2.985865388496565878e-12
4.212702295276207526e-13
0.000000000000000000e+00
3.439990258181697469e-12
0.000000000000000000e+00
1.561359594671162235e-12
