0.000000000000000000e+00
1.696273457665968113e-11
1.899362436701486013e-11
0.000000000000000000e+00
0.000000000000000000e+00
3.881432495067690946e-01
9.985064304861240217e-12
0.000000000000000000e+00
0.000000000000000000e+00
0.000000000000000000e+00
0.000000000000000000e+00
0.000000000000000000e+00
0.000000000000000000e+00
8.197681711812993020e-13
2.154090056925112176e-11
2.438773189282855271e-11
1.538810488367420710e-12
0.000000000000000000e+00
0.000000000000000000e+00
3.066453558033714944e-11
0.000000000000000000e+00
1.705226812793404369e-11
3.552965354001309405e-11
0.000000000000000000e+00
2.904583706255427048e-11
0.000000000000000000e+00
1.511356532483548064e-11
0.000000000000000000e+00
3.715267027487452059e-11
6.400652732228405417e-02
3.512312948901972436e-11
0.000000000000000000e+00
0.000000000000000000e+00
9.694202622597547503e-02
9.612692708917666013e-12
4.523493864908342041e-11
0.000000000000000000e+00
1.340797659852031865e-01
1.000576476419325516e-11
0.000000000000000000e+00
0.000000000000000000e+00
3.168284309165119161e-01
5.100772506042089604e-12
3.113771181736957717e-11
2.914117538725159802e-13
1.155277445307690064e-11
0.000000000000000000e+00
0.000000000000000000e+00
1.243169766765377132e-12
