1.237539866017261653e-01
0.000000000000000000e+00
3.494671728648118814e-13
2.521576817239768453e-01
0.000000000000000000e+00
0.000000000000000000e+00
7.952780551072000104e-13
6.175636173194005291e-02
7.881909575425775916e-14
7.451210940032267083e-14
5.106567295756758718e-13
0.000000000000000000e+00
0.000000000000000000e+00
5.623319699442009822e-01
0.000000000000000000e+00
0.000000000000000000e+00
2.303753230390760687e-13
0.000000000000000000e+00
0.000000000000000000e+00
0.000000000000000000e+00
0.000000000000000000e+00
1.326001550856943656e-13
0.000000000000000000e+00
3.245357270680732098e-14
0.000000000000000000e+00
0.000000000000000000e+00
4.532960852922200690e-13
0.000000000000000000e+00
3.727121489585129288e-14
0.000000000000000000e+00
0.000000000000000000e+00
0.000000000000000000e+00
3.936968752307062891e-13
1.094493317862783172e-13
0.000000000000000000e+00
6.822891386528036339e-13
4.205697069900246610e-13
5.174581229271894151e-13
3.523312521456264251e-13
0.000000000000000000e+00
0.000000000000000000e+00
0.000000000000000000e+00
2.014758870264206359e-13
0.000000000000000000e+00
0.000000000000000000e+00
5.880139345543992230e-13
3.160397257209648231e-13
1.161588362931682827e-12
1.465208881415609732e-12
