# Treated, TrueCf, Synth (all lag), GL Pred, Error
3.459034380803568176e+00 3.459034380803568176e+00 4.115699677867716844e+00 3.459047568485230428e+00 9.986616180121814235e-02
-7.463333069628050875e-01 -7.463333069628050875e-01 3.043658119715539900e+00 -7.461386958625140231e-01 9.944838670755368204e-02
1.551796454134771608e+01 1.551796454134771608e+01 1.257079087581183430e+01 1.551758259824141817e+01 9.892417406208649233e-02
-5.295040244792846629e+00 -5.295040244792846629e+00 1.835430690472946491e+00 -5.294579161003219347e+00 9.716726761702318416e-02
2.031644587742282226e+01 2.031644587742282226e+01 8.602495374447817866e+00 2.031584586802098968e+01 9.691640736910993315e-02
7.880230254338562723e+00 7.880230254338562723e+00 8.436387543291065327e+00 7.880318207627788674e+00 9.995889156576480417e-02
-9.822493805335203998e-01 -9.822493805335203998e-01 5.725135170247357408e+00 -9.817772715878518852e-01 9.788506252385860418e-02
9.911926210897592071e+00 9.911926210897592071e+00 1.145361109868281879e+01 9.912037499027132270e+00 1.000099968933300387e-01
1.239091051057183890e+01 1.239091051057183890e+01 8.189605290662333559e+00 1.239087340731360776e+01 9.998794599987131937e-02
9.280230953592948140e+00 9.280230953592948140e+00 1.070603064163996798e+01 9.280266974766004040e+00 9.979830932359770590e-02
2.547539675386568092e+01 2.547539675386568092e+01 1.179144944890394520e+01 2.547481119734579380e+01 9.740393813481315610e-02
1.356443972544785126e+01 1.356443972544785126e+01 1.123786415536701533e+01 1.356427940947410349e+01 1.000084631352074066e-01
1.107655422007303692e+01 1.107655422007303692e+01 1.560066250069184157e+01 1.107675081942987028e+01 9.903755558882332277e-02
1.496027823230819642e+01 1.496027823230819642e+01 1.383841434296530259e+01 1.496022780529167662e+01 9.995306896800000562e-02
1.174000853246387699e+01 1.174000853246387699e+01 1.441130235255753789e+01 1.174011241179181297e+01 9.928514441089147935e-02
1.830092486720537792e+01 1.830092486720537792e+01 1.586734813771325747e+01 1.830066014203462288e+01 1.000088005512787398e-01
1.088532593749704169e+01 1.088532593749704169e+01 1.273179826390366465e+01 1.088543553915850737e+01 9.885458781347326862e-02
6.885475086738975570e+00 6.885475086738975570e+00 1.074386143138351102e+01 6.885665169458100365e+00 9.848178831651473175e-02
6.598473657310394813e+00 6.598473657310394813e+00 1.169401544735648635e+01 6.598745811652992899e+00 9.816187567883176424e-02
-3.492330074045358668e+00 -3.492330074045358668e+00 1.141040752472232711e+01 -3.491717269977389293e+00 9.272009492630654826e-02
2.229952668341013222e+01 2.229952668341013222e+01 1.174957389975412525e+01 2.229893213315384770e+01 9.901802351992489148e-02
8.681363210611181103e+00 8.681363210611181103e+00 8.461536153326727927e+00 8.681218479082668082e+00 9.972290306391379255e-02
8.820355264596033251e+00 8.820355264596033251e+00 9.845055159347635865e+00 8.820205408340672903e+00 9.971287014527194237e-02
9.138199898438223556e+00 9.138199898438223556e+00 9.385998476874119589e+00 9.138270552799305335e+00 9.978721221418453136e-02
1.730072988571510262e+00 1.730072988571510262e+00 4.459197937316218940e+00 1.730253171947379265e+00 9.895138515055984518e-02
-1.805174556863581525e+00 -1.805174556863581525e+00 5.555224500860397541e+00 -1.804944546854126308e+00 9.810533155711835540e-02
2.345478007758037009e+01 2.345478007758037009e+01 7.110091946634448767e+00 2.345393550602664234e+01 9.558273724511490155e-02
-3.763912574247210152e-01 -3.763912574247210152e-01 3.644514335662338844e-01 -3.761892015888594898e-01 9.889474552672458674e-02
2.560091954554684079e+00 2.560091954554684079e+00 4.186011497163296902e+00 2.560376023417434865e+00 9.921089776804287164e-02
8.821979388830493818e+00 8.821979388830493818e+00 5.432669640451685211e+00 8.821965227716903613e+00 9.999435396132390352e-02
2.513425346030861363e+01 2.329760818197153327e+01 6.175290085321851308e+00 6.591209079824247752e+00 1.079017417078015306e+01
7.823629670391934354e+00 6.222475570412486334e+00 5.777142676774690067e+00 6.884076470647252144e+00 1.130041356788856710e+01
1.459090952724782575e+01 1.176539794122175486e+01 7.483896060074807899e+00 7.474124773420587786e+00 1.227244156879262071e+01
2.300863113604180654e+01 1.832309464978645153e+01 8.069648528292596268e+00 9.623155792862812419e+00 1.339591558146265093e+01
1.452808492150754738e+01 8.549100660765642345e+00 8.282993386833412686e+00 9.597832553772168040e+00 1.458014511099552912e+01
1.945435768262799670e+01 1.451399677188549830e+01 4.853709028480562182e+00 6.638478850446352553e+00 1.575109890819197567e+01
2.593090748520760158e+01 1.869237765577797461e+01 6.073280242064006629e+00 1.102086351658415175e+01 1.716603306994009159e+01
1.459313305278925910e+01 7.398447147829850579e+00 3.527792604432451462e+00 7.075025611522781865e+00 1.841234394083065240e+01
1.561119482120690272e+01 5.824090749062278860e+00 6.363904472583914007e+00 7.647102748260535598e+00 1.957650727446000971e+01
3.259528264730516156e+01 2.061860561974857120e+01 9.759774728326679138e+00 9.720701518116412032e+00 2.074133655092972361e+01
2.320655372218249823e+01 1.160698521264606775e+01 8.876045836407246981e+00 6.057715169899386964e+00 2.179088579154331740e+01
2.350754452993995969e+01 1.038176091401572521e+01 8.917596688403460092e+00 9.040696306657272530e+00 2.282562499123572053e+01
2.752756519984055217e+01 1.308321892295212585e+01 7.113028394854254088e+00 7.825758260633621788e+00 2.379538446159666876e+01
3.361558714635209100e+01 1.943106674629823871e+01 6.584060473908169620e+00 3.926375934072116713e+00 2.472009469680298821e+01
2.519851674873124381e+01 8.801204169597692584e+00 2.058709518199703936e+00 3.136874874299417471e+00 2.547706739242080332e+01
2.586172284436403501e+01 1.016797733423471151e+01 4.719067505091830483e+00 3.892341238811320991e+00 2.623088923493645552e+01
1.886429093939402080e+01 2.661912889605894783e+00 4.499862399512634781e+00 5.290313095999032100e+00 2.697862421239184272e+01
2.530134698478513755e+01 7.702860854554888448e+00 4.335755577240454350e-01 1.467914899304729293e+00 2.763450031043370814e+01
