1.467165367265133545e-11
1.640591332075307662e-01
5.419003210663730842e-11
6.054434488964202103e-11
0.000000000000000000e+00
0.000000000000000000e+00
6.694679707236183436e-10
0.000000000000000000e+00
0.000000000000000000e+00
0.000000000000000000e+00
3.395169025671029156e-02
1.557281848585073253e-11
0.000000000000000000e+00
3.253835499848378303e-11
1.521667450929247156e-01
0.000000000000000000e+00
0.000000000000000000e+00
0.000000000000000000e+00
0.000000000000000000e+00
0.000000000000000000e+00
3.834557424884869198e-02
5.655503251935448811e-02
0.000000000000000000e+00
0.000000000000000000e+00
3.035787773649708773e-11
0.000000000000000000e+00
2.449579940487008194e-11
0.000000000000000000e+00
7.547753351892110563e-11
2.851497052307545160e-02
7.500732046598583784e-11
0.000000000000000000e+00
0.000000000000000000e+00
0.000000000000000000e+00
0.000000000000000000e+00
0.000000000000000000e+00
1.240142824377675201e-01
0.000000000000000000e+00
0.000000000000000000e+00
1.301931865570120639e-01
1.470746422623198657e-01
9.105570917331605105e-03
0.000000000000000000e+00
0.000000000000000000e+00
0.000000000000000000e+00
0.000000000000000000e+00
0.000000000000000000e+00
0.000000000000000000e+00
1.160191731707111845e-01
