# yearspad, alpred
# [0.6  0.62 0.64 0.66 0.68 0.7  0.72 0.74 0.76 0.78 0.8  0.82 0.84 0.86
#  0.88 0.9  0.92 0.94 0.96 0.98 1.   1.02 1.04]
1922.00 1.59 1.59 1.59 1.59 1.59 1.59 1.59 1.59 1.59 1.59 1.59 1.59 1.59 1.59 1.59 1.59 1.59 1.59 1.59 1.59 1.59 1.59 1.59
1923.00 1.27 1.27 1.27 1.27 1.27 1.27 1.27 1.27 1.27 1.27 1.27 1.27 1.27 1.27 1.27 1.27 1.27 1.27 1.27 1.27 1.27 1.27 1.27
1924.00 0.90 0.90 0.90 0.90 0.90 0.90 0.90 0.90 0.90 0.90 0.90 0.90 0.90 0.90 0.90 0.90 0.90 0.90 0.90 0.90 0.90 0.90 0.90
1925.00 1.36 1.36 1.36 1.36 1.36 1.36 1.36 1.36 1.36 1.36 1.36 1.36 1.36 1.36 1.36 1.36 1.36 1.36 1.36 1.36 1.36 1.36 1.36
1926.00 0.97 0.97 0.97 0.97 0.97 0.97 0.97 0.97 0.97 0.97 0.97 0.97 0.97 0.97 0.97 0.97 0.97 0.97 0.97 0.97 0.97 0.97 0.97
1927.00 -0.48 -0.48 -0.48 -0.48 -0.48 -0.48 -0.48 -0.48 -0.48 -0.48 -0.48 -0.48 -0.48 -0.48 -0.48 -0.48 -0.48 -0.48 -0.48 -0.48 -0.48 -0.48 -0.48
1928.00 -1.32 -1.32 -1.32 -1.32 -1.32 -1.32 -1.32 -1.32 -1.32 -1.32 -1.32 -1.32 -1.32 -1.32 -1.32 -1.32 -1.32 -1.32 -1.32 -1.32 -1.32 -1.32 -1.32
1929.00 -1.58 -1.58 -1.58 -1.58 -1.58 -1.58 -1.58 -1.58 -1.58 -1.58 -1.58 -1.58 -1.58 -1.58 -1.58 -1.58 -1.58 -1.58 -1.58 -1.58 -1.58 -1.58 -1.58
1930.00 -1.24 -1.24 -1.24 -1.24 -1.24 -1.24 -1.24 -1.24 -1.24 -1.24 -1.24 -1.24 -1.24 -1.24 -1.24 -1.24 -1.24 -1.24 -1.24 -1.24 -1.24 -1.24 -1.24
1931.00 -0.42 -0.42 -0.42 -0.42 -0.42 -0.42 -0.42 -0.42 -0.42 -0.42 -0.42 -0.42 -0.42 -0.42 -0.42 -0.42 -0.42 -0.42 -0.42 -0.42 -0.42 -0.42 -0.42
1932.00 -0.21 -0.21 -0.21 -0.21 -0.21 -0.21 -0.21 -0.21 -0.21 -0.21 -0.21 -0.21 -0.21 -0.21 -0.21 -0.21 -0.21 -0.21 -0.21 -0.21 -0.21 -0.21 -0.21
1933.00 -1.51 -1.51 -1.51 -1.51 -1.51 -1.51 -1.51 -1.51 -1.51 -1.51 -1.51 -1.51 -1.51 -1.51 -1.51 -1.51 -1.51 -1.51 -1.51 -1.51 -1.51 -1.51 -1.51
1934.00 -2.82 -2.82 -2.82 -2.82 -2.82 -2.82 -2.82 -2.82 -2.82 -2.82 -2.82 -2.82 -2.82 -2.82 -2.82 -2.82 -2.82 -2.82 -2.82 -2.82 -2.82 -2.82 -2.82
1935.00 -3.17 -3.17 -3.17 -3.17 -3.17 -3.17 -3.17 -3.17 -3.17 -3.17 -3.17 -3.17 -3.17 -3.17 -3.17 -3.17 -3.17 -3.17 -3.17 -3.17 -3.17 -3.17 -3.17
1936.00 -2.74 -2.74 -2.74 -2.74 -2.74 -2.74 -2.74 -2.74 -2.74 -2.74 -2.74 -2.74 -2.74 -2.74 -2.74 -2.74 -2.74 -2.74 -2.74 -2.74 -2.74 -2.74 -2.74
1937.00 -2.74 -2.74 -2.74 -2.74 -2.74 -2.74 -2.74 -2.74 -2.74 -2.74 -2.74 -2.74 -2.74 -2.74 -2.74 -2.74 -2.74 -2.74 -2.74 -2.74 -2.74 -2.74 -2.74
1938.00 -2.68 -2.68 -2.68 -2.68 -2.68 -2.68 -2.68 -2.68 -2.68 -2.68 -2.68 -2.68 -2.68 -2.68 -2.68 -2.68 -2.68 -2.68 -2.68 -2.68 -2.68 -2.68 -2.68
1939.00 -1.61 -1.61 -1.61 -1.61 -1.61 -1.61 -1.61 -1.61 -1.61 -1.61 -1.61 -1.61 -1.61 -1.61 -1.61 -1.61 -1.61 -1.61 -1.61 -1.61 -1.61 -1.61 -1.61
1940.00 -1.67 -1.67 -1.67 -1.67 -1.67 -1.67 -1.67 -1.67 -1.67 -1.67 -1.67 -1.67 -1.67 -1.67 -1.67 -1.67 -1.67 -1.67 -1.67 -1.67 -1.67 -1.67 -1.67
1941.00 -1.19 -1.19 -1.19 -1.19 -1.19 -1.19 -1.19 -1.19 -1.19 -1.19 -1.19 -1.19 -1.19 -1.19 -1.19 -1.19 -1.19 -1.19 -1.19 -1.19 -1.19 -1.19 -1.19
1942.00 0.62 0.62 0.62 0.62 0.62 0.62 0.62 0.62 0.62 0.62 0.62 0.62 0.62 0.62 0.62 0.62 0.62 0.62 0.62 0.62 0.62 0.62 0.62
1943.00 1.30 1.30 1.30 1.30 1.30 1.30 1.30 1.30 1.30 1.30 1.30 1.30 1.30 1.30 1.30 1.30 1.30 1.30 1.30 1.30 1.30 1.30 1.30
1944.00 1.23 1.23 1.23 1.23 1.23 1.23 1.23 1.23 1.23 1.23 1.23 1.23 1.23 1.23 1.23 1.23 1.23 1.23 1.23 1.23 1.23 1.23 1.23
1945.00 -0.39 -0.39 -0.39 -0.39 -0.39 -0.39 -0.39 -0.39 -0.39 -0.39 -0.39 -0.39 -0.39 -0.39 -0.39 -0.39 -0.39 -0.39 -0.39 -0.39 -0.39 -0.39 -0.39
1946.00 -0.48 -0.48 -0.48 -0.48 -0.48 -0.48 -0.48 -0.48 -0.48 -0.48 -0.48 -0.48 -0.48 -0.48 -0.48 -0.48 -0.48 -0.48 -0.48 -0.48 -0.48 -0.48 -0.48
1947.00 -0.26 -0.26 -0.26 -0.26 -0.26 -0.26 -0.26 -0.26 -0.26 -0.26 -0.26 -0.26 -0.26 -0.26 -0.26 -0.26 -0.26 -0.26 -0.26 -0.26 -0.26 -0.26 -0.26
1948.00 1.42 1.42 1.42 1.42 1.42 1.42 1.42 1.42 1.42 1.42 1.42 1.42 1.42 1.42 1.42 1.42 1.42 1.42 1.42 1.42 1.42 1.42 1.42
1949.00 3.54 3.54 3.54 3.54 3.54 3.54 3.54 3.54 3.54 3.54 3.54 3.54 3.54 3.54 3.54 3.54 3.54 3.54 3.54 3.54 3.54 3.54 3.54
1950.00 4.19 4.19 4.19 4.19 4.19 4.19 4.19 4.19 4.19 4.19 4.19 4.19 4.19 4.19 4.19 4.19 4.19 4.19 4.19 4.19 4.19 4.19 4.19
1951.00 2.05 2.05 2.05 2.05 2.05 2.05 2.05 2.05 2.05 2.05 2.05 2.05 2.05 2.05 2.05 2.05 2.05 2.05 2.05 2.05 2.05 2.05 2.05
1952.00 0.40 0.40 0.40 0.40 0.40 0.40 0.40 0.40 0.40 0.40 0.40 0.40 0.40 0.40 0.40 0.40 0.40 0.40 0.40 0.40 0.40 0.40 0.40
1953.00 0.90 0.90 0.90 0.90 0.90 0.90 0.90 0.90 0.90 0.90 0.90 0.90 0.90 0.90 0.90 0.90 0.90 0.90 0.90 0.90 0.90 0.90 0.90
1954.00 0.29 0.29 0.29 0.29 0.29 0.29 0.29 0.29 0.29 0.29 0.29 0.29 0.29 0.29 0.29 0.29 0.29 0.29 0.29 0.29 0.29 0.29 0.29
1955.00 0.46 0.46 0.46 0.46 0.46 0.46 0.46 0.46 0.46 0.46 0.46 0.46 0.46 0.46 0.46 0.46 0.46 0.46 0.46 0.46 0.46 0.46 0.46
1956.00 0.36 0.36 0.36 0.36 0.36 0.36 0.36 0.36 0.36 0.36 0.36 0.36 0.36 0.36 0.36 0.36 0.36 0.36 0.36 0.36 0.36 0.36 0.36
1957.00 1.26 1.26 1.26 1.26 1.26 1.26 1.26 1.26 1.26 1.26 1.26 1.26 1.26 1.26 1.26 1.26 1.26 1.26 1.26 1.26 1.26 1.26 1.26
1958.00 1.93 1.93 1.93 1.93 1.93 1.93 1.93 1.93 1.93 1.93 1.93 1.93 1.93 1.93 1.93 1.93 1.93 1.93 1.93 1.93 1.93 1.93 1.93
1959.00 3.06 3.06 3.06 3.06 3.06 3.06 3.06 3.06 3.06 3.06 3.06 3.06 3.06 3.06 3.06 3.06 3.06 3.06 3.06 3.06 3.06 3.06 3.06
1960.00 2.08 2.08 2.08 2.08 2.08 2.08 2.08 2.08 2.08 2.08 2.08 2.08 2.08 2.08 2.08 2.08 2.08 2.08 2.08 2.08 2.08 2.08 2.08
1961.00 -0.42 -0.42 -0.42 -0.42 -0.42 -0.42 -0.42 -0.42 -0.42 -0.42 -0.42 -0.42 -0.42 -0.42 -0.42 -0.42 -0.42 -0.42 -0.42 -0.42 -0.42 -0.42 -0.42
1962.00 -1.41 -1.41 -1.41 -1.41 -1.41 -1.41 -1.41 -1.41 -1.41 -1.41 -1.41 -1.41 -1.41 -1.41 -1.41 -1.41 -1.41 -1.41 -1.41 -1.41 -1.41 -1.41 -1.41
1963.00 -0.50 -0.50 -0.50 -0.50 -0.50 -0.50 -0.50 -0.50 -0.50 -0.50 -0.50 -0.50 -0.50 -0.50 -0.50 -0.50 -0.50 -0.50 -0.50 -0.50 -0.50 -0.50 -0.50
1964.00 1.26 1.26 1.26 1.26 1.26 1.26 1.26 1.26 1.26 1.26 1.26 1.26 1.26 1.26 1.26 1.26 1.26 1.26 1.26 1.26 1.26 1.26 1.26
1965.00 2.27 2.27 2.27 2.27 2.27 2.27 2.27 2.27 2.27 2.27 2.27 2.27 2.27 2.27 2.27 2.27 2.27 2.27 2.27 2.27 2.27 2.27 2.27
1966.00 2.37 2.37 2.37 2.37 2.37 2.37 2.37 2.37 2.37 2.37 2.37 2.37 2.37 2.37 2.37 2.37 2.37 2.37 2.37 2.37 2.37 2.37 2.37
1967.00 0.78 0.78 0.78 0.78 0.78 0.78 0.78 0.78 0.78 0.78 0.78 0.78 0.78 0.78 0.78 0.78 0.78 0.78 0.78 0.78 0.78 0.78 0.78
1968.00 -0.50 -0.50 -0.50 -0.50 -0.50 -0.50 -0.50 -0.50 -0.50 -0.50 -0.50 -0.50 -0.50 -0.50 -0.50 -0.50 -0.50 -0.50 -0.50 -0.50 -0.50 -0.50 -0.50
1969.00 -0.52 -0.52 -0.52 -0.52 -0.52 -0.52 -0.52 -0.52 -0.52 -0.52 -0.52 -0.52 -0.52 -0.52 -0.52 -0.52 -0.52 -0.52 -0.52 -0.52 -0.52 -0.52 -0.52
1970.00 121.29 121.29 121.29 121.29 121.29 121.29 121.29 121.29 121.29 121.29 121.29 121.29 121.29 121.29 121.29 121.29 121.29 121.29 121.29 121.29 121.29 121.29 121.29
1971.00 123.03 123.03 123.03 123.03 123.03 123.03 123.03 123.03 123.03 123.03 123.03 123.03 123.03 123.03 123.03 123.03 123.03 123.03 123.03 123.03 123.03 123.03 123.03
1972.00 129.87 129.87 129.87 129.87 129.87 129.87 129.87 129.87 129.87 129.87 129.87 129.87 129.87 129.87 129.87 129.87 129.87 129.87 129.87 129.87 129.87 129.87 129.87
1973.00 125.93 125.93 125.93 125.93 125.93 125.93 125.93 125.93 125.93 125.93 125.93 125.93 125.93 125.93 125.93 125.93 125.93 125.93 125.93 125.93 125.93 125.93 125.93
1974.00 130.66 130.66 130.66 130.66 130.66 130.66 130.66 130.66 130.66 130.66 130.66 130.66 130.66 130.66 130.66 130.66 130.66 130.66 130.66 130.66 130.66 130.66 130.66
1975.00 150.31 150.31 150.31 150.31 150.31 150.31 150.31 150.31 150.31 150.31 150.31 150.31 150.31 150.31 150.31 150.31 150.31 150.31 150.31 150.31 150.31 150.31 150.31
1976.00 164.52 164.52 164.52 164.52 164.52 164.52 164.52 164.52 164.52 164.52 164.52 164.52 164.52 164.52 164.52 164.52 164.52 164.52 164.52 164.52 164.52 164.52 164.52
1977.00 159.15 159.15 159.15 159.15 159.15 159.15 159.15 159.15 159.15 159.15 159.15 159.15 159.15 159.15 159.15 159.15 159.15 159.15 159.15 159.15 159.15 159.15 159.15
1978.00 143.77 143.77 143.77 143.77 143.77 143.77 143.77 143.77 143.77 143.77 143.77 143.77 143.77 143.77 143.77 143.77 143.77 143.77 143.77 143.77 143.77 143.77 143.77
1979.00 138.13 138.13 138.13 138.13 138.13 138.13 138.13 138.13 138.13 138.13 138.13 138.13 138.13 138.13 138.13 138.13 138.13 138.13 138.13 138.13 138.13 138.13 138.13
1980.00 134.19 134.19 134.19 134.19 134.19 134.19 134.19 134.19 134.19 134.19 134.19 134.19 134.19 134.19 134.19 134.19 134.19 134.19 134.19 134.19 134.19 134.19 134.19
1981.00 143.96 143.96 143.96 143.96 143.96 143.96 143.96 143.96 143.96 143.96 143.96 143.96 143.96 143.96 143.96 143.96 143.96 143.96 143.96 143.96 143.96 143.96 143.96
1982.00 148.24 148.24 148.24 148.24 148.24 148.24 148.24 148.24 148.24 148.24 148.24 148.24 148.24 148.24 148.24 148.24 148.24 148.24 148.24 148.24 148.24 148.24 148.24
1983.00 146.75 146.75 146.75 146.75 146.75 146.75 146.75 146.75 146.75 146.75 146.75 146.75 146.75 146.75 146.75 146.75 146.75 146.75 146.75 146.75 146.75 146.75 146.75
1984.00 133.66 133.66 133.66 133.66 133.66 133.66 133.66 133.66 133.66 133.66 133.66 133.66 133.66 133.66 133.66 133.66 133.66 133.66 133.66 133.66 133.66 133.66 133.66
1985.00 128.93 128.93 128.93 128.93 128.93 128.93 128.93 128.93 128.93 128.93 128.93 128.93 128.93 128.93 128.93 128.93 128.93 128.93 128.93 128.93 128.93 128.93 128.93
1986.00 126.12 126.12 126.12 126.12 126.12 126.12 126.12 126.12 126.12 126.12 126.12 126.12 126.12 126.12 126.12 126.12 126.12 126.12 126.12 126.12 126.12 126.12 126.12
1987.00 110.58 110.58 110.58 110.58 110.58 110.58 110.58 110.58 110.58 110.58 110.58 110.58 110.58 110.58 110.58 110.58 110.58 110.58 110.58 110.58 110.58 110.58 110.58
1988.00 62.42 64.64 66.86 69.09 71.31 73.53 75.75 77.98 80.20 82.42 84.64 86.87 89.09 91.31 93.53 95.76 97.98 100.20 102.42 104.65 106.87 109.09 111.31
1989.00 57.20 59.34 61.48 63.62 65.75 67.89 70.03 72.17 74.31 76.44 78.58 80.72 82.86 84.99 87.13 89.27 91.41 93.55 95.68 97.82 99.96 102.10 104.24
1990.00 52.59 54.63 56.68 58.73 60.78 62.83 64.87 66.92 68.97 71.02 73.07 75.11 77.16 79.21 81.26 83.31 85.35 87.40 89.45 91.50 93.55 95.59 97.64
1991.00 51.16 53.16 55.16 57.16 59.17 61.17 63.17 65.17 67.17 69.17 71.18 73.18 75.18 77.18 79.18 81.18 83.18 85.19 87.19 89.19 91.19 93.19 95.19
1992.00 52.75 54.73 56.71 58.69 60.67 62.65 64.63 66.61 68.59 70.56 72.54 74.52 76.50 78.48 80.46 82.44 84.42 86.40 88.37 90.35 92.33 94.31 96.29
1993.00 53.41 55.37 57.32 59.27 61.22 63.17 65.12 67.07 69.02 70.97 72.92 74.87 76.82 78.77 80.72 82.67 84.62 86.57 88.52 90.47 92.42 94.37 96.32
1994.00 53.08 55.00 56.92 58.84 60.76 62.68 64.61 66.53 68.45 70.37 72.29 74.21 76.13 78.05 79.98 81.90 83.82 85.74 87.66 89.58 91.50 93.42 95.35
1995.00 51.79 53.71 55.64 57.56 59.48 61.40 63.32 65.24 67.16 69.09 71.01 72.93 74.85 76.77 78.69 80.61 82.54 84.46 86.38 88.30 90.22 92.14 94.06
1996.00 49.24 51.12 53.00 54.88 56.76 58.64 60.52 62.40 64.28 66.16 68.04 69.92 71.80 73.68 75.56 77.44 79.32 81.20 83.08 84.96 86.84 88.72 90.60
1997.00 48.85 50.73 52.60 54.47 56.35 58.22 60.10 61.97 63.84 65.72 67.59 69.46 71.34 73.21 75.09 76.96 78.83 80.71 82.58 84.45 86.33 88.20 90.08
1998.00 49.09 50.94 52.78 54.63 56.48 58.32 60.17 62.02 63.86 65.71 67.56 69.41 71.25 73.10 74.95 76.79 78.64 80.49 82.33 84.18 86.03 87.87 89.72
1999.00 47.69 49.48 51.26 53.05 54.83 56.62 58.41 60.19 61.98 63.76 65.55 67.34 69.12 70.91 72.69 74.48 76.26 78.05 79.84 81.62 83.41 85.19 86.98
2000.00 44.20 45.88 47.57 49.25 50.93 52.62 54.30 55.98 57.67 59.35 61.03 62.72 64.40 66.08 67.77 69.45 71.13 72.82 74.50 76.18 77.86 79.55 81.23
2001.00 43.58 45.21 46.83 48.46 50.08 51.71 53.33 54.96 56.58 58.21 59.83 61.46 63.08 64.71 66.33 67.96 69.58 71.21 72.83 74.46 76.08 77.71 79.33
2002.00 43.70 45.29 46.88 48.47 50.06 51.65 53.24 54.83 56.42 58.01 59.60 61.19 62.78 64.37 65.96 67.55 69.14 70.73 72.32 73.91 75.50 77.09 78.68
2003.00 42.94 44.50 46.06 47.63 49.19 50.75 52.31 53.88 55.44 57.00 58.56 60.12 61.69 63.25 64.81 66.37 67.93 69.50 71.06 72.62 74.18 75.74 77.31
2004.00 38.83 40.29 41.75 43.20 44.66 46.12 47.58 49.04 50.50 51.96 53.42 54.88 56.34 57.79 59.25 60.71 62.17 63.63 65.09 66.55 68.01 69.47 70.93
2005.00 37.08 38.51 39.94 41.38 42.81 44.25 45.68 47.11 48.55 49.98 51.42 52.85 54.28 55.72 57.15 58.59 60.02 61.45 62.89 64.32 65.76 67.19 68.62
2006.00 34.24 35.64 37.04 38.44 39.84 41.23 42.63 44.03 45.43 46.83 48.22 49.62 51.02 52.42 53.82 55.22 56.61 58.01 59.41 60.81 62.21 63.60 65.00
2007.00 33.86 35.21 36.57 37.93 39.28 40.64 42.00 43.35 44.71 46.07 47.42 48.78 50.14 51.49 52.85 54.21 55.56 56.92 58.28 59.63 60.99 62.35 63.70
2008.00 34.09 35.36 36.63 37.89 39.16 40.42 41.69 42.96 44.22 45.49 46.75 48.02 49.29 50.55 51.82 53.09 54.35 55.62 56.88 58.15 59.42 60.68 61.95
2009.00 33.52 34.73 35.93 37.13 38.34 39.54 40.74 41.95 43.15 44.35 45.56 46.76 47.96 49.17 50.37 51.57 52.77 53.98 55.18 56.38 57.59 58.79 59.99
2010.00 30.10 31.19 32.28 33.37 34.46 35.55 36.64 37.73 38.81 39.90 40.99 42.08 43.17 44.26 45.35 46.44 47.53 48.62 49.71 50.80 51.89 52.98 54.07
2011.00 28.19 29.24 30.30 31.35 32.40 33.46 34.51 35.57 36.62 37.68 38.73 39.79 40.84 41.89 42.95 44.00 45.06 46.11 47.17 48.22 49.28 50.33 51.38
2012.00 26.79 27.81 28.83 29.85 30.87 31.89 32.91 33.93 34.95 35.97 36.99 38.01 39.03 40.05 41.07 42.09 43.11 44.13 45.15 46.17 47.19 48.21 49.23
2013.00 24.14 25.12 26.10 27.08 28.07 29.05 30.03 31.01 32.00 32.98 33.96 34.94 35.93 36.91 37.89 38.88 39.86 40.84 41.82 42.81 43.79 44.77 45.75
2014.00 23.47 24.41 25.35 26.29 27.23 28.16 29.10 30.04 30.98 31.92 32.85 33.79 34.73 35.67 36.61 37.54 38.48 39.42 40.36 41.30 42.23 43.17 44.11
2015.00 23.75 24.68 25.61 26.54 27.47 28.40 29.33 30.27 31.20 32.13 33.06 33.99 34.92 35.85 36.78 37.71 38.65 39.58 40.51 41.44 42.37 43.30 44.23
2016.00 23.63 24.53 25.44 26.35 27.25 28.16 29.06 29.97 30.88 31.78 32.69 33.60 34.50 35.41 36.31 37.22 38.13 39.03 39.94 40.85 41.75 42.66 43.56
2017.00 22.12 22.99 23.87 24.75 25.62 26.50 27.38 28.25 29.13 30.00 30.88 31.76 32.63 33.51 34.38 35.26 36.14 37.01 37.89 38.76 39.64 40.52 41.39
2018.00 -4.37 -4.37 -4.37 -4.37 -4.37 -4.37 -4.37 -4.37 -4.37 -4.37 -4.37 -4.37 -4.37 -4.37 -4.37 -4.37 -4.37 -4.37 -4.37 -4.37 -4.37 -4.37 -4.37
2019.00 -4.10 -4.10 -4.10 -4.10 -4.10 -4.10 -4.10 -4.10 -4.10 -4.10 -4.10 -4.10 -4.10 -4.10 -4.10 -4.10 -4.10 -4.10 -4.10 -4.10 -4.10 -4.10 -4.10
2020.00 -4.68 -4.68 -4.68 -4.68 -4.68 -4.68 -4.68 -4.68 -4.68 -4.68 -4.68 -4.68 -4.68 -4.68 -4.68 -4.68 -4.68 -4.68 -4.68 -4.68 -4.68 -4.68 -4.68
2021.00 -4.59 -4.59 -4.59 -4.59 -4.59 -4.59 -4.59 -4.59 -4.59 -4.59 -4.59 -4.59 -4.59 -4.59 -4.59 -4.59 -4.59 -4.59 -4.59 -4.59 -4.59 -4.59 -4.59
2022.00 -5.03 -5.03 -5.03 -5.03 -5.03 -5.03 -5.03 -5.03 -5.03 -5.03 -5.03 -5.03 -5.03 -5.03 -5.03 -5.03 -5.03 -5.03 -5.03 -5.03 -5.03 -5.03 -5.03
2023.00 -6.28 -6.28 -6.28 -6.28 -6.28 -6.28 -6.28 -6.28 -6.28 -6.28 -6.28 -6.28 -6.28 -6.28 -6.28 -6.28 -6.28 -6.28 -6.28 -6.28 -6.28 -6.28 -6.28
2024.00 -7.00 -7.00 -7.00 -7.00 -7.00 -7.00 -7.00 -7.00 -7.00 -7.00 -7.00 -7.00 -7.00 -7.00 -7.00 -7.00 -7.00 -7.00 -7.00 -7.00 -7.00 -7.00 -7.00
2025.00 -5.73 -5.73 -5.73 -5.73 -5.73 -5.73 -5.73 -5.73 -5.73 -5.73 -5.73 -5.73 -5.73 -5.73 -5.73 -5.73 -5.73 -5.73 -5.73 -5.73 -5.73 -5.73 -5.73
2026.00 -4.20 -4.20 -4.20 -4.20 -4.20 -4.20 -4.20 -4.20 -4.20 -4.20 -4.20 -4.20 -4.20 -4.20 -4.20 -4.20 -4.20 -4.20 -4.20 -4.20 -4.20 -4.20 -4.20
2027.00 -3.38 -3.38 -3.38 -3.38 -3.38 -3.38 -3.38 -3.38 -3.38 -3.38 -3.38 -3.38 -3.38 -3.38 -3.38 -3.38 -3.38 -3.38 -3.38 -3.38 -3.38 -3.38 -3.38
2028.00 -3.21 -3.21 -3.21 -3.21 -3.21 -3.21 -3.21 -3.21 -3.21 -3.21 -3.21 -3.21 -3.21 -3.21 -3.21 -3.21 -3.21 -3.21 -3.21 -3.21 -3.21 -3.21 -3.21
2029.00 -3.07 -3.07 -3.07 -3.07 -3.07 -3.07 -3.07 -3.07 -3.07 -3.07 -3.07 -3.07 -3.07 -3.07 -3.07 -3.07 -3.07 -3.07 -3.07 -3.07 -3.07 -3.07 -3.07
2030.00 -2.73 -2.73 -2.73 -2.73 -2.73 -2.73 -2.73 -2.73 -2.73 -2.73 -2.73 -2.73 -2.73 -2.73 -2.73 -2.73 -2.73 -2.73 -2.73 -2.73 -2.73 -2.73 -2.73
2031.00 -2.89 -2.89 -2.89 -2.89 -2.89 -2.89 -2.89 -2.89 -2.89 -2.89 -2.89 -2.89 -2.89 -2.89 -2.89 -2.89 -2.89 -2.89 -2.89 -2.89 -2.89 -2.89 -2.89
2032.00 -2.04 -2.04 -2.04 -2.04 -2.04 -2.04 -2.04 -2.04 -2.04 -2.04 -2.04 -2.04 -2.04 -2.04 -2.04 -2.04 -2.04 -2.04 -2.04 -2.04 -2.04 -2.04 -2.04
2033.00 -1.28 -1.28 -1.28 -1.28 -1.28 -1.28 -1.28 -1.28 -1.28 -1.28 -1.28 -1.28 -1.28 -1.28 -1.28 -1.28 -1.28 -1.28 -1.28 -1.28 -1.28 -1.28 -1.28
2034.00 -1.15 -1.15 -1.15 -1.15 -1.15 -1.15 -1.15 -1.15 -1.15 -1.15 -1.15 -1.15 -1.15 -1.15 -1.15 -1.15 -1.15 -1.15 -1.15 -1.15 -1.15 -1.15 -1.15
2035.00 0.08 0.08 0.08 0.08 0.08 0.08 0.08 0.08 0.08 0.08 0.08 0.08 0.08 0.08 0.08 0.08 0.08 0.08 0.08 0.08 0.08 0.08 0.08
2036.00 0.86 0.86 0.86 0.86 0.86 0.86 0.86 0.86 0.86 0.86 0.86 0.86 0.86 0.86 0.86 0.86 0.86 0.86 0.86 0.86 0.86 0.86 0.86
2037.00 1.03 1.03 1.03 1.03 1.03 1.03 1.03 1.03 1.03 1.03 1.03 1.03 1.03 1.03 1.03 1.03 1.03 1.03 1.03 1.03 1.03 1.03 1.03
2038.00 1.04 1.04 1.04 1.04 1.04 1.04 1.04 1.04 1.04 1.04 1.04 1.04 1.04 1.04 1.04 1.04 1.04 1.04 1.04 1.04 1.04 1.04 1.04
2039.00 0.97 0.97 0.97 0.97 0.97 0.97 0.97 0.97 0.97 0.97 0.97 0.97 0.97 0.97 0.97 0.97 0.97 0.97 0.97 0.97 0.97 0.97 0.97
2040.00 1.27 1.27 1.27 1.27 1.27 1.27 1.27 1.27 1.27 1.27 1.27 1.27 1.27 1.27 1.27 1.27 1.27 1.27 1.27 1.27 1.27 1.27 1.27
2041.00 1.33 1.33 1.33 1.33 1.33 1.33 1.33 1.33 1.33 1.33 1.33 1.33 1.33 1.33 1.33 1.33 1.33 1.33 1.33 1.33 1.33 1.33 1.33
2042.00 1.40 1.40 1.40 1.40 1.40 1.40 1.40 1.40 1.40 1.40 1.40 1.40 1.40 1.40 1.40 1.40 1.40 1.40 1.40 1.40 1.40 1.40 1.40
2043.00 1.40 1.40 1.40 1.40 1.40 1.40 1.40 1.40 1.40 1.40 1.40 1.40 1.40 1.40 1.40 1.40 1.40 1.40 1.40 1.40 1.40 1.40 1.40
2044.00 1.20 1.20 1.20 1.20 1.20 1.20 1.20 1.20 1.20 1.20 1.20 1.20 1.20 1.20 1.20 1.20 1.20 1.20 1.20 1.20 1.20 1.20 1.20
2045.00 0.82 0.82 0.82 0.82 0.82 0.82 0.82 0.82 0.82 0.82 0.82 0.82 0.82 0.82 0.82 0.82 0.82 0.82 0.82 0.82 0.82 0.82 0.82
2046.00 0.70 0.70 0.70 0.70 0.70 0.70 0.70 0.70 0.70 0.70 0.70 0.70 0.70 0.70 0.70 0.70 0.70 0.70 0.70 0.70 0.70 0.70 0.70
2047.00 0.71 0.71 0.71 0.71 0.71 0.71 0.71 0.71 0.71 0.71 0.71 0.71 0.71 0.71 0.71 0.71 0.71 0.71 0.71 0.71 0.71 0.71 0.71
2048.00 0.77 0.77 0.77 0.77 0.77 0.77 0.77 0.77 0.77 0.77 0.77 0.77 0.77 0.77 0.77 0.77 0.77 0.77 0.77 0.77 0.77 0.77 0.77
2049.00 0.69 0.69 0.69 0.69 0.69 0.69 0.69 0.69 0.69 0.69 0.69 0.69 0.69 0.69 0.69 0.69 0.69 0.69 0.69 0.69 0.69 0.69 0.69
2050.00 0.65 0.65 0.65 0.65 0.65 0.65 0.65 0.65 0.65 0.65 0.65 0.65 0.65 0.65 0.65 0.65 0.65 0.65 0.65 0.65 0.65 0.65 0.65
2051.00 0.84 0.84 0.84 0.84 0.84 0.84 0.84 0.84 0.84 0.84 0.84 0.84 0.84 0.84 0.84 0.84 0.84 0.84 0.84 0.84 0.84 0.84 0.84
2052.00 0.70 0.70 0.70 0.70 0.70 0.70 0.70 0.70 0.70 0.70 0.70 0.70 0.70 0.70 0.70 0.70 0.70 0.70 0.70 0.70 0.70 0.70 0.70
2053.00 0.72 0.72 0.72 0.72 0.72 0.72 0.72 0.72 0.72 0.72 0.72 0.72 0.72 0.72 0.72 0.72 0.72 0.72 0.72 0.72 0.72 0.72 0.72
2054.00 0.88 0.88 0.88 0.88 0.88 0.88 0.88 0.88 0.88 0.88 0.88 0.88 0.88 0.88 0.88 0.88 0.88 0.88 0.88 0.88 0.88 0.88 0.88
2055.00 0.85 0.85 0.85 0.85 0.85 0.85 0.85 0.85 0.85 0.85 0.85 0.85 0.85 0.85 0.85 0.85 0.85 0.85 0.85 0.85 0.85 0.85 0.85
2056.00 0.58 0.58 0.58 0.58 0.58 0.58 0.58 0.58 0.58 0.58 0.58 0.58 0.58 0.58 0.58 0.58 0.58 0.58 0.58 0.58 0.58 0.58 0.58
2057.00 0.42 0.42 0.42 0.42 0.42 0.42 0.42 0.42 0.42 0.42 0.42 0.42 0.42 0.42 0.42 0.42 0.42 0.42 0.42 0.42 0.42 0.42 0.42
2058.00 0.72 0.72 0.72 0.72 0.72 0.72 0.72 0.72 0.72 0.72 0.72 0.72 0.72 0.72 0.72 0.72 0.72 0.72 0.72 0.72 0.72 0.72 0.72
2059.00 1.01 1.01 1.01 1.01 1.01 1.01 1.01 1.01 1.01 1.01 1.01 1.01 1.01 1.01 1.01 1.01 1.01 1.01 1.01 1.01 1.01 1.01 1.01
2060.00 1.28 1.28 1.28 1.28 1.28 1.28 1.28 1.28 1.28 1.28 1.28 1.28 1.28 1.28 1.28 1.28 1.28 1.28 1.28 1.28 1.28 1.28 1.28
2061.00 1.32 1.32 1.32 1.32 1.32 1.32 1.32 1.32 1.32 1.32 1.32 1.32 1.32 1.32 1.32 1.32 1.32 1.32 1.32 1.32 1.32 1.32 1.32
2062.00 1.39 1.39 1.39 1.39 1.39 1.39 1.39 1.39 1.39 1.39 1.39 1.39 1.39 1.39 1.39 1.39 1.39 1.39 1.39 1.39 1.39 1.39 1.39
2063.00 1.23 1.23 1.23 1.23 1.23 1.23 1.23 1.23 1.23 1.23 1.23 1.23 1.23 1.23 1.23 1.23 1.23 1.23 1.23 1.23 1.23 1.23 1.23
2064.00 1.32 1.32 1.32 1.32 1.32 1.32 1.32 1.32 1.32 1.32 1.32 1.32 1.32 1.32 1.32 1.32 1.32 1.32 1.32 1.32 1.32 1.32 1.32
2065.00 1.51 1.51 1.51 1.51 1.51 1.51 1.51 1.51 1.51 1.51 1.51 1.51 1.51 1.51 1.51 1.51 1.51 1.51 1.51 1.51 1.51 1.51 1.51
