# yearspad, alpred
# [0.6  0.62 0.64 0.66 0.68 0.7  0.72 0.74 0.76 0.78 0.8  0.82 0.84 0.86
#  0.88 0.9  0.92 0.94 0.96 0.98 1.   1.02 1.04]
1922.00 5.50 5.50 5.50 5.50 5.50 5.50 5.50 5.50 5.50 5.50 5.50 5.50 5.50 5.50 5.50 5.50 5.50 5.50 5.50 5.50 5.50 5.50 5.50
1923.00 5.26 5.26 5.26 5.26 5.26 5.26 5.26 5.26 5.26 5.26 5.26 5.26 5.26 5.26 5.26 5.26 5.26 5.26 5.26 5.26 5.26 5.26 5.26
1924.00 4.91 4.91 4.91 4.91 4.91 4.91 4.91 4.91 4.91 4.91 4.91 4.91 4.91 4.91 4.91 4.91 4.91 4.91 4.91 4.91 4.91 4.91 4.91
1925.00 4.67 4.67 4.67 4.67 4.67 4.67 4.67 4.67 4.67 4.67 4.67 4.67 4.67 4.67 4.67 4.67 4.67 4.67 4.67 4.67 4.67 4.67 4.67
1926.00 4.02 4.02 4.02 4.02 4.02 4.02 4.02 4.02 4.02 4.02 4.02 4.02 4.02 4.02 4.02 4.02 4.02 4.02 4.02 4.02 4.02 4.02 4.02
1927.00 3.54 3.54 3.54 3.54 3.54 3.54 3.54 3.54 3.54 3.54 3.54 3.54 3.54 3.54 3.54 3.54 3.54 3.54 3.54 3.54 3.54 3.54 3.54
1928.00 2.95 2.95 2.95 2.95 2.95 2.95 2.95 2.95 2.95 2.95 2.95 2.95 2.95 2.95 2.95 2.95 2.95 2.95 2.95 2.95 2.95 2.95 2.95
1929.00 2.26 2.26 2.26 2.26 2.26 2.26 2.26 2.26 2.26 2.26 2.26 2.26 2.26 2.26 2.26 2.26 2.26 2.26 2.26 2.26 2.26 2.26 2.26
1930.00 1.20 1.20 1.20 1.20 1.20 1.20 1.20 1.20 1.20 1.20 1.20 1.20 1.20 1.20 1.20 1.20 1.20 1.20 1.20 1.20 1.20 1.20 1.20
1931.00 0.51 0.51 0.51 0.51 0.51 0.51 0.51 0.51 0.51 0.51 0.51 0.51 0.51 0.51 0.51 0.51 0.51 0.51 0.51 0.51 0.51 0.51 0.51
1932.00 -0.35 -0.35 -0.35 -0.35 -0.35 -0.35 -0.35 -0.35 -0.35 -0.35 -0.35 -0.35 -0.35 -0.35 -0.35 -0.35 -0.35 -0.35 -0.35 -0.35 -0.35 -0.35 -0.35
1933.00 -0.87 -0.87 -0.87 -0.87 -0.87 -0.87 -0.87 -0.87 -0.87 -0.87 -0.87 -0.87 -0.87 -0.87 -0.87 -0.87 -0.87 -0.87 -0.87 -0.87 -0.87 -0.87 -0.87
1934.00 -1.70 -1.70 -1.70 -1.70 -1.70 -1.70 -1.70 -1.70 -1.70 -1.70 -1.70 -1.70 -1.70 -1.70 -1.70 -1.70 -1.70 -1.70 -1.70 -1.70 -1.70 -1.70 -1.70
1935.00 -2.58 -2.58 -2.58 -2.58 -2.58 -2.58 -2.58 -2.58 -2.58 -2.58 -2.58 -2.58 -2.58 -2.58 -2.58 -2.58 -2.58 -2.58 -2.58 -2.58 -2.58 -2.58 -2.58
1936.00 -3.71 -3.71 -3.71 -3.71 -3.71 -3.71 -3.71 -3.71 -3.71 -3.71 -3.71 -3.71 -3.71 -3.71 -3.71 -3.71 -3.71 -3.71 -3.71 -3.71 -3.71 -3.71 -3.71
1937.00 -5.00 -5.00 -5.00 -5.00 -5.00 -5.00 -5.00 -5.00 -5.00 -5.00 -5.00 -5.00 -5.00 -5.00 -5.00 -5.00 -5.00 -5.00 -5.00 -5.00 -5.00 -5.00 -5.00
1938.00 -6.09 -6.09 -6.09 -6.09 -6.09 -6.09 -6.09 -6.09 -6.09 -6.09 -6.09 -6.09 -6.09 -6.09 -6.09 -6.09 -6.09 -6.09 -6.09 -6.09 -6.09 -6.09 -6.09
1939.00 -6.81 -6.81 -6.81 -6.81 -6.81 -6.81 -6.81 -6.81 -6.81 -6.81 -6.81 -6.81 -6.81 -6.81 -6.81 -6.81 -6.81 -6.81 -6.81 -6.81 -6.81 -6.81 -6.81
1940.00 -8.10 -8.10 -8.10 -8.10 -8.10 -8.10 -8.10 -8.10 -8.10 -8.10 -8.10 -8.10 -8.10 -8.10 -8.10 -8.10 -8.10 -8.10 -8.10 -8.10 -8.10 -8.10 -8.10
1941.00 -8.88 -8.88 -8.88 -8.88 -8.88 -8.88 -8.88 -8.88 -8.88 -8.88 -8.88 -8.88 -8.88 -8.88 -8.88 -8.88 -8.88 -8.88 -8.88 -8.88 -8.88 -8.88 -8.88
1942.00 -9.85 -9.85 -9.85 -9.85 -9.85 -9.85 -9.85 -9.85 -9.85 -9.85 -9.85 -9.85 -9.85 -9.85 -9.85 -9.85 -9.85 -9.85 -9.85 -9.85 -9.85 -9.85 -9.85
1943.00 -10.59 -10.59 -10.59 -10.59 -10.59 -10.59 -10.59 -10.59 -10.59 -10.59 -10.59 -10.59 -10.59 -10.59 -10.59 -10.59 -10.59 -10.59 -10.59 -10.59 -10.59 -10.59 -10.59
1944.00 -11.57 -11.57 -11.57 -11.57 -11.57 -11.57 -11.57 -11.57 -11.57 -11.57 -11.57 -11.57 -11.57 -11.57 -11.57 -11.57 -11.57 -11.57 -11.57 -11.57 -11.57 -11.57 -11.57
1945.00 -11.91 -11.91 -11.91 -11.91 -11.91 -11.91 -11.91 -11.91 -11.91 -11.91 -11.91 -11.91 -11.91 -11.91 -11.91 -11.91 -11.91 -11.91 -11.91 -11.91 -11.91 -11.91 -11.91
1946.00 -12.91 -12.91 -12.91 -12.91 -12.91 -12.91 -12.91 -12.91 -12.91 -12.91 -12.91 -12.91 -12.91 -12.91 -12.91 -12.91 -12.91 -12.91 -12.91 -12.91 -12.91 -12.91 -12.91
1947.00 -13.79 -13.79 -13.79 -13.79 -13.79 -13.79 -13.79 -13.79 -13.79 -13.79 -13.79 -13.79 -13.79 -13.79 -13.79 -13.79 -13.79 -13.79 -13.79 -13.79 -13.79 -13.79 -13.79
1948.00 -15.32 -15.32 -15.32 -15.32 -15.32 -15.32 -15.32 -15.32 -15.32 -15.32 -15.32 -15.32 -15.32 -15.32 -15.32 -15.32 -15.32 -15.32 -15.32 -15.32 -15.32 -15.32 -15.32
1949.00 -15.97 -15.97 -15.97 -15.97 -15.97 -15.97 -15.97 -15.97 -15.97 -15.97 -15.97 -15.97 -15.97 -15.97 -15.97 -15.97 -15.97 -15.97 -15.97 -15.97 -15.97 -15.97 -15.97
1950.00 -16.80 -16.80 -16.80 -16.80 -16.80 -16.80 -16.80 -16.80 -16.80 -16.80 -16.80 -16.80 -16.80 -16.80 -16.80 -16.80 -16.80 -16.80 -16.80 -16.80 -16.80 -16.80 -16.80
1951.00 -17.35 -17.35 -17.35 -17.35 -17.35 -17.35 -17.35 -17.35 -17.35 -17.35 -17.35 -17.35 -17.35 -17.35 -17.35 -17.35 -17.35 -17.35 -17.35 -17.35 -17.35 -17.35 -17.35
1952.00 -17.86 -17.86 -17.86 -17.86 -17.86 -17.86 -17.86 -17.86 -17.86 -17.86 -17.86 -17.86 -17.86 -17.86 -17.86 -17.86 -17.86 -17.86 -17.86 -17.86 -17.86 -17.86 -17.86
1953.00 -18.60 -18.60 -18.60 -18.60 -18.60 -18.60 -18.60 -18.60 -18.60 -18.60 -18.60 -18.60 -18.60 -18.60 -18.60 -18.60 -18.60 -18.60 -18.60 -18.60 -18.60 -18.60 -18.60
1954.00 -19.77 -19.77 -19.77 -19.77 -19.77 -19.77 -19.77 -19.77 -19.77 -19.77 -19.77 -19.77 -19.77 -19.77 -19.77 -19.77 -19.77 -19.77 -19.77 -19.77 -19.77 -19.77 -19.77
1955.00 -20.84 -20.84 -20.84 -20.84 -20.84 -20.84 -20.84 -20.84 -20.84 -20.84 -20.84 -20.84 -20.84 -20.84 -20.84 -20.84 -20.84 -20.84 -20.84 -20.84 -20.84 -20.84 -20.84
1956.00 -21.66 -21.66 -21.66 -21.66 -21.66 -21.66 -21.66 -21.66 -21.66 -21.66 -21.66 -21.66 -21.66 -21.66 -21.66 -21.66 -21.66 -21.66 -21.66 -21.66 -21.66 -21.66 -21.66
1957.00 -22.37 -22.37 -22.37 -22.37 -22.37 -22.37 -22.37 -22.37 -22.37 -22.37 -22.37 -22.37 -22.37 -22.37 -22.37 -22.37 -22.37 -22.37 -22.37 -22.37 -22.37 -22.37 -22.37
1958.00 -22.98 -22.98 -22.98 -22.98 -22.98 -22.98 -22.98 -22.98 -22.98 -22.98 -22.98 -22.98 -22.98 -22.98 -22.98 -22.98 -22.98 -22.98 -22.98 -22.98 -22.98 -22.98 -22.98
1959.00 -23.76 -23.76 -23.76 -23.76 -23.76 -23.76 -23.76 -23.76 -23.76 -23.76 -23.76 -23.76 -23.76 -23.76 -23.76 -23.76 -23.76 -23.76 -23.76 -23.76 -23.76 -23.76 -23.76
1960.00 -24.29 -24.29 -24.29 -24.29 -24.29 -24.29 -24.29 -24.29 -24.29 -24.29 -24.29 -24.29 -24.29 -24.29 -24.29 -24.29 -24.29 -24.29 -24.29 -24.29 -24.29 -24.29 -24.29
1961.00 -24.87 -24.87 -24.87 -24.87 -24.87 -24.87 -24.87 -24.87 -24.87 -24.87 -24.87 -24.87 -24.87 -24.87 -24.87 -24.87 -24.87 -24.87 -24.87 -24.87 -24.87 -24.87 -24.87
1962.00 -25.84 -25.84 -25.84 -25.84 -25.84 -25.84 -25.84 -25.84 -25.84 -25.84 -25.84 -25.84 -25.84 -25.84 -25.84 -25.84 -25.84 -25.84 -25.84 -25.84 -25.84 -25.84 -25.84
1963.00 -27.05 -27.05 -27.05 -27.05 -27.05 -27.05 -27.05 -27.05 -27.05 -27.05 -27.05 -27.05 -27.05 -27.05 -27.05 -27.05 -27.05 -27.05 -27.05 -27.05 -27.05 -27.05 -27.05
1964.00 -28.19 -28.19 -28.19 -28.19 -28.19 -28.19 -28.19 -28.19 -28.19 -28.19 -28.19 -28.19 -28.19 -28.19 -28.19 -28.19 -28.19 -28.19 -28.19 -28.19 -28.19 -28.19 -28.19
1965.00 -29.33 -29.33 -29.33 -29.33 -29.33 -29.33 -29.33 -29.33 -29.33 -29.33 -29.33 -29.33 -29.33 -29.33 -29.33 -29.33 -29.33 -29.33 -29.33 -29.33 -29.33 -29.33 -29.33
1966.00 -30.16 -30.16 -30.16 -30.16 -30.16 -30.16 -30.16 -30.16 -30.16 -30.16 -30.16 -30.16 -30.16 -30.16 -30.16 -30.16 -30.16 -30.16 -30.16 -30.16 -30.16 -30.16 -30.16
1967.00 -30.69 -30.69 -30.69 -30.69 -30.69 -30.69 -30.69 -30.69 -30.69 -30.69 -30.69 -30.69 -30.69 -30.69 -30.69 -30.69 -30.69 -30.69 -30.69 -30.69 -30.69 -30.69 -30.69
1968.00 -31.24 -31.24 -31.24 -31.24 -31.24 -31.24 -31.24 -31.24 -31.24 -31.24 -31.24 -31.24 -31.24 -31.24 -31.24 -31.24 -31.24 -31.24 -31.24 -31.24 -31.24 -31.24 -31.24
1969.00 -31.60 -31.60 -31.60 -31.60 -31.60 -31.60 -31.60 -31.60 -31.60 -31.60 -31.60 -31.60 -31.60 -31.60 -31.60 -31.60 -31.60 -31.60 -31.60 -31.60 -31.60 -31.60 -31.60
1970.00 89.85 89.85 89.85 89.85 89.85 89.85 89.85 89.85 89.85 89.85 89.85 89.85 89.85 89.85 89.85 89.85 89.85 89.85 89.85 89.85 89.85 89.85 89.85
1971.00 95.37 95.37 95.37 95.37 95.37 95.37 95.37 95.37 95.37 95.37 95.37 95.37 95.37 95.37 95.37 95.37 95.37 95.37 95.37 95.37 95.37 95.37 95.37
1972.00 101.09 101.09 101.09 101.09 101.09 101.09 101.09 101.09 101.09 101.09 101.09 101.09 101.09 101.09 101.09 101.09 101.09 101.09 101.09 101.09 101.09 101.09 101.09
1973.00 102.93 102.93 102.93 102.93 102.93 102.93 102.93 102.93 102.93 102.93 102.93 102.93 102.93 102.93 102.93 102.93 102.93 102.93 102.93 102.93 102.93 102.93 102.93
1974.00 108.19 108.19 108.19 108.19 108.19 108.19 108.19 108.19 108.19 108.19 108.19 108.19 108.19 108.19 108.19 108.19 108.19 108.19 108.19 108.19 108.19 108.19 108.19
1975.00 111.68 111.68 111.68 111.68 111.68 111.68 111.68 111.68 111.68 111.68 111.68 111.68 111.68 111.68 111.68 111.68 111.68 111.68 111.68 111.68 111.68 111.68 111.68
1976.00 116.22 116.22 116.22 116.22 116.22 116.22 116.22 116.22 116.22 116.22 116.22 116.22 116.22 116.22 116.22 116.22 116.22 116.22 116.22 116.22 116.22 116.22 116.22
1977.00 117.17 117.17 117.17 117.17 117.17 117.17 117.17 117.17 117.17 117.17 117.17 117.17 117.17 117.17 117.17 117.17 117.17 117.17 117.17 117.17 117.17 117.17 117.17
1978.00 122.93 122.93 122.93 122.93 122.93 122.93 122.93 122.93 122.93 122.93 122.93 122.93 122.93 122.93 122.93 122.93 122.93 122.93 122.93 122.93 122.93 122.93 122.93
1979.00 121.39 121.39 121.39 121.39 121.39 121.39 121.39 121.39 121.39 121.39 121.39 121.39 121.39 121.39 121.39 121.39 121.39 121.39 121.39 121.39 121.39 121.39 121.39
1980.00 123.13 123.13 123.13 123.13 123.13 123.13 123.13 123.13 123.13 123.13 123.13 123.13 123.13 123.13 123.13 123.13 123.13 123.13 123.13 123.13 123.13 123.13 123.13
1981.00 119.67 119.67 119.67 119.67 119.67 119.67 119.67 119.67 119.67 119.67 119.67 119.67 119.67 119.67 119.67 119.67 119.67 119.67 119.67 119.67 119.67 119.67 119.67
1982.00 119.12 119.12 119.12 119.12 119.12 119.12 119.12 119.12 119.12 119.12 119.12 119.12 119.12 119.12 119.12 119.12 119.12 119.12 119.12 119.12 119.12 119.12 119.12
1983.00 116.30 116.30 116.30 116.30 116.30 116.30 116.30 116.30 116.30 116.30 116.30 116.30 116.30 116.30 116.30 116.30 116.30 116.30 116.30 116.30 116.30 116.30 116.30
1984.00 113.02 113.02 113.02 113.02 113.02 113.02 113.02 113.02 113.02 113.02 113.02 113.02 113.02 113.02 113.02 113.02 113.02 113.02 113.02 113.02 113.02 113.02 113.02
1985.00 114.52 114.52 114.52 114.52 114.52 114.52 114.52 114.52 114.52 114.52 114.52 114.52 114.52 114.52 114.52 114.52 114.52 114.52 114.52 114.52 114.52 114.52 114.52
1986.00 116.24 116.24 116.24 116.24 116.24 116.24 116.24 116.24 116.24 116.24 116.24 116.24 116.24 116.24 116.24 116.24 116.24 116.24 116.24 116.24 116.24 116.24 116.24
1987.00 114.00 114.00 114.00 114.00 114.00 114.00 114.00 114.00 114.00 114.00 114.00 114.00 114.00 114.00 114.00 114.00 114.00 114.00 114.00 114.00 114.00 114.00 114.00
1988.00 67.06 69.27 71.48 73.69 75.90 78.11 80.31 82.52 84.73 86.94 89.15 91.36 93.57 95.78 97.99 100.20 102.41 104.62 106.83 109.04 111.25 113.46 115.67
1989.00 65.58 67.71 69.85 71.98 74.11 76.25 78.38 80.51 82.65 84.78 86.91 89.05 91.18 93.31 95.45 97.58 99.71 101.85 103.98 106.11 108.25 110.38 112.51
1990.00 63.72 65.77 67.81 69.86 71.90 73.95 75.99 78.04 80.08 82.13 84.17 86.21 88.26 90.30 92.35 94.39 96.44 98.48 100.53 102.57 104.62 106.66 108.71
1991.00 62.85 64.85 66.85 68.85 70.85 72.85 74.85 76.85 78.85 80.84 82.84 84.84 86.84 88.84 90.84 92.84 94.84 96.84 98.84 100.84 102.84 104.83 106.83
1992.00 62.47 64.44 66.42 68.39 70.37 72.34 74.32 76.29 78.27 80.24 82.22 84.19 86.17 88.14 90.11 92.09 94.06 96.04 98.01 99.99 101.96 103.94 105.91
1993.00 62.02 63.97 65.91 67.86 69.80 71.75 73.69 75.64 77.58 79.53 81.47 83.41 85.36 87.30 89.25 91.19 93.14 95.08 97.03 98.97 100.92 102.86 104.81
1994.00 61.80 63.71 65.63 67.55 69.46 71.38 73.29 75.21 77.13 79.04 80.96 82.88 84.79 86.71 88.62 90.54 92.46 94.37 96.29 98.20 100.12 102.04 103.95
1995.00 62.37 64.28 66.20 68.12 70.03 71.95 73.86 75.78 77.70 79.61 81.53 83.45 85.36 87.28 89.19 91.11 93.03 94.94 96.86 98.77 100.69 102.61 104.52
1996.00 61.91 63.79 65.66 67.54 69.41 71.29 73.17 75.04 76.92 78.79 80.67 82.54 84.42 86.29 88.17 90.05 91.92 93.80 95.67 97.55 99.42 101.30 103.17
1997.00 62.05 63.92 65.78 67.65 69.51 71.38 73.24 75.11 76.97 78.83 80.70 82.56 84.43 86.29 88.16 90.02 91.89 93.75 95.62 97.48 99.34 101.21 103.07
1998.00 61.31 63.14 64.98 66.81 68.65 70.48 72.32 74.16 75.99 77.83 79.66 81.50 83.33 85.17 87.01 88.84 90.68 92.51 94.35 96.18 98.02 99.86 101.69
1999.00 59.65 61.43 63.20 64.97 66.75 68.52 70.30 72.07 73.84 75.62 77.39 79.16 80.94 82.71 84.49 86.26 88.03 89.81 91.58 93.35 95.13 96.90 98.68
2000.00 57.14 58.81 60.49 62.16 63.83 65.50 67.17 68.84 70.51 72.18 73.85 75.53 77.20 78.87 80.54 82.21 83.88 85.55 87.22 88.89 90.57 92.24 93.91
2001.00 55.86 57.48 59.09 60.71 62.32 63.94 65.55 67.17 68.78 70.40 72.01 73.63 75.24 76.86 78.47 80.09 81.70 83.32 84.93 86.55 88.16 89.78 91.39
2002.00 55.52 57.10 58.68 60.26 61.84 63.43 65.01 66.59 68.17 69.75 71.33 72.92 74.50 76.08 77.66 79.24 80.83 82.41 83.99 85.57 87.15 88.73 90.32
2003.00 55.15 56.70 58.26 59.81 61.37 62.92 64.48 66.03 67.59 69.14 70.70 72.25 73.81 75.36 76.91 78.47 80.02 81.58 83.13 84.69 86.24 87.80 89.35
2004.00 52.93 54.38 55.83 57.28 58.73 60.18 61.63 63.08 64.53 65.98 67.43 68.88 70.33 71.77 73.22 74.67 76.12 77.57 79.02 80.47 81.92 83.37 84.82
2005.00 52.85 54.27 55.70 57.12 58.55 59.97 61.40 62.82 64.25 65.68 67.10 68.53 69.95 71.38 72.80 74.23 75.65 77.08 78.50 79.93 81.35 82.78 84.20
2006.00 52.06 53.44 54.83 56.22 57.60 58.99 60.38 61.76 63.15 64.54 65.92 67.31 68.69 70.08 71.47 72.85 74.24 75.63 77.01 78.40 79.79 81.17 82.56
2007.00 50.99 52.34 53.68 55.03 56.37 57.72 59.07 60.41 61.76 63.10 64.45 65.79 67.14 68.49 69.83 71.18 72.52 73.87 75.21 76.56 77.91 79.25 80.60
2008.00 48.31 49.56 50.81 52.07 53.32 54.57 55.83 57.08 58.33 59.59 60.84 62.10 63.35 64.60 65.86 67.11 68.36 69.62 70.87 72.13 73.38 74.63 75.89
2009.00 46.48 47.67 48.86 50.05 51.24 52.43 53.62 54.82 56.01 57.20 58.39 59.58 60.77 61.96 63.15 64.35 65.54 66.73 67.92 69.11 70.30 71.49 72.68
2010.00 43.32 44.39 45.47 46.55 47.63 48.71 49.79 50.87 51.94 53.02 54.10 55.18 56.26 57.34 58.41 59.49 60.57 61.65 62.73 63.81 64.88 65.96 67.04
2011.00 43.21 44.25 45.30 46.34 47.39 48.43 49.48 50.52 51.57 52.61 53.65 54.70 55.74 56.79 57.83 58.88 59.92 60.97 62.01 63.05 64.10 65.14 66.19
2012.00 42.49 43.50 44.51 45.52 46.53 47.54 48.55 49.56 50.57 51.58 52.59 53.60 54.61 55.62 56.63 57.64 58.65 59.66 60.67 61.68 62.69 63.70 64.71
2013.00 41.63 42.60 43.57 44.54 45.52 46.49 47.46 48.43 49.41 50.38 51.35 52.32 53.30 54.27 55.24 56.21 57.18 58.16 59.13 60.10 61.07 62.05 63.02
2014.00 39.95 40.88 41.81 42.73 43.66 44.59 45.52 46.45 47.38 48.30 49.23 50.16 51.09 52.02 52.94 53.87 54.80 55.73 56.66 57.58 58.51 59.44 60.37
2015.00 39.82 40.74 41.66 42.58 43.50 44.42 45.34 46.27 47.19 48.11 49.03 49.95 50.87 51.79 52.71 53.64 54.56 55.48 56.40 57.32 58.24 59.16 60.08
2016.00 38.75 39.65 40.54 41.44 42.34 43.23 44.13 45.03 45.92 46.82 47.72 48.61 49.51 50.41 51.30 52.20 53.10 53.99 54.89 55.78 56.68 57.58 58.47
2017.00 37.84 38.70 39.57 40.44 41.30 42.17 43.03 43.90 44.77 45.63 46.50 47.36 48.23 49.10 49.96 50.83 51.69 52.56 53.43 54.29 55.16 56.02 56.89
2018.00 11.76 11.76 11.76 11.76 11.76 11.76 11.76 11.76 11.76 11.76 11.76 11.76 11.76 11.76 11.76 11.76 11.76 11.76 11.76 11.76 11.76 11.76 11.76
2019.00 11.82 11.82 11.82 11.82 11.82 11.82 11.82 11.82 11.82 11.82 11.82 11.82 11.82 11.82 11.82 11.82 11.82 11.82 11.82 11.82 11.82 11.82 11.82
2020.00 11.21 11.21 11.21 11.21 11.21 11.21 11.21 11.21 11.21 11.21 11.21 11.21 11.21 11.21 11.21 11.21 11.21 11.21 11.21 11.21 11.21 11.21 11.21
2021.00 11.00 11.00 11.00 11.00 11.00 11.00 11.00 11.00 11.00 11.00 11.00 11.00 11.00 11.00 11.00 11.00 11.00 11.00 11.00 11.00 11.00 11.00 11.00
2022.00 10.62 10.62 10.62 10.62 10.62 10.62 10.62 10.62 10.62 10.62 10.62 10.62 10.62 10.62 10.62 10.62 10.62 10.62 10.62 10.62 10.62 10.62 10.62
2023.00 10.21 10.21 10.21 10.21 10.21 10.21 10.21 10.21 10.21 10.21 10.21 10.21 10.21 10.21 10.21 10.21 10.21 10.21 10.21 10.21 10.21 10.21 10.21
2024.00 9.66 9.66 9.66 9.66 9.66 9.66 9.66 9.66 9.66 9.66 9.66 9.66 9.66 9.66 9.66 9.66 9.66 9.66 9.66 9.66 9.66 9.66 9.66
2025.00 9.24 9.24 9.24 9.24 9.24 9.24 9.24 9.24 9.24 9.24 9.24 9.24 9.24 9.24 9.24 9.24 9.24 9.24 9.24 9.24 9.24 9.24 9.24
2026.00 8.44 8.44 8.44 8.44 8.44 8.44 8.44 8.44 8.44 8.44 8.44 8.44 8.44 8.44 8.44 8.44 8.44 8.44 8.44 8.44 8.44 8.44 8.44
2027.00 8.19 8.19 8.19 8.19 8.19 8.19 8.19 8.19 8.19 8.19 8.19 8.19 8.19 8.19 8.19 8.19 8.19 8.19 8.19 8.19 8.19 8.19 8.19
2028.00 7.85 7.85 7.85 7.85 7.85 7.85 7.85 7.85 7.85 7.85 7.85 7.85 7.85 7.85 7.85 7.85 7.85 7.85 7.85 7.85 7.85 7.85 7.85
2029.00 7.96 7.96 7.96 7.96 7.96 7.96 7.96 7.96 7.96 7.96 7.96 7.96 7.96 7.96 7.96 7.96 7.96 7.96 7.96 7.96 7.96 7.96 7.96
2030.00 7.72 7.72 7.72 7.72 7.72 7.72 7.72 7.72 7.72 7.72 7.72 7.72 7.72 7.72 7.72 7.72 7.72 7.72 7.72 7.72 7.72 7.72 7.72
2031.00 7.37 7.37 7.37 7.37 7.37 7.37 7.37 7.37 7.37 7.37 7.37 7.37 7.37 7.37 7.37 7.37 7.37 7.37 7.37 7.37 7.37 7.37 7.37
2032.00 7.04 7.04 7.04 7.04 7.04 7.04 7.04 7.04 7.04 7.04 7.04 7.04 7.04 7.04 7.04 7.04 7.04 7.04 7.04 7.04 7.04 7.04 7.04
2033.00 6.76 6.76 6.76 6.76 6.76 6.76 6.76 6.76 6.76 6.76 6.76 6.76 6.76 6.76 6.76 6.76 6.76 6.76 6.76 6.76 6.76 6.76 6.76
2034.00 6.25 6.25 6.25 6.25 6.25 6.25 6.25 6.25 6.25 6.25 6.25 6.25 6.25 6.25 6.25 6.25 6.25 6.25 6.25 6.25 6.25 6.25 6.25
2035.00 6.20 6.20 6.20 6.20 6.20 6.20 6.20 6.20 6.20 6.20 6.20 6.20 6.20 6.20 6.20 6.20 6.20 6.20 6.20 6.20 6.20 6.20 6.20
2036.00 6.03 6.03 6.03 6.03 6.03 6.03 6.03 6.03 6.03 6.03 6.03 6.03 6.03 6.03 6.03 6.03 6.03 6.03 6.03 6.03 6.03 6.03 6.03
2037.00 6.08 6.08 6.08 6.08 6.08 6.08 6.08 6.08 6.08 6.08 6.08 6.08 6.08 6.08 6.08 6.08 6.08 6.08 6.08 6.08 6.08 6.08 6.08
2038.00 6.01 6.01 6.01 6.01 6.01 6.01 6.01 6.01 6.01 6.01 6.01 6.01 6.01 6.01 6.01 6.01 6.01 6.01 6.01 6.01 6.01 6.01 6.01
2039.00 6.18 6.18 6.18 6.18 6.18 6.18 6.18 6.18 6.18 6.18 6.18 6.18 6.18 6.18 6.18 6.18 6.18 6.18 6.18 6.18 6.18 6.18 6.18
2040.00 6.21 6.21 6.21 6.21 6.21 6.21 6.21 6.21 6.21 6.21 6.21 6.21 6.21 6.21 6.21 6.21 6.21 6.21 6.21 6.21 6.21 6.21 6.21
2041.00 6.27 6.27 6.27 6.27 6.27 6.27 6.27 6.27 6.27 6.27 6.27 6.27 6.27 6.27 6.27 6.27 6.27 6.27 6.27 6.27 6.27 6.27 6.27
2042.00 6.13 6.13 6.13 6.13 6.13 6.13 6.13 6.13 6.13 6.13 6.13 6.13 6.13 6.13 6.13 6.13 6.13 6.13 6.13 6.13 6.13 6.13 6.13
2043.00 6.35 6.35 6.35 6.35 6.35 6.35 6.35 6.35 6.35 6.35 6.35 6.35 6.35 6.35 6.35 6.35 6.35 6.35 6.35 6.35 6.35 6.35 6.35
2044.00 6.23 6.23 6.23 6.23 6.23 6.23 6.23 6.23 6.23 6.23 6.23 6.23 6.23 6.23 6.23 6.23 6.23 6.23 6.23 6.23 6.23 6.23 6.23
2045.00 6.23 6.23 6.23 6.23 6.23 6.23 6.23 6.23 6.23 6.23 6.23 6.23 6.23 6.23 6.23 6.23 6.23 6.23 6.23 6.23 6.23 6.23 6.23
2046.00 6.11 6.11 6.11 6.11 6.11 6.11 6.11 6.11 6.11 6.11 6.11 6.11 6.11 6.11 6.11 6.11 6.11 6.11 6.11 6.11 6.11 6.11 6.11
2047.00 6.12 6.12 6.12 6.12 6.12 6.12 6.12 6.12 6.12 6.12 6.12 6.12 6.12 6.12 6.12 6.12 6.12 6.12 6.12 6.12 6.12 6.12 6.12
2048.00 5.90 5.90 5.90 5.90 5.90 5.90 5.90 5.90 5.90 5.90 5.90 5.90 5.90 5.90 5.90 5.90 5.90 5.90 5.90 5.90 5.90 5.90 5.90
2049.00 5.90 5.90 5.90 5.90 5.90 5.90 5.90 5.90 5.90 5.90 5.90 5.90 5.90 5.90 5.90 5.90 5.90 5.90 5.90 5.90 5.90 5.90 5.90
2050.00 5.85 5.85 5.85 5.85 5.85 5.85 5.85 5.85 5.85 5.85 5.85 5.85 5.85 5.85 5.85 5.85 5.85 5.85 5.85 5.85 5.85 5.85 5.85
2051.00 5.94 5.94 5.94 5.94 5.94 5.94 5.94 5.94 5.94 5.94 5.94 5.94 5.94 5.94 5.94 5.94 5.94 5.94 5.94 5.94 5.94 5.94 5.94
2052.00 5.86 5.86 5.86 5.86 5.86 5.86 5.86 5.86 5.86 5.86 5.86 5.86 5.86 5.86 5.86 5.86 5.86 5.86 5.86 5.86 5.86 5.86 5.86
2053.00 5.92 5.92 5.92 5.92 5.92 5.92 5.92 5.92 5.92 5.92 5.92 5.92 5.92 5.92 5.92 5.92 5.92 5.92 5.92 5.92 5.92 5.92 5.92
2054.00 5.88 5.88 5.88 5.88 5.88 5.88 5.88 5.88 5.88 5.88 5.88 5.88 5.88 5.88 5.88 5.88 5.88 5.88 5.88 5.88 5.88 5.88 5.88
2055.00 5.99 5.99 5.99 5.99 5.99 5.99 5.99 5.99 5.99 5.99 5.99 5.99 5.99 5.99 5.99 5.99 5.99 5.99 5.99 5.99 5.99 5.99 5.99
2056.00 5.81 5.81 5.81 5.81 5.81 5.81 5.81 5.81 5.81 5.81 5.81 5.81 5.81 5.81 5.81 5.81 5.81 5.81 5.81 5.81 5.81 5.81 5.81
2057.00 5.83 5.83 5.83 5.83 5.83 5.83 5.83 5.83 5.83 5.83 5.83 5.83 5.83 5.83 5.83 5.83 5.83 5.83 5.83 5.83 5.83 5.83 5.83
2058.00 5.73 5.73 5.73 5.73 5.73 5.73 5.73 5.73 5.73 5.73 5.73 5.73 5.73 5.73 5.73 5.73 5.73 5.73 5.73 5.73 5.73 5.73 5.73
2059.00 5.68 5.68 5.68 5.68 5.68 5.68 5.68 5.68 5.68 5.68 5.68 5.68 5.68 5.68 5.68 5.68 5.68 5.68 5.68 5.68 5.68 5.68 5.68
2060.00 5.48 5.48 5.48 5.48 5.48 5.48 5.48 5.48 5.48 5.48 5.48 5.48 5.48 5.48 5.48 5.48 5.48 5.48 5.48 5.48 5.48 5.48 5.48
2061.00 5.66 5.66 5.66 5.66 5.66 5.66 5.66 5.66 5.66 5.66 5.66 5.66 5.66 5.66 5.66 5.66 5.66 5.66 5.66 5.66 5.66 5.66 5.66
2062.00 5.63 5.63 5.63 5.63 5.63 5.63 5.63 5.63 5.63 5.63 5.63 5.63 5.63 5.63 5.63 5.63 5.63 5.63 5.63 5.63 5.63 5.63 5.63
2063.00 5.71 5.71 5.71 5.71 5.71 5.71 5.71 5.71 5.71 5.71 5.71 5.71 5.71 5.71 5.71 5.71 5.71 5.71 5.71 5.71 5.71 5.71 5.71
2064.00 5.62 5.62 5.62 5.62 5.62 5.62 5.62 5.62 5.62 5.62 5.62 5.62 5.62 5.62 5.62 5.62 5.62 5.62 5.62 5.62 5.62 5.62 5.62
2065.00 5.71 5.71 5.71 5.71 5.71 5.71 5.71 5.71 5.71 5.71 5.71 5.71 5.71 5.71 5.71 5.71 5.71 5.71 5.71 5.71 5.71 5.71 5.71
