# yearspad, alpred
# [0.6  0.62 0.64 0.66 0.68 0.7  0.72 0.74 0.76 0.78 0.8  0.82 0.84 0.86
#  0.88 0.9  0.92 0.94 0.96 0.98 1.   1.02 1.04]
1922.00 2.35 2.35 2.35 2.35 2.35 2.35 2.35 2.35 2.35 2.35 2.35 2.35 2.35 2.35 2.35 2.35 2.35 2.35 2.35 2.35 2.35 2.35 2.35
1923.00 2.43 2.43 2.43 2.43 2.43 2.43 2.43 2.43 2.43 2.43 2.43 2.43 2.43 2.43 2.43 2.43 2.43 2.43 2.43 2.43 2.43 2.43 2.43
1924.00 2.66 2.66 2.66 2.66 2.66 2.66 2.66 2.66 2.66 2.66 2.66 2.66 2.66 2.66 2.66 2.66 2.66 2.66 2.66 2.66 2.66 2.66 2.66
1925.00 2.51 2.51 2.51 2.51 2.51 2.51 2.51 2.51 2.51 2.51 2.51 2.51 2.51 2.51 2.51 2.51 2.51 2.51 2.51 2.51 2.51 2.51 2.51
1926.00 2.57 2.57 2.57 2.57 2.57 2.57 2.57 2.57 2.57 2.57 2.57 2.57 2.57 2.57 2.57 2.57 2.57 2.57 2.57 2.57 2.57 2.57 2.57
1927.00 2.07 2.07 2.07 2.07 2.07 2.07 2.07 2.07 2.07 2.07 2.07 2.07 2.07 2.07 2.07 2.07 2.07 2.07 2.07 2.07 2.07 2.07 2.07
1928.00 1.76 1.76 1.76 1.76 1.76 1.76 1.76 1.76 1.76 1.76 1.76 1.76 1.76 1.76 1.76 1.76 1.76 1.76 1.76 1.76 1.76 1.76 1.76
1929.00 1.20 1.20 1.20 1.20 1.20 1.20 1.20 1.20 1.20 1.20 1.20 1.20 1.20 1.20 1.20 1.20 1.20 1.20 1.20 1.20 1.20 1.20 1.20
1930.00 0.53 0.53 0.53 0.53 0.53 0.53 0.53 0.53 0.53 0.53 0.53 0.53 0.53 0.53 0.53 0.53 0.53 0.53 0.53 0.53 0.53 0.53 0.53
1931.00 -0.08 -0.08 -0.08 -0.08 -0.08 -0.08 -0.08 -0.08 -0.08 -0.08 -0.08 -0.08 -0.08 -0.08 -0.08 -0.08 -0.08 -0.08 -0.08 -0.08 -0.08 -0.08 -0.08
1932.00 -0.84 -0.84 -0.84 -0.84 -0.84 -0.84 -0.84 -0.84 -0.84 -0.84 -0.84 -0.84 -0.84 -0.84 -0.84 -0.84 -0.84 -0.84 -0.84 -0.84 -0.84 -0.84 -0.84
1933.00 -1.30 -1.30 -1.30 -1.30 -1.30 -1.30 -1.30 -1.30 -1.30 -1.30 -1.30 -1.30 -1.30 -1.30 -1.30 -1.30 -1.30 -1.30 -1.30 -1.30 -1.30 -1.30 -1.30
1934.00 -1.77 -1.77 -1.77 -1.77 -1.77 -1.77 -1.77 -1.77 -1.77 -1.77 -1.77 -1.77 -1.77 -1.77 -1.77 -1.77 -1.77 -1.77 -1.77 -1.77 -1.77 -1.77 -1.77
1935.00 -2.96 -2.96 -2.96 -2.96 -2.96 -2.96 -2.96 -2.96 -2.96 -2.96 -2.96 -2.96 -2.96 -2.96 -2.96 -2.96 -2.96 -2.96 -2.96 -2.96 -2.96 -2.96 -2.96
1936.00 -3.56 -3.56 -3.56 -3.56 -3.56 -3.56 -3.56 -3.56 -3.56 -3.56 -3.56 -3.56 -3.56 -3.56 -3.56 -3.56 -3.56 -3.56 -3.56 -3.56 -3.56 -3.56 -3.56
1937.00 -5.07 -5.07 -5.07 -5.07 -5.07 -5.07 -5.07 -5.07 -5.07 -5.07 -5.07 -5.07 -5.07 -5.07 -5.07 -5.07 -5.07 -5.07 -5.07 -5.07 -5.07 -5.07 -5.07
1938.00 -5.88 -5.88 -5.88 -5.88 -5.88 -5.88 -5.88 -5.88 -5.88 -5.88 -5.88 -5.88 -5.88 -5.88 -5.88 -5.88 -5.88 -5.88 -5.88 -5.88 -5.88 -5.88 -5.88
1939.00 -6.89 -6.89 -6.89 -6.89 -6.89 -6.89 -6.89 -6.89 -6.89 -6.89 -6.89 -6.89 -6.89 -6.89 -6.89 -6.89 -6.89 -6.89 -6.89 -6.89 -6.89 -6.89 -6.89
1940.00 -7.67 -7.67 -7.67 -7.67 -7.67 -7.67 -7.67 -7.67 -7.67 -7.67 -7.67 -7.67 -7.67 -7.67 -7.67 -7.67 -7.67 -7.67 -7.67 -7.67 -7.67 -7.67 -7.67
1941.00 -8.38 -8.38 -8.38 -8.38 -8.38 -8.38 -8.38 -8.38 -8.38 -8.38 -8.38 -8.38 -8.38 -8.38 -8.38 -8.38 -8.38 -8.38 -8.38 -8.38 -8.38 -8.38 -8.38
1942.00 -8.81 -8.81 -8.81 -8.81 -8.81 -8.81 -8.81 -8.81 -8.81 -8.81 -8.81 -8.81 -8.81 -8.81 -8.81 -8.81 -8.81 -8.81 -8.81 -8.81 -8.81 -8.81 -8.81
1943.00 -9.58 -9.58 -9.58 -9.58 -9.58 -9.58 -9.58 -9.58 -9.58 -9.58 -9.58 -9.58 -9.58 -9.58 -9.58 -9.58 -9.58 -9.58 -9.58 -9.58 -9.58 -9.58 -9.58
1944.00 -9.90 -9.90 -9.90 -9.90 -9.90 -9.90 -9.90 -9.90 -9.90 -9.90 -9.90 -9.90 -9.90 -9.90 -9.90 -9.90 -9.90 -9.90 -9.90 -9.90 -9.90 -9.90 -9.90
1945.00 -10.40 -10.40 -10.40 -10.40 -10.40 -10.40 -10.40 -10.40 -10.40 -10.40 -10.40 -10.40 -10.40 -10.40 -10.40 -10.40 -10.40 -10.40 -10.40 -10.40 -10.40 -10.40 -10.40
1946.00 -11.18 -11.18 -11.18 -11.18 -11.18 -11.18 -11.18 -11.18 -11.18 -11.18 -11.18 -11.18 -11.18 -11.18 -11.18 -11.18 -11.18 -11.18 -11.18 -11.18 -11.18 -11.18 -11.18
1947.00 -11.40 -11.40 -11.40 -11.40 -11.40 -11.40 -11.40 -11.40 -11.40 -11.40 -11.40 -11.40 -11.40 -11.40 -11.40 -11.40 -11.40 -11.40 -11.40 -11.40 -11.40 -11.40 -11.40
1948.00 -12.35 -12.35 -12.35 -12.35 -12.35 -12.35 -12.35 -12.35 -12.35 -12.35 -12.35 -12.35 -12.35 -12.35 -12.35 -12.35 -12.35 -12.35 -12.35 -12.35 -12.35 -12.35 -12.35
1949.00 -12.56 -12.56 -12.56 -12.56 -12.56 -12.56 -12.56 -12.56 -12.56 -12.56 -12.56 -12.56 -12.56 -12.56 -12.56 -12.56 -12.56 -12.56 -12.56 -12.56 -12.56 -12.56 -12.56
1950.00 -12.84 -12.84 -12.84 -12.84 -12.84 -12.84 -12.84 -12.84 -12.84 -12.84 -12.84 -12.84 -12.84 -12.84 -12.84 -12.84 -12.84 -12.84 -12.84 -12.84 -12.84 -12.84 -12.84
1951.00 -12.79 -12.79 -12.79 -12.79 -12.79 -12.79 -12.79 -12.79 -12.79 -12.79 -12.79 -12.79 -12.79 -12.79 -12.79 -12.79 -12.79 -12.79 -12.79 -12.79 -12.79 -12.79 -12.79
1952.00 -12.90 -12.90 -12.90 -12.90 -12.90 -12.90 -12.90 -12.90 -12.90 -12.90 -12.90 -12.90 -12.90 -12.90 -12.90 -12.90 -12.90 -12.90 -12.90 -12.90 -12.90 -12.90 -12.90
1953.00 -13.49 -13.49 -13.49 -13.49 -13.49 -13.49 -13.49 -13.49 -13.49 -13.49 -13.49 -13.49 -13.49 -13.49 -13.49 -13.49 -13.49 -13.49 -13.49 -13.49 -13.49 -13.49 -13.49
1954.00 -14.25 -14.25 -14.25 -14.25 -14.25 -14.25 -14.25 -14.25 -14.25 -14.25 -14.25 -14.25 -14.25 -14.25 -14.25 -14.25 -14.25 -14.25 -14.25 -14.25 -14.25 -14.25 -14.25
1955.00 -15.30 -15.30 -15.30 -15.30 -15.30 -15.30 -15.30 -15.30 -15.30 -15.30 -15.30 -15.30 -15.30 -15.30 -15.30 -15.30 -15.30 -15.30 -15.30 -15.30 -15.30 -15.30 -15.30
1956.00 -15.95 -15.95 -15.95 -15.95 -15.95 -15.95 -15.95 -15.95 -15.95 -15.95 -15.95 -15.95 -15.95 -15.95 -15.95 -15.95 -15.95 -15.95 -15.95 -15.95 -15.95 -15.95 -15.95
1957.00 -16.06 -16.06 -16.06 -16.06 -16.06 -16.06 -16.06 -16.06 -16.06 -16.06 -16.06 -16.06 -16.06 -16.06 -16.06 -16.06 -16.06 -16.06 -16.06 -16.06 -16.06 -16.06 -16.06
1958.00 -16.28 -16.28 -16.28 -16.28 -16.28 -16.28 -16.28 -16.28 -16.28 -16.28 -16.28 -16.28 -16.28 -16.28 -16.28 -16.28 -16.28 -16.28 -16.28 -16.28 -16.28 -16.28 -16.28
1959.00 -16.71 -16.71 -16.71 -16.71 -16.71 -16.71 -16.71 -16.71 -16.71 -16.71 -16.71 -16.71 -16.71 -16.71 -16.71 -16.71 -16.71 -16.71 -16.71 -16.71 -16.71 -16.71 -16.71
1960.00 -16.93 -16.93 -16.93 -16.93 -16.93 -16.93 -16.93 -16.93 -16.93 -16.93 -16.93 -16.93 -16.93 -16.93 -16.93 -16.93 -16.93 -16.93 -16.93 -16.93 -16.93 -16.93 -16.93
1961.00 -17.14 -17.14 -17.14 -17.14 -17.14 -17.14 -17.14 -17.14 -17.14 -17.14 -17.14 -17.14 -17.14 -17.14 -17.14 -17.14 -17.14 -17.14 -17.14 -17.14 -17.14 -17.14 -17.14
1962.00 -17.84 -17.84 -17.84 -17.84 -17.84 -17.84 -17.84 -17.84 -17.84 -17.84 -17.84 -17.84 -17.84 -17.84 -17.84 -17.84 -17.84 -17.84 -17.84 -17.84 -17.84 -17.84 -17.84
1963.00 -18.26 -18.26 -18.26 -18.26 -18.26 -18.26 -18.26 -18.26 -18.26 -18.26 -18.26 -18.26 -18.26 -18.26 -18.26 -18.26 -18.26 -18.26 -18.26 -18.26 -18.26 -18.26 -18.26
1964.00 -18.83 -18.83 -18.83 -18.83 -18.83 -18.83 -18.83 -18.83 -18.83 -18.83 -18.83 -18.83 -18.83 -18.83 -18.83 -18.83 -18.83 -18.83 -18.83 -18.83 -18.83 -18.83 -18.83
1965.00 -19.45 -19.45 -19.45 -19.45 -19.45 -19.45 -19.45 -19.45 -19.45 -19.45 -19.45 -19.45 -19.45 -19.45 -19.45 -19.45 -19.45 -19.45 -19.45 -19.45 -19.45 -19.45 -19.45
1966.00 -19.82 -19.82 -19.82 -19.82 -19.82 -19.82 -19.82 -19.82 -19.82 -19.82 -19.82 -19.82 -19.82 -19.82 -19.82 -19.82 -19.82 -19.82 -19.82 -19.82 -19.82 -19.82 -19.82
1967.00 -19.62 -19.62 -19.62 -19.62 -19.62 -19.62 -19.62 -19.62 -19.62 -19.62 -19.62 -19.62 -19.62 -19.62 -19.62 -19.62 -19.62 -19.62 -19.62 -19.62 -19.62 -19.62 -19.62
1968.00 -20.28 -20.28 -20.28 -20.28 -20.28 -20.28 -20.28 -20.28 -20.28 -20.28 -20.28 -20.28 -20.28 -20.28 -20.28 -20.28 -20.28 -20.28 -20.28 -20.28 -20.28 -20.28 -20.28
1969.00 -20.47 -20.47 -20.47 -20.47 -20.47 -20.47 -20.47 -20.47 -20.47 -20.47 -20.47 -20.47 -20.47 -20.47 -20.47 -20.47 -20.47 -20.47 -20.47 -20.47 -20.47 -20.47 -20.47
1970.00 100.32 100.32 100.32 100.32 100.32 100.32 100.32 100.32 100.32 100.32 100.32 100.32 100.32 100.32 100.32 100.32 100.32 100.32 100.32 100.32 100.32 100.32 100.32
1971.00 104.02 104.02 104.02 104.02 104.02 104.02 104.02 104.02 104.02 104.02 104.02 104.02 104.02 104.02 104.02 104.02 104.02 104.02 104.02 104.02 104.02 104.02 104.02
1972.00 103.99 103.99 103.99 103.99 103.99 103.99 103.99 103.99 103.99 103.99 103.99 103.99 103.99 103.99 103.99 103.99 103.99 103.99 103.99 103.99 103.99 103.99 103.99
1973.00 107.96 107.96 107.96 107.96 107.96 107.96 107.96 107.96 107.96 107.96 107.96 107.96 107.96 107.96 107.96 107.96 107.96 107.96 107.96 107.96 107.96 107.96 107.96
1974.00 109.74 109.74 109.74 109.74 109.74 109.74 109.74 109.74 109.74 109.74 109.74 109.74 109.74 109.74 109.74 109.74 109.74 109.74 109.74 109.74 109.74 109.74 109.74
1975.00 114.78 114.78 114.78 114.78 114.78 114.78 114.78 114.78 114.78 114.78 114.78 114.78 114.78 114.78 114.78 114.78 114.78 114.78 114.78 114.78 114.78 114.78 114.78
1976.00 119.14 119.14 119.14 119.14 119.14 119.14 119.14 119.14 119.14 119.14 119.14 119.14 119.14 119.14 119.14 119.14 119.14 119.14 119.14 119.14 119.14 119.14 119.14
1977.00 122.62 122.62 122.62 122.62 122.62 122.62 122.62 122.62 122.62 122.62 122.62 122.62 122.62 122.62 122.62 122.62 122.62 122.62 122.62 122.62 122.62 122.62 122.62
1978.00 127.25 127.25 127.25 127.25 127.25 127.25 127.25 127.25 127.25 127.25 127.25 127.25 127.25 127.25 127.25 127.25 127.25 127.25 127.25 127.25 127.25 127.25 127.25
1979.00 126.54 126.54 126.54 126.54 126.54 126.54 126.54 126.54 126.54 126.54 126.54 126.54 126.54 126.54 126.54 126.54 126.54 126.54 126.54 126.54 126.54 126.54 126.54
1980.00 131.68 131.68 131.68 131.68 131.68 131.68 131.68 131.68 131.68 131.68 131.68 131.68 131.68 131.68 131.68 131.68 131.68 131.68 131.68 131.68 131.68 131.68 131.68
1981.00 128.76 128.76 128.76 128.76 128.76 128.76 128.76 128.76 128.76 128.76 128.76 128.76 128.76 128.76 128.76 128.76 128.76 128.76 128.76 128.76 128.76 128.76 128.76
1982.00 127.47 127.47 127.47 127.47 127.47 127.47 127.47 127.47 127.47 127.47 127.47 127.47 127.47 127.47 127.47 127.47 127.47 127.47 127.47 127.47 127.47 127.47 127.47
1983.00 127.94 127.94 127.94 127.94 127.94 127.94 127.94 127.94 127.94 127.94 127.94 127.94 127.94 127.94 127.94 127.94 127.94 127.94 127.94 127.94 127.94 127.94 127.94
1984.00 123.15 123.15 123.15 123.15 123.15 123.15 123.15 123.15 123.15 123.15 123.15 123.15 123.15 123.15 123.15 123.15 123.15 123.15 123.15 123.15 123.15 123.15 123.15
1985.00 125.78 125.78 125.78 125.78 125.78 125.78 125.78 125.78 125.78 125.78 125.78 125.78 125.78 125.78 125.78 125.78 125.78 125.78 125.78 125.78 125.78 125.78 125.78
1986.00 125.94 125.94 125.94 125.94 125.94 125.94 125.94 125.94 125.94 125.94 125.94 125.94 125.94 125.94 125.94 125.94 125.94 125.94 125.94 125.94 125.94 125.94 125.94
1987.00 122.32 122.32 122.32 122.32 122.32 122.32 122.32 122.32 122.32 122.32 122.32 122.32 122.32 122.32 122.32 122.32 122.32 122.32 122.32 122.32 122.32 122.32 122.32
1988.00 74.46 76.66 78.87 81.07 83.28 85.49 87.69 89.90 92.10 94.31 96.52 98.72 100.93 103.13 105.34 107.55 109.75 111.96 114.16 116.37 118.58 120.78 122.99
1989.00 72.23 74.35 76.48 78.61 80.74 82.87 84.99 87.12 89.25 91.38 93.51 95.64 97.76 99.89 102.02 104.15 106.28 108.41 110.53 112.66 114.79 116.92 119.05
1990.00 69.86 71.90 73.94 75.99 78.03 80.07 82.11 84.16 86.20 88.24 90.29 92.33 94.37 96.41 98.46 100.50 102.54 104.59 106.63 108.67 110.71 112.76 114.80
1991.00 68.49 70.48 72.48 74.48 76.47 78.47 80.46 82.46 84.45 86.45 88.44 90.44 92.44 94.43 96.43 98.42 100.42 102.41 104.41 106.40 108.40 110.40 112.39
1992.00 67.60 69.56 71.53 73.50 75.47 77.44 79.40 81.37 83.34 85.31 87.28 89.24 91.21 93.18 95.15 97.11 99.08 101.05 103.02 104.99 106.95 108.92 110.89
1993.00 67.23 69.17 71.12 73.06 75.00 76.94 78.89 80.83 82.77 84.72 86.66 88.60 90.54 92.49 94.43 96.37 98.32 100.26 102.20 104.14 106.09 108.03 109.97
1994.00 66.61 68.52 70.44 72.35 74.27 76.19 78.10 80.02 81.93 83.85 85.76 87.68 89.59 91.51 93.42 95.34 97.25 99.17 101.09 103.00 104.92 106.83 108.75
1995.00 66.96 68.87 70.78 72.69 74.60 76.52 78.43 80.34 82.25 84.16 86.08 87.99 89.90 91.81 93.72 95.64 97.55 99.46 101.37 103.28 105.20 107.11 109.02
1996.00 66.43 68.30 70.17 72.04 73.91 75.78 77.66 79.53 81.40 83.27 85.14 87.02 88.89 90.76 92.63 94.50 96.37 98.25 100.12 101.99 103.86 105.73 107.60
1997.00 66.30 68.16 70.03 71.89 73.75 75.62 77.48 79.34 81.21 83.07 84.93 86.79 88.66 90.52 92.38 94.25 96.11 97.97 99.83 101.70 103.56 105.42 107.29
1998.00 64.90 66.73 68.57 70.40 72.23 74.07 75.90 77.74 79.57 81.41 83.24 85.08 86.91 88.74 90.58 92.41 94.25 96.08 97.92 99.75 101.58 103.42 105.25
1999.00 63.06 64.83 66.60 68.37 70.15 71.92 73.69 75.46 77.24 79.01 80.78 82.55 84.32 86.10 87.87 89.64 91.41 93.18 94.96 96.73 98.50 100.27 102.05
2000.00 59.93 61.60 63.27 64.94 66.61 68.28 69.95 71.62 73.29 74.96 76.63 78.29 79.96 81.63 83.30 84.97 86.64 88.31 89.98 91.65 93.32 94.99 96.66
2001.00 58.18 59.79 61.40 63.01 64.62 66.23 67.84 69.45 71.06 72.67 74.28 75.89 77.50 79.11 80.73 82.34 83.95 85.56 87.17 88.78 90.39 92.00 93.61
2002.00 57.99 59.57 61.15 62.73 64.31 65.89 67.48 69.06 70.64 72.22 73.80 75.38 76.96 78.54 80.12 81.70 83.28 84.86 86.44 88.03 89.61 91.19 92.77
2003.00 56.99 58.54 60.09 61.64 63.19 64.75 66.30 67.85 69.40 70.95 72.50 74.05 75.60 77.15 78.70 80.25 81.81 83.36 84.91 86.46 88.01 89.56 91.11
2004.00 54.46 55.91 57.36 58.81 60.27 61.72 63.17 64.62 66.08 67.53 68.98 70.43 71.89 73.34 74.79 76.24 77.70 79.15 80.60 82.05 83.51 84.96 86.41
2005.00 53.45 54.88 56.30 57.73 59.15 60.58 62.00 63.43 64.85 66.28 67.70 69.13 70.55 71.98 73.40 74.83 76.26 77.68 79.11 80.53 81.96 83.38 84.81
2006.00 52.67 54.05 55.44 56.83 58.22 59.60 60.99 62.38 63.77 65.15 66.54 67.93 69.31 70.70 72.09 73.48 74.86 76.25 77.64 79.03 80.41 81.80 83.19
2007.00 50.97 52.32 53.66 55.01 56.36 57.70 59.05 60.39 61.74 63.09 64.43 65.78 67.13 68.47 69.82 71.17 72.51 73.86 75.21 76.55 77.90 79.24 80.59
2008.00 48.23 49.49 50.74 52.00 53.25 54.51 55.76 57.01 58.27 59.52 60.78 62.03 63.28 64.54 65.79 67.05 68.30 69.55 70.81 72.06 73.32 74.57 75.83
2009.00 46.29 47.49 48.68 49.87 51.06 52.26 53.45 54.64 55.83 57.02 58.22 59.41 60.60 61.79 62.99 64.18 65.37 66.56 67.76 68.95 70.14 71.33 72.53
2010.00 43.28 44.36 45.44 46.52 47.61 48.69 49.77 50.85 51.93 53.02 54.10 55.18 56.26 57.34 58.42 59.51 60.59 61.67 62.75 63.83 64.91 66.00 67.08
2011.00 42.76 43.81 44.86 45.90 46.95 48.00 49.05 50.09 51.14 52.19 53.23 54.28 55.33 56.38 57.42 58.47 59.52 60.57 61.61 62.66 63.71 64.76 65.80
2012.00 42.16 43.17 44.18 45.19 46.21 47.22 48.23 49.24 50.26 51.27 52.28 53.29 54.31 55.32 56.33 57.34 58.36 59.37 60.38 61.39 62.41 63.42 64.43
2013.00 41.04 42.01 42.99 43.96 44.94 45.91 46.89 47.86 48.84 49.81 50.79 51.76 52.74 53.71 54.69 55.66 56.64 57.61 58.59 59.56 60.54 61.51 62.49
2014.00 39.42 40.35 41.29 42.22 43.15 44.08 45.01 45.94 46.87 47.80 48.73 49.67 50.60 51.53 52.46 53.39 54.32 55.25 56.18 57.11 58.04 58.98 59.91
2015.00 38.87 39.80 40.72 41.64 42.57 43.49 44.42 45.34 46.26 47.19 48.11 49.03 49.96 50.88 51.81 52.73 53.65 54.58 55.50 56.43 57.35 58.27 59.20
2016.00 37.98 38.88 39.78 40.68 41.58 42.48 43.38 44.28 45.17 46.07 46.97 47.87 48.77 49.67 50.57 51.47 52.36 53.26 54.16 55.06 55.96 56.86 57.76
2017.00 36.84 37.71 38.58 39.45 40.31 41.18 42.05 42.92 43.79 44.66 45.52 46.39 47.26 48.13 49.00 49.86 50.73 51.60 52.47 53.34 54.21 55.07 55.94
2018.00 10.70 10.70 10.70 10.70 10.70 10.70 10.70 10.70 10.70 10.70 10.70 10.70 10.70 10.70 10.70 10.70 10.70 10.70 10.70 10.70 10.70 10.70 10.70
2019.00 10.57 10.57 10.57 10.57 10.57 10.57 10.57 10.57 10.57 10.57 10.57 10.57 10.57 10.57 10.57 10.57 10.57 10.57 10.57 10.57 10.57 10.57 10.57
2020.00 10.23 10.23 10.23 10.23 10.23 10.23 10.23 10.23 10.23 10.23 10.23 10.23 10.23 10.23 10.23 10.23 10.23 10.23 10.23 10.23 10.23 10.23 10.23
2021.00 9.59 9.59 9.59 9.59 9.59 9.59 9.59 9.59 9.59 9.59 9.59 9.59 9.59 9.59 9.59 9.59 9.59 9.59 9.59 9.59 9.59 9.59 9.59
2022.00 9.22 9.22 9.22 9.22 9.22 9.22 9.22 9.22 9.22 9.22 9.22 9.22 9.22 9.22 9.22 9.22 9.22 9.22 9.22 9.22 9.22 9.22 9.22
2023.00 8.29 8.29 8.29 8.29 8.29 8.29 8.29 8.29 8.29 8.29 8.29 8.29 8.29 8.29 8.29 8.29 8.29 8.29 8.29 8.29 8.29 8.29 8.29
2024.00 7.75 7.75 7.75 7.75 7.75 7.75 7.75 7.75 7.75 7.75 7.75 7.75 7.75 7.75 7.75 7.75 7.75 7.75 7.75 7.75 7.75 7.75 7.75
2025.00 6.78 6.78 6.78 6.78 6.78 6.78 6.78 6.78 6.78 6.78 6.78 6.78 6.78 6.78 6.78 6.78 6.78 6.78 6.78 6.78 6.78 6.78 6.78
2026.00 5.76 5.76 5.76 5.76 5.76 5.76 5.76 5.76 5.76 5.76 5.76 5.76 5.76 5.76 5.76 5.76 5.76 5.76 5.76 5.76 5.76 5.76 5.76
2027.00 5.31 5.31 5.31 5.31 5.31 5.31 5.31 5.31 5.31 5.31 5.31 5.31 5.31 5.31 5.31 5.31 5.31 5.31 5.31 5.31 5.31 5.31 5.31
2028.00 4.64 4.64 4.64 4.64 4.64 4.64 4.64 4.64 4.64 4.64 4.64 4.64 4.64 4.64 4.64 4.64 4.64 4.64 4.64 4.64 4.64 4.64 4.64
2029.00 4.39 4.39 4.39 4.39 4.39 4.39 4.39 4.39 4.39 4.39 4.39 4.39 4.39 4.39 4.39 4.39 4.39 4.39 4.39 4.39 4.39 4.39 4.39
2030.00 4.31 4.31 4.31 4.31 4.31 4.31 4.31 4.31 4.31 4.31 4.31 4.31 4.31 4.31 4.31 4.31 4.31 4.31 4.31 4.31 4.31 4.31 4.31
2031.00 3.54 3.54 3.54 3.54 3.54 3.54 3.54 3.54 3.54 3.54 3.54 3.54 3.54 3.54 3.54 3.54 3.54 3.54 3.54 3.54 3.54 3.54 3.54
2032.00 3.32 3.32 3.32 3.32 3.32 3.32 3.32 3.32 3.32 3.32 3.32 3.32 3.32 3.32 3.32 3.32 3.32 3.32 3.32 3.32 3.32 3.32 3.32
2033.00 2.88 2.88 2.88 2.88 2.88 2.88 2.88 2.88 2.88 2.88 2.88 2.88 2.88 2.88 2.88 2.88 2.88 2.88 2.88 2.88 2.88 2.88 2.88
2034.00 2.66 2.66 2.66 2.66 2.66 2.66 2.66 2.66 2.66 2.66 2.66 2.66 2.66 2.66 2.66 2.66 2.66 2.66 2.66 2.66 2.66 2.66 2.66
2035.00 2.58 2.58 2.58 2.58 2.58 2.58 2.58 2.58 2.58 2.58 2.58 2.58 2.58 2.58 2.58 2.58 2.58 2.58 2.58 2.58 2.58 2.58 2.58
2036.00 2.52 2.52 2.52 2.52 2.52 2.52 2.52 2.52 2.52 2.52 2.52 2.52 2.52 2.52 2.52 2.52 2.52 2.52 2.52 2.52 2.52 2.52 2.52
2037.00 2.47 2.47 2.47 2.47 2.47 2.47 2.47 2.47 2.47 2.47 2.47 2.47 2.47 2.47 2.47 2.47 2.47 2.47 2.47 2.47 2.47 2.47 2.47
2038.00 2.53 2.53 2.53 2.53 2.53 2.53 2.53 2.53 2.53 2.53 2.53 2.53 2.53 2.53 2.53 2.53 2.53 2.53 2.53 2.53 2.53 2.53 2.53
2039.00 2.47 2.47 2.47 2.47 2.47 2.47 2.47 2.47 2.47 2.47 2.47 2.47 2.47 2.47 2.47 2.47 2.47 2.47 2.47 2.47 2.47 2.47 2.47
2040.00 2.69 2.69 2.69 2.69 2.69 2.69 2.69 2.69 2.69 2.69 2.69 2.69 2.69 2.69 2.69 2.69 2.69 2.69 2.69 2.69 2.69 2.69 2.69
2041.00 2.62 2.62 2.62 2.62 2.62 2.62 2.62 2.62 2.62 2.62 2.62 2.62 2.62 2.62 2.62 2.62 2.62 2.62 2.62 2.62 2.62 2.62 2.62
2042.00 2.68 2.68 2.68 2.68 2.68 2.68 2.68 2.68 2.68 2.68 2.68 2.68 2.68 2.68 2.68 2.68 2.68 2.68 2.68 2.68 2.68 2.68 2.68
2043.00 2.83 2.83 2.83 2.83 2.83 2.83 2.83 2.83 2.83 2.83 2.83 2.83 2.83 2.83 2.83 2.83 2.83 2.83 2.83 2.83 2.83 2.83 2.83
2044.00 2.87 2.87 2.87 2.87 2.87 2.87 2.87 2.87 2.87 2.87 2.87 2.87 2.87 2.87 2.87 2.87 2.87 2.87 2.87 2.87 2.87 2.87 2.87
2045.00 2.89 2.89 2.89 2.89 2.89 2.89 2.89 2.89 2.89 2.89 2.89 2.89 2.89 2.89 2.89 2.89 2.89 2.89 2.89 2.89 2.89 2.89 2.89
2046.00 2.97 2.97 2.97 2.97 2.97 2.97 2.97 2.97 2.97 2.97 2.97 2.97 2.97 2.97 2.97 2.97 2.97 2.97 2.97 2.97 2.97 2.97 2.97
2047.00 2.80 2.80 2.80 2.80 2.80 2.80 2.80 2.80 2.80 2.80 2.80 2.80 2.80 2.80 2.80 2.80 2.80 2.80 2.80 2.80 2.80 2.80 2.80
2048.00 2.75 2.75 2.75 2.75 2.75 2.75 2.75 2.75 2.75 2.75 2.75 2.75 2.75 2.75 2.75 2.75 2.75 2.75 2.75 2.75 2.75 2.75 2.75
2049.00 2.61 2.61 2.61 2.61 2.61 2.61 2.61 2.61 2.61 2.61 2.61 2.61 2.61 2.61 2.61 2.61 2.61 2.61 2.61 2.61 2.61 2.61 2.61
2050.00 2.56 2.56 2.56 2.56 2.56 2.56 2.56 2.56 2.56 2.56 2.56 2.56 2.56 2.56 2.56 2.56 2.56 2.56 2.56 2.56 2.56 2.56 2.56
2051.00 2.42 2.42 2.42 2.42 2.42 2.42 2.42 2.42 2.42 2.42 2.42 2.42 2.42 2.42 2.42 2.42 2.42 2.42 2.42 2.42 2.42 2.42 2.42
2052.00 2.49 2.49 2.49 2.49 2.49 2.49 2.49 2.49 2.49 2.49 2.49 2.49 2.49 2.49 2.49 2.49 2.49 2.49 2.49 2.49 2.49 2.49 2.49
2053.00 2.31 2.31 2.31 2.31 2.31 2.31 2.31 2.31 2.31 2.31 2.31 2.31 2.31 2.31 2.31 2.31 2.31 2.31 2.31 2.31 2.31 2.31 2.31
2054.00 2.38 2.38 2.38 2.38 2.38 2.38 2.38 2.38 2.38 2.38 2.38 2.38 2.38 2.38 2.38 2.38 2.38 2.38 2.38 2.38 2.38 2.38 2.38
2055.00 2.33 2.33 2.33 2.33 2.33 2.33 2.33 2.33 2.33 2.33 2.33 2.33 2.33 2.33 2.33 2.33 2.33 2.33 2.33 2.33 2.33 2.33 2.33
2056.00 2.29 2.29 2.29 2.29 2.29 2.29 2.29 2.29 2.29 2.29 2.29 2.29 2.29 2.29 2.29 2.29 2.29 2.29 2.29 2.29 2.29 2.29 2.29
2057.00 2.22 2.22 2.22 2.22 2.22 2.22 2.22 2.22 2.22 2.22 2.22 2.22 2.22 2.22 2.22 2.22 2.22 2.22 2.22 2.22 2.22 2.22 2.22
2058.00 2.26 2.26 2.26 2.26 2.26 2.26 2.26 2.26 2.26 2.26 2.26 2.26 2.26 2.26 2.26 2.26 2.26 2.26 2.26 2.26 2.26 2.26 2.26
2059.00 2.11 2.11 2.11 2.11 2.11 2.11 2.11 2.11 2.11 2.11 2.11 2.11 2.11 2.11 2.11 2.11 2.11 2.11 2.11 2.11 2.11 2.11 2.11
2060.00 2.13 2.13 2.13 2.13 2.13 2.13 2.13 2.13 2.13 2.13 2.13 2.13 2.13 2.13 2.13 2.13 2.13 2.13 2.13 2.13 2.13 2.13 2.13
2061.00 2.12 2.12 2.12 2.12 2.12 2.12 2.12 2.12 2.12 2.12 2.12 2.12 2.12 2.12 2.12 2.12 2.12 2.12 2.12 2.12 2.12 2.12 2.12
2062.00 2.19 2.19 2.19 2.19 2.19 2.19 2.19 2.19 2.19 2.19 2.19 2.19 2.19 2.19 2.19 2.19 2.19 2.19 2.19 2.19 2.19 2.19 2.19
2063.00 2.20 2.20 2.20 2.20 2.20 2.20 2.20 2.20 2.20 2.20 2.20 2.20 2.20 2.20 2.20 2.20 2.20 2.20 2.20 2.20 2.20 2.20 2.20
2064.00 2.33 2.33 2.33 2.33 2.33 2.33 2.33 2.33 2.33 2.33 2.33 2.33 2.33 2.33 2.33 2.33 2.33 2.33 2.33 2.33 2.33 2.33 2.33
2065.00 2.31 2.31 2.31 2.31 2.31 2.31 2.31 2.31 2.31 2.31 2.31 2.31 2.31 2.31 2.31 2.31 2.31 2.31 2.31 2.31 2.31 2.31 2.31
