# yearspad, alpred
# [0.6  0.62 0.64 0.66 0.68 0.7  0.72 0.74 0.76 0.78 0.8  0.82 0.84 0.86
#  0.88 0.9  0.92 0.94 0.96 0.98 1.   1.02 1.04]
1922.00 2.60 2.60 2.60 2.60 2.60 2.60 2.60 2.60 2.60 2.60 2.60 2.60 2.60 2.60 2.60 2.60 2.60 2.60 2.60 2.60 2.60 2.60 2.60
1923.00 3.35 3.35 3.35 3.35 3.35 3.35 3.35 3.35 3.35 3.35 3.35 3.35 3.35 3.35 3.35 3.35 3.35 3.35 3.35 3.35 3.35 3.35 3.35
1924.00 2.33 2.33 2.33 2.33 2.33 2.33 2.33 2.33 2.33 2.33 2.33 2.33 2.33 2.33 2.33 2.33 2.33 2.33 2.33 2.33 2.33 2.33 2.33
1925.00 2.56 2.56 2.56 2.56 2.56 2.56 2.56 2.56 2.56 2.56 2.56 2.56 2.56 2.56 2.56 2.56 2.56 2.56 2.56 2.56 2.56 2.56 2.56
1926.00 2.15 2.15 2.15 2.15 2.15 2.15 2.15 2.15 2.15 2.15 2.15 2.15 2.15 2.15 2.15 2.15 2.15 2.15 2.15 2.15 2.15 2.15 2.15
1927.00 2.75 2.75 2.75 2.75 2.75 2.75 2.75 2.75 2.75 2.75 2.75 2.75 2.75 2.75 2.75 2.75 2.75 2.75 2.75 2.75 2.75 2.75 2.75
1928.00 3.07 3.07 3.07 3.07 3.07 3.07 3.07 3.07 3.07 3.07 3.07 3.07 3.07 3.07 3.07 3.07 3.07 3.07 3.07 3.07 3.07 3.07 3.07
1929.00 3.64 3.64 3.64 3.64 3.64 3.64 3.64 3.64 3.64 3.64 3.64 3.64 3.64 3.64 3.64 3.64 3.64 3.64 3.64 3.64 3.64 3.64 3.64
1930.00 3.23 3.23 3.23 3.23 3.23 3.23 3.23 3.23 3.23 3.23 3.23 3.23 3.23 3.23 3.23 3.23 3.23 3.23 3.23 3.23 3.23 3.23 3.23
1931.00 2.96 2.96 2.96 2.96 2.96 2.96 2.96 2.96 2.96 2.96 2.96 2.96 2.96 2.96 2.96 2.96 2.96 2.96 2.96 2.96 2.96 2.96 2.96
1932.00 2.54 2.54 2.54 2.54 2.54 2.54 2.54 2.54 2.54 2.54 2.54 2.54 2.54 2.54 2.54 2.54 2.54 2.54 2.54 2.54 2.54 2.54 2.54
1933.00 4.11 4.11 4.11 4.11 4.11 4.11 4.11 4.11 4.11 4.11 4.11 4.11 4.11 4.11 4.11 4.11 4.11 4.11 4.11 4.11 4.11 4.11 4.11
1934.00 3.54 3.54 3.54 3.54 3.54 3.54 3.54 3.54 3.54 3.54 3.54 3.54 3.54 3.54 3.54 3.54 3.54 3.54 3.54 3.54 3.54 3.54 3.54
1935.00 3.99 3.99 3.99 3.99 3.99 3.99 3.99 3.99 3.99 3.99 3.99 3.99 3.99 3.99 3.99 3.99 3.99 3.99 3.99 3.99 3.99 3.99 3.99
1936.00 3.42 3.42 3.42 3.42 3.42 3.42 3.42 3.42 3.42 3.42 3.42 3.42 3.42 3.42 3.42 3.42 3.42 3.42 3.42 3.42 3.42 3.42 3.42
1937.00 3.52 3.52 3.52 3.52 3.52 3.52 3.52 3.52 3.52 3.52 3.52 3.52 3.52 3.52 3.52 3.52 3.52 3.52 3.52 3.52 3.52 3.52 3.52
1938.00 2.40 2.40 2.40 2.40 2.40 2.40 2.40 2.40 2.40 2.40 2.40 2.40 2.40 2.40 2.40 2.40 2.40 2.40 2.40 2.40 2.40 2.40 2.40
1939.00 3.22 3.22 3.22 3.22 3.22 3.22 3.22 3.22 3.22 3.22 3.22 3.22 3.22 3.22 3.22 3.22 3.22 3.22 3.22 3.22 3.22 3.22 3.22
1940.00 2.69 2.69 2.69 2.69 2.69 2.69 2.69 2.69 2.69 2.69 2.69 2.69 2.69 2.69 2.69 2.69 2.69 2.69 2.69 2.69 2.69 2.69 2.69
1941.00 3.03 3.03 3.03 3.03 3.03 3.03 3.03 3.03 3.03 3.03 3.03 3.03 3.03 3.03 3.03 3.03 3.03 3.03 3.03 3.03 3.03 3.03 3.03
1942.00 1.09 1.09 1.09 1.09 1.09 1.09 1.09 1.09 1.09 1.09 1.09 1.09 1.09 1.09 1.09 1.09 1.09 1.09 1.09 1.09 1.09 1.09 1.09
1943.00 1.03 1.03 1.03 1.03 1.03 1.03 1.03 1.03 1.03 1.03 1.03 1.03 1.03 1.03 1.03 1.03 1.03 1.03 1.03 1.03 1.03 1.03 1.03
1944.00 0.58 0.58 0.58 0.58 0.58 0.58 0.58 0.58 0.58 0.58 0.58 0.58 0.58 0.58 0.58 0.58 0.58 0.58 0.58 0.58 0.58 0.58 0.58
1945.00 0.86 0.86 0.86 0.86 0.86 0.86 0.86 0.86 0.86 0.86 0.86 0.86 0.86 0.86 0.86 0.86 0.86 0.86 0.86 0.86 0.86 0.86 0.86
1946.00 1.09 1.09 1.09 1.09 1.09 1.09 1.09 1.09 1.09 1.09 1.09 1.09 1.09 1.09 1.09 1.09 1.09 1.09 1.09 1.09 1.09 1.09 1.09
1947.00 1.08 1.08 1.08 1.08 1.08 1.08 1.08 1.08 1.08 1.08 1.08 1.08 1.08 1.08 1.08 1.08 1.08 1.08 1.08 1.08 1.08 1.08 1.08
1948.00 -0.83 -0.83 -0.83 -0.83 -0.83 -0.83 -0.83 -0.83 -0.83 -0.83 -0.83 -0.83 -0.83 -0.83 -0.83 -0.83 -0.83 -0.83 -0.83 -0.83 -0.83 -0.83 -0.83
1949.00 -2.13 -2.13 -2.13 -2.13 -2.13 -2.13 -2.13 -2.13 -2.13 -2.13 -2.13 -2.13 -2.13 -2.13 -2.13 -2.13 -2.13 -2.13 -2.13 -2.13 -2.13 -2.13 -2.13
1950.00 -1.94 -1.94 -1.94 -1.94 -1.94 -1.94 -1.94 -1.94 -1.94 -1.94 -1.94 -1.94 -1.94 -1.94 -1.94 -1.94 -1.94 -1.94 -1.94 -1.94 -1.94 -1.94 -1.94
1951.00 -1.23 -1.23 -1.23 -1.23 -1.23 -1.23 -1.23 -1.23 -1.23 -1.23 -1.23 -1.23 -1.23 -1.23 -1.23 -1.23 -1.23 -1.23 -1.23 -1.23 -1.23 -1.23 -1.23
1952.00 -1.50 -1.50 -1.50 -1.50 -1.50 -1.50 -1.50 -1.50 -1.50 -1.50 -1.50 -1.50 -1.50 -1.50 -1.50 -1.50 -1.50 -1.50 -1.50 -1.50 -1.50 -1.50 -1.50
1953.00 -1.94 -1.94 -1.94 -1.94 -1.94 -1.94 -1.94 -1.94 -1.94 -1.94 -1.94 -1.94 -1.94 -1.94 -1.94 -1.94 -1.94 -1.94 -1.94 -1.94 -1.94 -1.94 -1.94
1954.00 -2.28 -2.28 -2.28 -2.28 -2.28 -2.28 -2.28 -2.28 -2.28 -2.28 -2.28 -2.28 -2.28 -2.28 -2.28 -2.28 -2.28 -2.28 -2.28 -2.28 -2.28 -2.28 -2.28
1955.00 -2.68 -2.68 -2.68 -2.68 -2.68 -2.68 -2.68 -2.68 -2.68 -2.68 -2.68 -2.68 -2.68 -2.68 -2.68 -2.68 -2.68 -2.68 -2.68 -2.68 -2.68 -2.68 -2.68
1956.00 -2.31 -2.31 -2.31 -2.31 -2.31 -2.31 -2.31 -2.31 -2.31 -2.31 -2.31 -2.31 -2.31 -2.31 -2.31 -2.31 -2.31 -2.31 -2.31 -2.31 -2.31 -2.31 -2.31
1957.00 -2.54 -2.54 -2.54 -2.54 -2.54 -2.54 -2.54 -2.54 -2.54 -2.54 -2.54 -2.54 -2.54 -2.54 -2.54 -2.54 -2.54 -2.54 -2.54 -2.54 -2.54 -2.54 -2.54
1958.00 -3.50 -3.50 -3.50 -3.50 -3.50 -3.50 -3.50 -3.50 -3.50 -3.50 -3.50 -3.50 -3.50 -3.50 -3.50 -3.50 -3.50 -3.50 -3.50 -3.50 -3.50 -3.50 -3.50
1959.00 -4.57 -4.57 -4.57 -4.57 -4.57 -4.57 -4.57 -4.57 -4.57 -4.57 -4.57 -4.57 -4.57 -4.57 -4.57 -4.57 -4.57 -4.57 -4.57 -4.57 -4.57 -4.57 -4.57
1960.00 -4.25 -4.25 -4.25 -4.25 -4.25 -4.25 -4.25 -4.25 -4.25 -4.25 -4.25 -4.25 -4.25 -4.25 -4.25 -4.25 -4.25 -4.25 -4.25 -4.25 -4.25 -4.25 -4.25
1961.00 -3.80 -3.80 -3.80 -3.80 -3.80 -3.80 -3.80 -3.80 -3.80 -3.80 -3.80 -3.80 -3.80 -3.80 -3.80 -3.80 -3.80 -3.80 -3.80 -3.80 -3.80 -3.80 -3.80
1962.00 -3.83 -3.83 -3.83 -3.83 -3.83 -3.83 -3.83 -3.83 -3.83 -3.83 -3.83 -3.83 -3.83 -3.83 -3.83 -3.83 -3.83 -3.83 -3.83 -3.83 -3.83 -3.83 -3.83
1963.00 -4.57 -4.57 -4.57 -4.57 -4.57 -4.57 -4.57 -4.57 -4.57 -4.57 -4.57 -4.57 -4.57 -4.57 -4.57 -4.57 -4.57 -4.57 -4.57 -4.57 -4.57 -4.57 -4.57
1964.00 -5.67 -5.67 -5.67 -5.67 -5.67 -5.67 -5.67 -5.67 -5.67 -5.67 -5.67 -5.67 -5.67 -5.67 -5.67 -5.67 -5.67 -5.67 -5.67 -5.67 -5.67 -5.67 -5.67
1965.00 -7.23 -7.23 -7.23 -7.23 -7.23 -7.23 -7.23 -7.23 -7.23 -7.23 -7.23 -7.23 -7.23 -7.23 -7.23 -7.23 -7.23 -7.23 -7.23 -7.23 -7.23 -7.23 -7.23
1966.00 -6.68 -6.68 -6.68 -6.68 -6.68 -6.68 -6.68 -6.68 -6.68 -6.68 -6.68 -6.68 -6.68 -6.68 -6.68 -6.68 -6.68 -6.68 -6.68 -6.68 -6.68 -6.68 -6.68
1967.00 -6.83 -6.83 -6.83 -6.83 -6.83 -6.83 -6.83 -6.83 -6.83 -6.83 -6.83 -6.83 -6.83 -6.83 -6.83 -6.83 -6.83 -6.83 -6.83 -6.83 -6.83 -6.83 -6.83
1968.00 -6.66 -6.66 -6.66 -6.66 -6.66 -6.66 -6.66 -6.66 -6.66 -6.66 -6.66 -6.66 -6.66 -6.66 -6.66 -6.66 -6.66 -6.66 -6.66 -6.66 -6.66 -6.66 -6.66
1969.00 -7.69 -7.69 -7.69 -7.69 -7.69 -7.69 -7.69 -7.69 -7.69 -7.69 -7.69 -7.69 -7.69 -7.69 -7.69 -7.69 -7.69 -7.69 -7.69 -7.69 -7.69 -7.69 -7.69
1970.00 115.09 115.09 115.09 115.09 115.09 115.09 115.09 115.09 115.09 115.09 115.09 115.09 115.09 115.09 115.09 115.09 115.09 115.09 115.09 115.09 115.09 115.09 115.09
1971.00 109.85 109.85 109.85 109.85 109.85 109.85 109.85 109.85 109.85 109.85 109.85 109.85 109.85 109.85 109.85 109.85 109.85 109.85 109.85 109.85 109.85 109.85 109.85
1972.00 124.92 124.92 124.92 124.92 124.92 124.92 124.92 124.92 124.92 124.92 124.92 124.92 124.92 124.92 124.92 124.92 124.92 124.92 124.92 124.92 124.92 124.92 124.92
1973.00 128.25 128.25 128.25 128.25 128.25 128.25 128.25 128.25 128.25 128.25 128.25 128.25 128.25 128.25 128.25 128.25 128.25 128.25 128.25 128.25 128.25 128.25 128.25
1974.00 132.91 132.91 132.91 132.91 132.91 132.91 132.91 132.91 132.91 132.91 132.91 132.91 132.91 132.91 132.91 132.91 132.91 132.91 132.91 132.91 132.91 132.91 132.91
1975.00 121.93 121.93 121.93 121.93 121.93 121.93 121.93 121.93 121.93 121.93 121.93 121.93 121.93 121.93 121.93 121.93 121.93 121.93 121.93 121.93 121.93 121.93 121.93
1976.00 122.39 122.39 122.39 122.39 122.39 122.39 122.39 122.39 122.39 122.39 122.39 122.39 122.39 122.39 122.39 122.39 122.39 122.39 122.39 122.39 122.39 122.39 122.39
1977.00 121.73 121.73 121.73 121.73 121.73 121.73 121.73 121.73 121.73 121.73 121.73 121.73 121.73 121.73 121.73 121.73 121.73 121.73 121.73 121.73 121.73 121.73 121.73
1978.00 124.70 124.70 124.70 124.70 124.70 124.70 124.70 124.70 124.70 124.70 124.70 124.70 124.70 124.70 124.70 124.70 124.70 124.70 124.70 124.70 124.70 124.70 124.70
1979.00 124.56 124.56 124.56 124.56 124.56 124.56 124.56 124.56 124.56 124.56 124.56 124.56 124.56 124.56 124.56 124.56 124.56 124.56 124.56 124.56 124.56 124.56 124.56
1980.00 126.61 126.61 126.61 126.61 126.61 126.61 126.61 126.61 126.61 126.61 126.61 126.61 126.61 126.61 126.61 126.61 126.61 126.61 126.61 126.61 126.61 126.61 126.61
1981.00 113.99 113.99 113.99 113.99 113.99 113.99 113.99 113.99 113.99 113.99 113.99 113.99 113.99 113.99 113.99 113.99 113.99 113.99 113.99 113.99 113.99 113.99 113.99
1982.00 113.53 113.53 113.53 113.53 113.53 113.53 113.53 113.53 113.53 113.53 113.53 113.53 113.53 113.53 113.53 113.53 113.53 113.53 113.53 113.53 113.53 113.53 113.53
1983.00 111.07 111.07 111.07 111.07 111.07 111.07 111.07 111.07 111.07 111.07 111.07 111.07 111.07 111.07 111.07 111.07 111.07 111.07 111.07 111.07 111.07 111.07 111.07
1984.00 107.10 107.10 107.10 107.10 107.10 107.10 107.10 107.10 107.10 107.10 107.10 107.10 107.10 107.10 107.10 107.10 107.10 107.10 107.10 107.10 107.10 107.10 107.10
1985.00 107.13 107.13 107.13 107.13 107.13 107.13 107.13 107.13 107.13 107.13 107.13 107.13 107.13 107.13 107.13 107.13 107.13 107.13 107.13 107.13 107.13 107.13 107.13
1986.00 107.88 107.88 107.88 107.88 107.88 107.88 107.88 107.88 107.88 107.88 107.88 107.88 107.88 107.88 107.88 107.88 107.88 107.88 107.88 107.88 107.88 107.88 107.88
1987.00 106.08 106.08 106.08 106.08 106.08 106.08 106.08 106.08 106.08 106.08 106.08 106.08 106.08 106.08 106.08 106.08 106.08 106.08 106.08 106.08 106.08 106.08 106.08
1988.00 58.56 60.77 62.99 65.20 67.41 69.63 71.84 74.05 76.27 78.48 80.70 82.91 85.12 87.34 89.55 91.76 93.98 96.19 98.40 100.62 102.83 105.05 107.26
1989.00 57.58 59.72 61.86 63.99 66.13 68.27 70.40 72.54 74.68 76.81 78.95 81.09 83.23 85.36 87.50 89.64 91.77 93.91 96.05 98.18 100.32 102.46 104.59
1990.00 56.51 58.56 60.62 62.67 64.72 66.77 68.83 70.88 72.93 74.98 77.04 79.09 81.14 83.19 85.25 87.30 89.35 91.40 93.46 95.51 97.56 99.61 101.67
1991.00 55.36 57.37 59.38 61.39 63.40 65.41 67.42 69.43 71.44 73.45 75.46 77.47 79.48 81.49 83.50 85.51 87.51 89.52 91.53 93.54 95.55 97.56 99.57
1992.00 54.15 56.14 58.13 60.11 62.10 64.09 66.07 68.06 70.05 72.03 74.02 76.01 77.99 79.98 81.97 83.95 85.94 87.93 89.91 91.90 93.89 95.87 97.86
1993.00 52.68 54.63 56.59 58.55 60.50 62.46 64.41 66.37 68.33 70.28 72.24 74.20 76.15 78.11 80.06 82.02 83.98 85.93 87.89 89.85 91.80 93.76 95.71
1994.00 52.08 54.00 55.93 57.86 59.79 61.71 63.64 65.57 67.49 69.42 71.35 73.28 75.20 77.13 79.06 80.99 82.91 84.84 86.77 88.70 90.62 92.55 94.48
1995.00 52.99 54.92 56.84 58.77 60.69 62.62 64.55 66.47 68.40 70.33 72.25 74.18 76.10 78.03 79.96 81.88 83.81 85.74 87.66 89.59 91.52 93.44 95.37
1996.00 53.02 54.91 56.80 58.68 60.57 62.46 64.35 66.23 68.12 70.01 71.90 73.78 75.67 77.56 79.45 81.33 83.22 85.11 87.00 88.88 90.77 92.66 94.55
1997.00 52.19 54.07 55.96 57.84 59.72 61.60 63.48 65.36 67.24 69.12 71.00 72.88 74.76 76.64 78.52 80.40 82.28 84.16 86.05 87.93 89.81 91.69 93.57
1998.00 51.42 53.27 55.13 56.98 58.83 60.68 62.53 64.38 66.24 68.09 69.94 71.79 73.64 75.50 77.35 79.20 81.05 82.90 84.75 86.61 88.46 90.31 92.16
1999.00 50.29 52.08 53.87 55.66 57.45 59.24 61.03 62.82 64.61 66.39 68.18 69.97 71.76 73.55 75.34 77.13 78.92 80.71 82.50 84.29 86.08 87.87 89.66
2000.00 47.67 49.36 51.05 52.73 54.42 56.10 57.79 59.48 61.16 62.85 64.54 66.22 67.91 69.59 71.28 72.97 74.65 76.34 78.02 79.71 81.40 83.08 84.77
2001.00 46.48 48.11 49.74 51.37 53.00 54.63 56.26 57.89 59.52 61.15 62.78 64.41 66.03 67.66 69.29 70.92 72.55 74.18 75.81 77.44 79.07 80.70 82.33
2002.00 45.37 46.97 48.56 50.16 51.75 53.35 54.94 56.54 58.13 59.73 61.32 62.92 64.51 66.11 67.70 69.30 70.89 72.49 74.08 75.67 77.27 78.86 80.46
2003.00 44.55 46.12 47.69 49.26 50.83 52.40 53.96 55.53 57.10 58.67 60.24 61.80 63.37 64.94 66.51 68.08 69.65 71.21 72.78 74.35 75.92 77.49 79.06
2004.00 41.30 42.77 44.23 45.70 47.17 48.63 50.10 51.57 53.04 54.50 55.97 57.44 58.91 60.37 61.84 63.31 64.78 66.24 67.71 69.18 70.65 72.11 73.58
2005.00 42.75 44.19 45.63 47.07 48.51 49.96 51.40 52.84 54.28 55.72 57.16 58.60 60.04 61.49 62.93 64.37 65.81 67.25 68.69 70.13 71.57 73.01 74.46
2006.00 42.19 43.59 44.99 46.40 47.80 49.20 50.61 52.01 53.41 54.82 56.22 57.62 59.02 60.43 61.83 63.23 64.64 66.04 67.44 68.84 70.25 71.65 73.05
2007.00 40.94 42.30 43.66 45.02 46.39 47.75 49.11 50.48 51.84 53.20 54.56 55.93 57.29 58.65 60.01 61.38 62.74 64.10 65.47 66.83 68.19 69.55 70.92
2008.00 37.04 38.31 39.58 40.85 42.12 43.40 44.67 45.94 47.21 48.49 49.76 51.03 52.30 53.57 54.85 56.12 57.39 58.66 59.94 61.21 62.48 63.75 65.02
2009.00 35.58 36.79 38.00 39.21 40.42 41.63 42.84 44.05 45.26 46.47 47.68 48.89 50.10 51.31 52.52 53.73 54.94 56.15 57.36 58.57 59.78 60.99 62.20
2010.00 31.68 32.78 33.87 34.97 36.07 37.17 38.26 39.36 40.46 41.55 42.65 43.75 44.85 45.94 47.04 48.14 49.23 50.33 51.43 52.52 53.62 54.72 55.82
2011.00 31.88 32.94 34.01 35.07 36.13 37.19 38.25 39.31 40.37 41.43 42.49 43.55 44.61 45.68 46.74 47.80 48.86 49.92 50.98 52.04 53.10 54.16 55.22
2012.00 31.12 32.15 33.17 34.20 35.23 36.25 37.28 38.31 39.33 40.36 41.39 42.41 43.44 44.47 45.49 46.52 47.55 48.57 49.60 50.63 51.65 52.68 53.71
2013.00 31.11 32.10 33.09 34.08 35.06 36.05 37.04 38.03 39.02 40.01 40.99 41.98 42.97 43.96 44.95 45.94 46.92 47.91 48.90 49.89 50.88 51.87 52.86
2014.00 28.84 29.78 30.73 31.67 32.61 33.56 34.50 35.44 36.39 37.33 38.27 39.22 40.16 41.10 42.05 42.99 43.94 44.88 45.82 46.77 47.71 48.65 49.60
2015.00 29.05 29.99 30.92 31.86 32.80 33.73 34.67 35.60 36.54 37.48 38.41 39.35 40.29 41.22 42.16 43.09 44.03 44.97 45.90 46.84 47.78 48.71 49.65
2016.00 28.54 29.45 30.36 31.27 32.18 33.10 34.01 34.92 35.83 36.74 37.65 38.56 39.47 40.39 41.30 42.21 43.12 44.03 44.94 45.85 46.76 47.68 48.59
2017.00 28.39 29.27 30.15 31.03 31.91 32.79 33.67 34.55 35.43 36.31 37.19 38.07 38.95 39.83 40.71 41.59 42.48 43.36 44.24 45.12 46.00 46.88 47.76
2018.00 1.91 1.91 1.91 1.91 1.91 1.91 1.91 1.91 1.91 1.91 1.91 1.91 1.91 1.91 1.91 1.91 1.91 1.91 1.91 1.91 1.91 1.91 1.91
2019.00 3.11 3.11 3.11 3.11 3.11 3.11 3.11 3.11 3.11 3.11 3.11 3.11 3.11 3.11 3.11 3.11 3.11 3.11 3.11 3.11 3.11 3.11 3.11
2020.00 2.34 2.34 2.34 2.34 2.34 2.34 2.34 2.34 2.34 2.34 2.34 2.34 2.34 2.34 2.34 2.34 2.34 2.34 2.34 2.34 2.34 2.34 2.34
2021.00 2.79 2.79 2.79 2.79 2.79 2.79 2.79 2.79 2.79 2.79 2.79 2.79 2.79 2.79 2.79 2.79 2.79 2.79 2.79 2.79 2.79 2.79 2.79
2022.00 2.85 2.85 2.85 2.85 2.85 2.85 2.85 2.85 2.85 2.85 2.85 2.85 2.85 2.85 2.85 2.85 2.85 2.85 2.85 2.85 2.85 2.85 2.85
2023.00 4.20 4.20 4.20 4.20 4.20 4.20 4.20 4.20 4.20 4.20 4.20 4.20 4.20 4.20 4.20 4.20 4.20 4.20 4.20 4.20 4.20 4.20 4.20
2024.00 4.43 4.43 4.43 4.43 4.43 4.43 4.43 4.43 4.43 4.43 4.43 4.43 4.43 4.43 4.43 4.43 4.43 4.43 4.43 4.43 4.43 4.43 4.43
2025.00 4.08 4.08 4.08 4.08 4.08 4.08 4.08 4.08 4.08 4.08 4.08 4.08 4.08 4.08 4.08 4.08 4.08 4.08 4.08 4.08 4.08 4.08 4.08
2026.00 3.70 3.70 3.70 3.70 3.70 3.70 3.70 3.70 3.70 3.70 3.70 3.70 3.70 3.70 3.70 3.70 3.70 3.70 3.70 3.70 3.70 3.70 3.70
2027.00 4.19 4.19 4.19 4.19 4.19 4.19 4.19 4.19 4.19 4.19 4.19 4.19 4.19 4.19 4.19 4.19 4.19 4.19 4.19 4.19 4.19 4.19 4.19
2028.00 3.65 3.65 3.65 3.65 3.65 3.65 3.65 3.65 3.65 3.65 3.65 3.65 3.65 3.65 3.65 3.65 3.65 3.65 3.65 3.65 3.65 3.65 3.65
2029.00 4.55 4.55 4.55 4.55 4.55 4.55 4.55 4.55 4.55 4.55 4.55 4.55 4.55 4.55 4.55 4.55 4.55 4.55 4.55 4.55 4.55 4.55 4.55
2030.00 4.22 4.22 4.22 4.22 4.22 4.22 4.22 4.22 4.22 4.22 4.22 4.22 4.22 4.22 4.22 4.22 4.22 4.22 4.22 4.22 4.22 4.22 4.22
2031.00 4.06 4.06 4.06 4.06 4.06 4.06 4.06 4.06 4.06 4.06 4.06 4.06 4.06 4.06 4.06 4.06 4.06 4.06 4.06 4.06 4.06 4.06 4.06
2032.00 3.47 3.47 3.47 3.47 3.47 3.47 3.47 3.47 3.47 3.47 3.47 3.47 3.47 3.47 3.47 3.47 3.47 3.47 3.47 3.47 3.47 3.47 3.47
2033.00 3.70 3.70 3.70 3.70 3.70 3.70 3.70 3.70 3.70 3.70 3.70 3.70 3.70 3.70 3.70 3.70 3.70 3.70 3.70 3.70 3.70 3.70 3.70
2034.00 3.17 3.17 3.17 3.17 3.17 3.17 3.17 3.17 3.17 3.17 3.17 3.17 3.17 3.17 3.17 3.17 3.17 3.17 3.17 3.17 3.17 3.17 3.17
2035.00 3.06 3.06 3.06 3.06 3.06 3.06 3.06 3.06 3.06 3.06 3.06 3.06 3.06 3.06 3.06 3.06 3.06 3.06 3.06 3.06 3.06 3.06 3.06
2036.00 2.41 2.41 2.41 2.41 2.41 2.41 2.41 2.41 2.41 2.41 2.41 2.41 2.41 2.41 2.41 2.41 2.41 2.41 2.41 2.41 2.41 2.41 2.41
2037.00 2.88 2.88 2.88 2.88 2.88 2.88 2.88 2.88 2.88 2.88 2.88 2.88 2.88 2.88 2.88 2.88 2.88 2.88 2.88 2.88 2.88 2.88 2.88
2038.00 2.56 2.56 2.56 2.56 2.56 2.56 2.56 2.56 2.56 2.56 2.56 2.56 2.56 2.56 2.56 2.56 2.56 2.56 2.56 2.56 2.56 2.56 2.56
2039.00 2.96 2.96 2.96 2.96 2.96 2.96 2.96 2.96 2.96 2.96 2.96 2.96 2.96 2.96 2.96 2.96 2.96 2.96 2.96 2.96 2.96 2.96 2.96
2040.00 2.69 2.69 2.69 2.69 2.69 2.69 2.69 2.69 2.69 2.69 2.69 2.69 2.69 2.69 2.69 2.69 2.69 2.69 2.69 2.69 2.69 2.69 2.69
2041.00 2.92 2.92 2.92 2.92 2.92 2.92 2.92 2.92 2.92 2.92 2.92 2.92 2.92 2.92 2.92 2.92 2.92 2.92 2.92 2.92 2.92 2.92 2.92
2042.00 2.51 2.51 2.51 2.51 2.51 2.51 2.51 2.51 2.51 2.51 2.51 2.51 2.51 2.51 2.51 2.51 2.51 2.51 2.51 2.51 2.51 2.51 2.51
2043.00 2.77 2.77 2.77 2.77 2.77 2.77 2.77 2.77 2.77 2.77 2.77 2.77 2.77 2.77 2.77 2.77 2.77 2.77 2.77 2.77 2.77 2.77 2.77
2044.00 2.54 2.54 2.54 2.54 2.54 2.54 2.54 2.54 2.54 2.54 2.54 2.54 2.54 2.54 2.54 2.54 2.54 2.54 2.54 2.54 2.54 2.54 2.54
2045.00 2.97 2.97 2.97 2.97 2.97 2.97 2.97 2.97 2.97 2.97 2.97 2.97 2.97 2.97 2.97 2.97 2.97 2.97 2.97 2.97 2.97 2.97 2.97
2046.00 2.59 2.59 2.59 2.59 2.59 2.59 2.59 2.59 2.59 2.59 2.59 2.59 2.59 2.59 2.59 2.59 2.59 2.59 2.59 2.59 2.59 2.59 2.59
2047.00 2.81 2.81 2.81 2.81 2.81 2.81 2.81 2.81 2.81 2.81 2.81 2.81 2.81 2.81 2.81 2.81 2.81 2.81 2.81 2.81 2.81 2.81 2.81
2048.00 2.62 2.62 2.62 2.62 2.62 2.62 2.62 2.62 2.62 2.62 2.62 2.62 2.62 2.62 2.62 2.62 2.62 2.62 2.62 2.62 2.62 2.62 2.62
2049.00 3.01 3.01 3.01 3.01 3.01 3.01 3.01 3.01 3.01 3.01 3.01 3.01 3.01 3.01 3.01 3.01 3.01 3.01 3.01 3.01 3.01 3.01 3.01
2050.00 2.65 2.65 2.65 2.65 2.65 2.65 2.65 2.65 2.65 2.65 2.65 2.65 2.65 2.65 2.65 2.65 2.65 2.65 2.65 2.65 2.65 2.65 2.65
2051.00 3.19 3.19 3.19 3.19 3.19 3.19 3.19 3.19 3.19 3.19 3.19 3.19 3.19 3.19 3.19 3.19 3.19 3.19 3.19 3.19 3.19 3.19 3.19
2052.00 2.99 2.99 2.99 2.99 2.99 2.99 2.99 2.99 2.99 2.99 2.99 2.99 2.99 2.99 2.99 2.99 2.99 2.99 2.99 2.99 2.99 2.99 2.99
2053.00 3.21 3.21 3.21 3.21 3.21 3.21 3.21 3.21 3.21 3.21 3.21 3.21 3.21 3.21 3.21 3.21 3.21 3.21 3.21 3.21 3.21 3.21 3.21
2054.00 2.77 2.77 2.77 2.77 2.77 2.77 2.77 2.77 2.77 2.77 2.77 2.77 2.77 2.77 2.77 2.77 2.77 2.77 2.77 2.77 2.77 2.77 2.77
2055.00 3.15 3.15 3.15 3.15 3.15 3.15 3.15 3.15 3.15 3.15 3.15 3.15 3.15 3.15 3.15 3.15 3.15 3.15 3.15 3.15 3.15 3.15 3.15
2056.00 2.90 2.90 2.90 2.90 2.90 2.90 2.90 2.90 2.90 2.90 2.90 2.90 2.90 2.90 2.90 2.90 2.90 2.90 2.90 2.90 2.90 2.90 2.90
2057.00 3.19 3.19 3.19 3.19 3.19 3.19 3.19 3.19 3.19 3.19 3.19 3.19 3.19 3.19 3.19 3.19 3.19 3.19 3.19 3.19 3.19 3.19 3.19
2058.00 2.71 2.71 2.71 2.71 2.71 2.71 2.71 2.71 2.71 2.71 2.71 2.71 2.71 2.71 2.71 2.71 2.71 2.71 2.71 2.71 2.71 2.71 2.71
2059.00 2.91 2.91 2.91 2.91 2.91 2.91 2.91 2.91 2.91 2.91 2.91 2.91 2.91 2.91 2.91 2.91 2.91 2.91 2.91 2.91 2.91 2.91 2.91
2060.00 2.39 2.39 2.39 2.39 2.39 2.39 2.39 2.39 2.39 2.39 2.39 2.39 2.39 2.39 2.39 2.39 2.39 2.39 2.39 2.39 2.39 2.39 2.39
2061.00 2.75 2.75 2.75 2.75 2.75 2.75 2.75 2.75 2.75 2.75 2.75 2.75 2.75 2.75 2.75 2.75 2.75 2.75 2.75 2.75 2.75 2.75 2.75
2062.00 2.56 2.56 2.56 2.56 2.56 2.56 2.56 2.56 2.56 2.56 2.56 2.56 2.56 2.56 2.56 2.56 2.56 2.56 2.56 2.56 2.56 2.56 2.56
2063.00 3.04 3.04 3.04 3.04 3.04 3.04 3.04 3.04 3.04 3.04 3.04 3.04 3.04 3.04 3.04 3.04 3.04 3.04 3.04 3.04 3.04 3.04 3.04
2064.00 2.69 2.69 2.69 2.69 2.69 2.69 2.69 2.69 2.69 2.69 2.69 2.69 2.69 2.69 2.69 2.69 2.69 2.69 2.69 2.69 2.69 2.69 2.69
2065.00 2.65 2.65 2.65 2.65 2.65 2.65 2.65 2.65 2.65 2.65 2.65 2.65 2.65 2.65 2.65 2.65 2.65 2.65 2.65 2.65 2.65 2.65 2.65
