# yearspad, alpred
# [0.6  0.62 0.64 0.66 0.68 0.7  0.72 0.74 0.76 0.78 0.8  0.82 0.84 0.86
#  0.88 0.9  0.92 0.94 0.96 0.98 1.   1.02 1.04]
1922.00 3.10 3.10 3.10 3.10 3.10 3.10 3.10 3.10 3.10 3.10 3.10 3.10 3.10 3.10 3.10 3.10 3.10 3.10 3.10 3.10 3.10 3.10 3.10
1923.00 3.59 3.59 3.59 3.59 3.59 3.59 3.59 3.59 3.59 3.59 3.59 3.59 3.59 3.59 3.59 3.59 3.59 3.59 3.59 3.59 3.59 3.59 3.59
1924.00 3.86 3.86 3.86 3.86 3.86 3.86 3.86 3.86 3.86 3.86 3.86 3.86 3.86 3.86 3.86 3.86 3.86 3.86 3.86 3.86 3.86 3.86 3.86
1925.00 4.10 4.10 4.10 4.10 4.10 4.10 4.10 4.10 4.10 4.10 4.10 4.10 4.10 4.10 4.10 4.10 4.10 4.10 4.10 4.10 4.10 4.10 4.10
1926.00 4.33 4.33 4.33 4.33 4.33 4.33 4.33 4.33 4.33 4.33 4.33 4.33 4.33 4.33 4.33 4.33 4.33 4.33 4.33 4.33 4.33 4.33 4.33
1927.00 4.53 4.53 4.53 4.53 4.53 4.53 4.53 4.53 4.53 4.53 4.53 4.53 4.53 4.53 4.53 4.53 4.53 4.53 4.53 4.53 4.53 4.53 4.53
1928.00 4.90 4.90 4.90 4.90 4.90 4.90 4.90 4.90 4.90 4.90 4.90 4.90 4.90 4.90 4.90 4.90 4.90 4.90 4.90 4.90 4.90 4.90 4.90
1929.00 5.27 5.27 5.27 5.27 5.27 5.27 5.27 5.27 5.27 5.27 5.27 5.27 5.27 5.27 5.27 5.27 5.27 5.27 5.27 5.27 5.27 5.27 5.27
1930.00 5.54 5.54 5.54 5.54 5.54 5.54 5.54 5.54 5.54 5.54 5.54 5.54 5.54 5.54 5.54 5.54 5.54 5.54 5.54 5.54 5.54 5.54 5.54
1931.00 5.98 5.98 5.98 5.98 5.98 5.98 5.98 5.98 5.98 5.98 5.98 5.98 5.98 5.98 5.98 5.98 5.98 5.98 5.98 5.98 5.98 5.98 5.98
1932.00 6.25 6.25 6.25 6.25 6.25 6.25 6.25 6.25 6.25 6.25 6.25 6.25 6.25 6.25 6.25 6.25 6.25 6.25 6.25 6.25 6.25 6.25 6.25
1933.00 6.80 6.80 6.80 6.80 6.80 6.80 6.80 6.80 6.80 6.80 6.80 6.80 6.80 6.80 6.80 6.80 6.80 6.80 6.80 6.80 6.80 6.80 6.80
1934.00 7.23 7.23 7.23 7.23 7.23 7.23 7.23 7.23 7.23 7.23 7.23 7.23 7.23 7.23 7.23 7.23 7.23 7.23 7.23 7.23 7.23 7.23 7.23
1935.00 7.44 7.44 7.44 7.44 7.44 7.44 7.44 7.44 7.44 7.44 7.44 7.44 7.44 7.44 7.44 7.44 7.44 7.44 7.44 7.44 7.44 7.44 7.44
1936.00 7.59 7.59 7.59 7.59 7.59 7.59 7.59 7.59 7.59 7.59 7.59 7.59 7.59 7.59 7.59 7.59 7.59 7.59 7.59 7.59 7.59 7.59 7.59
1937.00 7.85 7.85 7.85 7.85 7.85 7.85 7.85 7.85 7.85 7.85 7.85 7.85 7.85 7.85 7.85 7.85 7.85 7.85 7.85 7.85 7.85 7.85 7.85
1938.00 7.74 7.74 7.74 7.74 7.74 7.74 7.74 7.74 7.74 7.74 7.74 7.74 7.74 7.74 7.74 7.74 7.74 7.74 7.74 7.74 7.74 7.74 7.74
1939.00 7.80 7.80 7.80 7.80 7.80 7.80 7.80 7.80 7.80 7.80 7.80 7.80 7.80 7.80 7.80 7.80 7.80 7.80 7.80 7.80 7.80 7.80 7.80
1940.00 7.86 7.86 7.86 7.86 7.86 7.86 7.86 7.86 7.86 7.86 7.86 7.86 7.86 7.86 7.86 7.86 7.86 7.86 7.86 7.86 7.86 7.86 7.86
1941.00 8.08 8.08 8.08 8.08 8.08 8.08 8.08 8.08 8.08 8.08 8.08 8.08 8.08 8.08 8.08 8.08 8.08 8.08 8.08 8.08 8.08 8.08 8.08
1942.00 8.07 8.07 8.07 8.07 8.07 8.07 8.07 8.07 8.07 8.07 8.07 8.07 8.07 8.07 8.07 8.07 8.07 8.07 8.07 8.07 8.07 8.07 8.07
1943.00 7.89 7.89 7.89 7.89 7.89 7.89 7.89 7.89 7.89 7.89 7.89 7.89 7.89 7.89 7.89 7.89 7.89 7.89 7.89 7.89 7.89 7.89 7.89
1944.00 7.74 7.74 7.74 7.74 7.74 7.74 7.74 7.74 7.74 7.74 7.74 7.74 7.74 7.74 7.74 7.74 7.74 7.74 7.74 7.74 7.74 7.74 7.74
1945.00 7.53 7.53 7.53 7.53 7.53 7.53 7.53 7.53 7.53 7.53 7.53 7.53 7.53 7.53 7.53 7.53 7.53 7.53 7.53 7.53 7.53 7.53 7.53
1946.00 7.38 7.38 7.38 7.38 7.38 7.38 7.38 7.38 7.38 7.38 7.38 7.38 7.38 7.38 7.38 7.38 7.38 7.38 7.38 7.38 7.38 7.38 7.38
1947.00 7.30 7.30 7.30 7.30 7.30 7.30 7.30 7.30 7.30 7.30 7.30 7.30 7.30 7.30 7.30 7.30 7.30 7.30 7.30 7.30 7.30 7.30 7.30
1948.00 7.20 7.20 7.20 7.20 7.20 7.20 7.20 7.20 7.20 7.20 7.20 7.20 7.20 7.20 7.20 7.20 7.20 7.20 7.20 7.20 7.20 7.20 7.20
1949.00 6.92 6.92 6.92 6.92 6.92 6.92 6.92 6.92 6.92 6.92 6.92 6.92 6.92 6.92 6.92 6.92 6.92 6.92 6.92 6.92 6.92 6.92 6.92
1950.00 6.89 6.89 6.89 6.89 6.89 6.89 6.89 6.89 6.89 6.89 6.89 6.89 6.89 6.89 6.89 6.89 6.89 6.89 6.89 6.89 6.89 6.89 6.89
1951.00 6.95 6.95 6.95 6.95 6.95 6.95 6.95 6.95 6.95 6.95 6.95 6.95 6.95 6.95 6.95 6.95 6.95 6.95 6.95 6.95 6.95 6.95 6.95
1952.00 6.83 6.83 6.83 6.83 6.83 6.83 6.83 6.83 6.83 6.83 6.83 6.83 6.83 6.83 6.83 6.83 6.83 6.83 6.83 6.83 6.83 6.83 6.83
1953.00 6.39 6.39 6.39 6.39 6.39 6.39 6.39 6.39 6.39 6.39 6.39 6.39 6.39 6.39 6.39 6.39 6.39 6.39 6.39 6.39 6.39 6.39 6.39
1954.00 5.95 5.95 5.95 5.95 5.95 5.95 5.95 5.95 5.95 5.95 5.95 5.95 5.95 5.95 5.95 5.95 5.95 5.95 5.95 5.95 5.95 5.95 5.95
1955.00 5.61 5.61 5.61 5.61 5.61 5.61 5.61 5.61 5.61 5.61 5.61 5.61 5.61 5.61 5.61 5.61 5.61 5.61 5.61 5.61 5.61 5.61 5.61
1956.00 5.62 5.62 5.62 5.62 5.62 5.62 5.62 5.62 5.62 5.62 5.62 5.62 5.62 5.62 5.62 5.62 5.62 5.62 5.62 5.62 5.62 5.62 5.62
1957.00 5.54 5.54 5.54 5.54 5.54 5.54 5.54 5.54 5.54 5.54 5.54 5.54 5.54 5.54 5.54 5.54 5.54 5.54 5.54 5.54 5.54 5.54 5.54
1958.00 5.31 5.31 5.31 5.31 5.31 5.31 5.31 5.31 5.31 5.31 5.31 5.31 5.31 5.31 5.31 5.31 5.31 5.31 5.31 5.31 5.31 5.31 5.31
1959.00 5.09 5.09 5.09 5.09 5.09 5.09 5.09 5.09 5.09 5.09 5.09 5.09 5.09 5.09 5.09 5.09 5.09 5.09 5.09 5.09 5.09 5.09 5.09
1960.00 4.84 4.84 4.84 4.84 4.84 4.84 4.84 4.84 4.84 4.84 4.84 4.84 4.84 4.84 4.84 4.84 4.84 4.84 4.84 4.84 4.84 4.84 4.84
1961.00 4.67 4.67 4.67 4.67 4.67 4.67 4.67 4.67 4.67 4.67 4.67 4.67 4.67 4.67 4.67 4.67 4.67 4.67 4.67 4.67 4.67 4.67 4.67
1962.00 4.55 4.55 4.55 4.55 4.55 4.55 4.55 4.55 4.55 4.55 4.55 4.55 4.55 4.55 4.55 4.55 4.55 4.55 4.55 4.55 4.55 4.55 4.55
1963.00 4.24 4.24 4.24 4.24 4.24 4.24 4.24 4.24 4.24 4.24 4.24 4.24 4.24 4.24 4.24 4.24 4.24 4.24 4.24 4.24 4.24 4.24 4.24
1964.00 4.03 4.03 4.03 4.03 4.03 4.03 4.03 4.03 4.03 4.03 4.03 4.03 4.03 4.03 4.03 4.03 4.03 4.03 4.03 4.03 4.03 4.03 4.03
1965.00 3.71 3.71 3.71 3.71 3.71 3.71 3.71 3.71 3.71 3.71 3.71 3.71 3.71 3.71 3.71 3.71 3.71 3.71 3.71 3.71 3.71 3.71 3.71
1966.00 3.50 3.50 3.50 3.50 3.50 3.50 3.50 3.50 3.50 3.50 3.50 3.50 3.50 3.50 3.50 3.50 3.50 3.50 3.50 3.50 3.50 3.50 3.50
1967.00 3.25 3.25 3.25 3.25 3.25 3.25 3.25 3.25 3.25 3.25 3.25 3.25 3.25 3.25 3.25 3.25 3.25 3.25 3.25 3.25 3.25 3.25 3.25
1968.00 2.90 2.90 2.90 2.90 2.90 2.90 2.90 2.90 2.90 2.90 2.90 2.90 2.90 2.90 2.90 2.90 2.90 2.90 2.90 2.90 2.90 2.90 2.90
1969.00 1.92 1.92 1.92 1.92 1.92 1.92 1.92 1.92 1.92 1.92 1.92 1.92 1.92 1.92 1.92 1.92 1.92 1.92 1.92 1.92 1.92 1.92 1.92
1970.00 122.93 122.93 122.93 122.93 122.93 122.93 122.93 122.93 122.93 122.93 122.93 122.93 122.93 122.93 122.93 122.93 122.93 122.93 122.93 122.93 122.93 122.93 122.93
1971.00 121.04 121.04 121.04 121.04 121.04 121.04 121.04 121.04 121.04 121.04 121.04 121.04 121.04 121.04 121.04 121.04 121.04 121.04 121.04 121.04 121.04 121.04 121.04
1972.00 123.53 123.53 123.53 123.53 123.53 123.53 123.53 123.53 123.53 123.53 123.53 123.53 123.53 123.53 123.53 123.53 123.53 123.53 123.53 123.53 123.53 123.53 123.53
1973.00 124.40 124.40 124.40 124.40 124.40 124.40 124.40 124.40 124.40 124.40 124.40 124.40 124.40 124.40 124.40 124.40 124.40 124.40 124.40 124.40 124.40 124.40 124.40
1974.00 126.68 126.68 126.68 126.68 126.68 126.68 126.68 126.68 126.68 126.68 126.68 126.68 126.68 126.68 126.68 126.68 126.68 126.68 126.68 126.68 126.68 126.68 126.68
1975.00 127.08 127.08 127.08 127.08 127.08 127.08 127.08 127.08 127.08 127.08 127.08 127.08 127.08 127.08 127.08 127.08 127.08 127.08 127.08 127.08 127.08 127.08 127.08
1976.00 128.03 128.03 128.03 128.03 128.03 128.03 128.03 128.03 128.03 128.03 128.03 128.03 128.03 128.03 128.03 128.03 128.03 128.03 128.03 128.03 128.03 128.03 128.03
1977.00 126.42 126.42 126.42 126.42 126.42 126.42 126.42 126.42 126.42 126.42 126.42 126.42 126.42 126.42 126.42 126.42 126.42 126.42 126.42 126.42 126.42 126.42 126.42
1978.00 126.07 126.07 126.07 126.07 126.07 126.07 126.07 126.07 126.07 126.07 126.07 126.07 126.07 126.07 126.07 126.07 126.07 126.07 126.07 126.07 126.07 126.07 126.07
1979.00 121.90 121.90 121.90 121.90 121.90 121.90 121.90 121.90 121.90 121.90 121.90 121.90 121.90 121.90 121.90 121.90 121.90 121.90 121.90 121.90 121.90 121.90 121.90
1980.00 120.20 120.20 120.20 120.20 120.20 120.20 120.20 120.20 120.20 120.20 120.20 120.20 120.20 120.20 120.20 120.20 120.20 120.20 120.20 120.20 120.20 120.20 120.20
1981.00 118.61 118.61 118.61 118.61 118.61 118.61 118.61 118.61 118.61 118.61 118.61 118.61 118.61 118.61 118.61 118.61 118.61 118.61 118.61 118.61 118.61 118.61 118.61
1982.00 115.42 115.42 115.42 115.42 115.42 115.42 115.42 115.42 115.42 115.42 115.42 115.42 115.42 115.42 115.42 115.42 115.42 115.42 115.42 115.42 115.42 115.42 115.42
1983.00 110.79 110.79 110.79 110.79 110.79 110.79 110.79 110.79 110.79 110.79 110.79 110.79 110.79 110.79 110.79 110.79 110.79 110.79 110.79 110.79 110.79 110.79 110.79
1984.00 104.79 104.79 104.79 104.79 104.79 104.79 104.79 104.79 104.79 104.79 104.79 104.79 104.79 104.79 104.79 104.79 104.79 104.79 104.79 104.79 104.79 104.79 104.79
1985.00 102.80 102.80 102.80 102.80 102.80 102.80 102.80 102.80 102.80 102.80 102.80 102.80 102.80 102.80 102.80 102.80 102.80 102.80 102.80 102.80 102.80 102.80 102.80
1986.00 99.72 99.72 99.72 99.72 99.72 99.72 99.72 99.72 99.72 99.72 99.72 99.72 99.72 99.72 99.72 99.72 99.72 99.72 99.72 99.72 99.72 99.72 99.72
1987.00 97.49 97.49 97.49 97.49 97.49 97.49 97.49 97.49 97.49 97.49 97.49 97.49 97.49 97.49 97.49 97.49 97.49 97.49 97.49 97.49 97.49 97.49 97.49
1988.00 49.20 51.41 53.63 55.85 58.07 60.29 62.51 64.73 66.94 69.16 71.38 73.60 75.82 78.04 80.26 82.47 84.69 86.91 89.13 91.35 93.57 95.78 98.00
1989.00 47.36 49.50 51.64 53.78 55.93 58.07 60.21 62.35 64.50 66.64 68.78 70.92 73.07 75.21 77.35 79.49 81.64 83.78 85.92 88.07 90.21 92.35 94.49
1990.00 45.21 47.27 49.32 51.38 53.44 55.49 57.55 59.61 61.66 63.72 65.78 67.84 69.89 71.95 74.01 76.06 78.12 80.18 82.23 84.29 86.35 88.40 90.46
1991.00 44.52 46.53 48.55 50.56 52.58 54.59 56.61 58.62 60.64 62.65 64.67 66.68 68.70 70.71 72.73 74.74 76.75 78.77 80.78 82.80 84.81 86.83 88.84
1992.00 44.32 46.31 48.30 50.29 52.28 54.27 56.26 58.26 60.25 62.24 64.23 66.22 68.21 70.20 72.19 74.19 76.18 78.17 80.16 82.15 84.14 86.13 88.12
1993.00 43.84 45.81 47.77 49.73 51.69 53.66 55.62 57.58 59.55 61.51 63.47 65.44 67.40 69.36 71.32 73.29 75.25 77.21 79.18 81.14 83.10 85.07 87.03
1994.00 43.60 45.53 47.47 49.40 51.34 53.27 55.21 57.14 59.08 61.01 62.95 64.89 66.82 68.76 70.69 72.63 74.56 76.50 78.43 80.37 82.31 84.24 86.18
1995.00 44.22 46.16 48.09 50.03 51.96 53.90 55.83 57.77 59.70 61.64 63.57 65.50 67.44 69.37 71.31 73.24 75.18 77.11 79.05 80.98 82.92 84.85 86.79
1996.00 43.56 45.45 47.35 49.24 51.13 53.03 54.92 56.82 58.71 60.61 62.50 64.39 66.29 68.18 70.08 71.97 73.87 75.76 77.65 79.55 81.44 83.34 85.23
1997.00 43.49 45.38 47.26 49.15 51.03 52.92 54.80 56.69 58.57 60.46 62.34 64.23 66.11 68.00 69.88 71.77 73.65 75.54 77.42 79.31 81.19 83.08 84.96
1998.00 42.78 44.63 46.49 48.35 50.21 52.06 53.92 55.78 57.64 59.49 61.35 63.21 65.06 66.92 68.78 70.64 72.49 74.35 76.21 78.06 79.92 81.78 83.64
1999.00 41.31 43.10 44.90 46.69 48.49 50.28 52.08 53.87 55.67 57.46 59.26 61.05 62.85 64.64 66.44 68.23 70.03 71.82 73.62 75.41 77.21 79.00 80.80
2000.00 38.79 40.49 42.18 43.87 45.57 47.26 48.95 50.64 52.34 54.03 55.72 57.42 59.11 60.80 62.49 64.19 65.88 67.57 69.27 70.96 72.65 74.34 76.04
2001.00 37.69 39.33 40.97 42.60 44.24 45.87 47.51 49.15 50.78 52.42 54.05 55.69 57.32 58.96 60.60 62.23 63.87 65.50 67.14 68.78 70.41 72.05 73.68
2002.00 37.04 38.64 40.24 41.84 43.45 45.05 46.65 48.25 49.85 51.45 53.05 54.66 56.26 57.86 59.46 61.06 62.66 64.26 65.86 67.47 69.07 70.67 72.27
2003.00 36.69 38.27 39.84 41.41 42.99 44.56 46.13 47.71 49.28 50.86 52.43 54.00 55.58 57.15 58.72 60.30 61.87 63.44 65.02 66.59 68.17 69.74 71.31
2004.00 33.80 35.27 36.74 38.22 39.69 41.16 42.63 44.10 45.57 47.04 48.51 49.99 51.46 52.93 54.40 55.87 57.34 58.81 60.28 61.75 63.23 64.70 66.17
2005.00 33.46 34.91 36.35 37.80 39.24 40.69 42.13 43.58 45.02 46.47 47.91 49.36 50.80 52.25 53.69 55.14 56.58 58.03 59.47 60.91 62.36 63.80 65.25
2006.00 32.80 34.21 35.61 37.02 38.43 39.83 41.24 42.65 44.05 45.46 46.87 48.27 49.68 51.09 52.49 53.90 55.31 56.71 58.12 59.53 60.93 62.34 63.75
2007.00 31.96 33.32 34.69 36.05 37.42 38.78 40.15 41.51 42.88 44.24 45.61 46.97 48.34 49.70 51.07 52.43 53.80 55.16 56.53 57.89 59.26 60.62 61.99
2008.00 29.43 30.70 31.97 33.24 34.52 35.79 37.06 38.34 39.61 40.88 42.15 43.43 44.70 45.97 47.25 48.52 49.79 51.06 52.34 53.61 54.88 56.16 57.43
2009.00 28.10 29.31 30.52 31.73 32.94 34.15 35.36 36.57 37.78 38.99 40.20 41.41 42.62 43.83 45.04 46.25 47.46 48.67 49.88 51.09 52.30 53.51 54.72
2010.00 25.21 26.30 27.40 28.50 29.59 30.69 31.79 32.88 33.98 35.07 36.17 37.27 38.36 39.46 40.56 41.65 42.75 43.85 44.94 46.04 47.14 48.23 49.33
2011.00 24.80 25.86 26.92 27.98 29.04 30.10 31.16 32.23 33.29 34.35 35.41 36.47 37.53 38.59 39.66 40.72 41.78 42.84 43.90 44.96 46.02 47.08 48.15
2012.00 24.16 25.19 26.21 27.24 28.27 29.29 30.32 31.35 32.37 33.40 34.43 35.45 36.48 37.51 38.53 39.56 40.59 41.61 42.64 43.67 44.69 45.72 46.75
2013.00 23.56 24.55 25.54 26.52 27.51 28.50 29.49 30.48 31.47 32.46 33.45 34.43 35.42 36.41 37.40 38.39 39.38 40.37 41.35 42.34 43.33 44.32 45.31
2014.00 22.78 23.72 24.66 25.61 26.55 27.50 28.44 29.38 30.33 31.27 32.21 33.16 34.10 35.05 35.99 36.93 37.88 38.82 39.76 40.71 41.65 42.60 43.54
2015.00 23.00 23.94 24.87 25.81 26.75 27.68 28.62 29.56 30.49 31.43 32.36 33.30 34.24 35.17 36.11 37.05 37.98 38.92 39.86 40.79 41.73 42.67 43.60
2016.00 22.83 23.74 24.66 25.57 26.48 27.39 28.30 29.21 30.13 31.04 31.95 32.86 33.77 34.68 35.60 36.51 37.42 38.33 39.24 40.15 41.07 41.98 42.89
2017.00 22.66 23.54 24.42 25.30 26.18 27.06 27.94 28.83 29.71 30.59 31.47 32.35 33.23 34.11 34.99 35.87 36.75 37.64 38.52 39.40 40.28 41.16 42.04
2018.00 -3.17 -3.17 -3.17 -3.17 -3.17 -3.17 -3.17 -3.17 -3.17 -3.17 -3.17 -3.17 -3.17 -3.17 -3.17 -3.17 -3.17 -3.17 -3.17 -3.17 -3.17 -3.17 -3.17
2019.00 -2.30 -2.30 -2.30 -2.30 -2.30 -2.30 -2.30 -2.30 -2.30 -2.30 -2.30 -2.30 -2.30 -2.30 -2.30 -2.30 -2.30 -2.30 -2.30 -2.30 -2.30 -2.30 -2.30
2020.00 -1.60 -1.60 -1.60 -1.60 -1.60 -1.60 -1.60 -1.60 -1.60 -1.60 -1.60 -1.60 -1.60 -1.60 -1.60 -1.60 -1.60 -1.60 -1.60 -1.60 -1.60 -1.60 -1.60
2021.00 -1.08 -1.08 -1.08 -1.08 -1.08 -1.08 -1.08 -1.08 -1.08 -1.08 -1.08 -1.08 -1.08 -1.08 -1.08 -1.08 -1.08 -1.08 -1.08 -1.08 -1.08 -1.08 -1.08
2022.00 -0.50 -0.50 -0.50 -0.50 -0.50 -0.50 -0.50 -0.50 -0.50 -0.50 -0.50 -0.50 -0.50 -0.50 -0.50 -0.50 -0.50 -0.50 -0.50 -0.50 -0.50 -0.50 -0.50
2023.00 0.02 0.02 0.02 0.02 0.02 0.02 0.02 0.02 0.02 0.02 0.02 0.02 0.02 0.02 0.02 0.02 0.02 0.02 0.02 0.02 0.02 0.02 0.02
2024.00 0.54 0.54 0.54 0.54 0.54 0.54 0.54 0.54 0.54 0.54 0.54 0.54 0.54 0.54 0.54 0.54 0.54 0.54 0.54 0.54 0.54 0.54 0.54
2025.00 0.88 0.88 0.88 0.88 0.88 0.88 0.88 0.88 0.88 0.88 0.88 0.88 0.88 0.88 0.88 0.88 0.88 0.88 0.88 0.88 0.88 0.88 0.88
2026.00 1.08 1.08 1.08 1.08 1.08 1.08 1.08 1.08 1.08 1.08 1.08 1.08 1.08 1.08 1.08 1.08 1.08 1.08 1.08 1.08 1.08 1.08 1.08
2027.00 1.54 1.54 1.54 1.54 1.54 1.54 1.54 1.54 1.54 1.54 1.54 1.54 1.54 1.54 1.54 1.54 1.54 1.54 1.54 1.54 1.54 1.54 1.54
2028.00 1.90 1.90 1.90 1.90 1.90 1.90 1.90 1.90 1.90 1.90 1.90 1.90 1.90 1.90 1.90 1.90 1.90 1.90 1.90 1.90 1.90 1.90 1.90
2029.00 2.19 2.19 2.19 2.19 2.19 2.19 2.19 2.19 2.19 2.19 2.19 2.19 2.19 2.19 2.19 2.19 2.19 2.19 2.19 2.19 2.19 2.19 2.19
2030.00 2.39 2.39 2.39 2.39 2.39 2.39 2.39 2.39 2.39 2.39 2.39 2.39 2.39 2.39 2.39 2.39 2.39 2.39 2.39 2.39 2.39 2.39 2.39
2031.00 2.53 2.53 2.53 2.53 2.53 2.53 2.53 2.53 2.53 2.53 2.53 2.53 2.53 2.53 2.53 2.53 2.53 2.53 2.53 2.53 2.53 2.53 2.53
2032.00 2.59 2.59 2.59 2.59 2.59 2.59 2.59 2.59 2.59 2.59 2.59 2.59 2.59 2.59 2.59 2.59 2.59 2.59 2.59 2.59 2.59 2.59 2.59
2033.00 2.72 2.72 2.72 2.72 2.72 2.72 2.72 2.72 2.72 2.72 2.72 2.72 2.72 2.72 2.72 2.72 2.72 2.72 2.72 2.72 2.72 2.72 2.72
2034.00 2.76 2.76 2.76 2.76 2.76 2.76 2.76 2.76 2.76 2.76 2.76 2.76 2.76 2.76 2.76 2.76 2.76 2.76 2.76 2.76 2.76 2.76 2.76
2035.00 2.78 2.78 2.78 2.78 2.78 2.78 2.78 2.78 2.78 2.78 2.78 2.78 2.78 2.78 2.78 2.78 2.78 2.78 2.78 2.78 2.78 2.78 2.78
2036.00 2.67 2.67 2.67 2.67 2.67 2.67 2.67 2.67 2.67 2.67 2.67 2.67 2.67 2.67 2.67 2.67 2.67 2.67 2.67 2.67 2.67 2.67 2.67
2037.00 2.63 2.63 2.63 2.63 2.63 2.63 2.63 2.63 2.63 2.63 2.63 2.63 2.63 2.63 2.63 2.63 2.63 2.63 2.63 2.63 2.63 2.63 2.63
2038.00 2.63 2.63 2.63 2.63 2.63 2.63 2.63 2.63 2.63 2.63 2.63 2.63 2.63 2.63 2.63 2.63 2.63 2.63 2.63 2.63 2.63 2.63 2.63
2039.00 2.64 2.64 2.64 2.64 2.64 2.64 2.64 2.64 2.64 2.64 2.64 2.64 2.64 2.64 2.64 2.64 2.64 2.64 2.64 2.64 2.64 2.64 2.64
2040.00 2.59 2.59 2.59 2.59 2.59 2.59 2.59 2.59 2.59 2.59 2.59 2.59 2.59 2.59 2.59 2.59 2.59 2.59 2.59 2.59 2.59 2.59 2.59
2041.00 2.65 2.65 2.65 2.65 2.65 2.65 2.65 2.65 2.65 2.65 2.65 2.65 2.65 2.65 2.65 2.65 2.65 2.65 2.65 2.65 2.65 2.65 2.65
2042.00 2.70 2.70 2.70 2.70 2.70 2.70 2.70 2.70 2.70 2.70 2.70 2.70 2.70 2.70 2.70 2.70 2.70 2.70 2.70 2.70 2.70 2.70 2.70
2043.00 2.75 2.75 2.75 2.75 2.75 2.75 2.75 2.75 2.75 2.75 2.75 2.75 2.75 2.75 2.75 2.75 2.75 2.75 2.75 2.75 2.75 2.75 2.75
2044.00 2.80 2.80 2.80 2.80 2.80 2.80 2.80 2.80 2.80 2.80 2.80 2.80 2.80 2.80 2.80 2.80 2.80 2.80 2.80 2.80 2.80 2.80 2.80
2045.00 2.89 2.89 2.89 2.89 2.89 2.89 2.89 2.89 2.89 2.89 2.89 2.89 2.89 2.89 2.89 2.89 2.89 2.89 2.89 2.89 2.89 2.89 2.89
2046.00 2.89 2.89 2.89 2.89 2.89 2.89 2.89 2.89 2.89 2.89 2.89 2.89 2.89 2.89 2.89 2.89 2.89 2.89 2.89 2.89 2.89 2.89 2.89
2047.00 2.92 2.92 2.92 2.92 2.92 2.92 2.92 2.92 2.92 2.92 2.92 2.92 2.92 2.92 2.92 2.92 2.92 2.92 2.92 2.92 2.92 2.92 2.92
2048.00 2.90 2.90 2.90 2.90 2.90 2.90 2.90 2.90 2.90 2.90 2.90 2.90 2.90 2.90 2.90 2.90 2.90 2.90 2.90 2.90 2.90 2.90 2.90
2049.00 2.93 2.93 2.93 2.93 2.93 2.93 2.93 2.93 2.93 2.93 2.93 2.93 2.93 2.93 2.93 2.93 2.93 2.93 2.93 2.93 2.93 2.93 2.93
2050.00 2.91 2.91 2.91 2.91 2.91 2.91 2.91 2.91 2.91 2.91 2.91 2.91 2.91 2.91 2.91 2.91 2.91 2.91 2.91 2.91 2.91 2.91 2.91
2051.00 2.95 2.95 2.95 2.95 2.95 2.95 2.95 2.95 2.95 2.95 2.95 2.95 2.95 2.95 2.95 2.95 2.95 2.95 2.95 2.95 2.95 2.95 2.95
2052.00 2.96 2.96 2.96 2.96 2.96 2.96 2.96 2.96 2.96 2.96 2.96 2.96 2.96 2.96 2.96 2.96 2.96 2.96 2.96 2.96 2.96 2.96 2.96
2053.00 3.06 3.06 3.06 3.06 3.06 3.06 3.06 3.06 3.06 3.06 3.06 3.06 3.06 3.06 3.06 3.06 3.06 3.06 3.06 3.06 3.06 3.06 3.06
2054.00 3.05 3.05 3.05 3.05 3.05 3.05 3.05 3.05 3.05 3.05 3.05 3.05 3.05 3.05 3.05 3.05 3.05 3.05 3.05 3.05 3.05 3.05 3.05
2055.00 3.05 3.05 3.05 3.05 3.05 3.05 3.05 3.05 3.05 3.05 3.05 3.05 3.05 3.05 3.05 3.05 3.05 3.05 3.05 3.05 3.05 3.05 3.05
2056.00 3.07 3.07 3.07 3.07 3.07 3.07 3.07 3.07 3.07 3.07 3.07 3.07 3.07 3.07 3.07 3.07 3.07 3.07 3.07 3.07 3.07 3.07 3.07
2057.00 3.11 3.11 3.11 3.11 3.11 3.11 3.11 3.11 3.11 3.11 3.11 3.11 3.11 3.11 3.11 3.11 3.11 3.11 3.11 3.11 3.11 3.11 3.11
2058.00 3.03 3.03 3.03 3.03 3.03 3.03 3.03 3.03 3.03 3.03 3.03 3.03 3.03 3.03 3.03 3.03 3.03 3.03 3.03 3.03 3.03 3.03 3.03
2059.00 3.03 3.03 3.03 3.03 3.03 3.03 3.03 3.03 3.03 3.03 3.03 3.03 3.03 3.03 3.03 3.03 3.03 3.03 3.03 3.03 3.03 3.03 3.03
2060.00 2.95 2.95 2.95 2.95 2.95 2.95 2.95 2.95 2.95 2.95 2.95 2.95 2.95 2.95 2.95 2.95 2.95 2.95 2.95 2.95 2.95 2.95 2.95
2061.00 2.90 2.90 2.90 2.90 2.90 2.90 2.90 2.90 2.90 2.90 2.90 2.90 2.90 2.90 2.90 2.90 2.90 2.90 2.90 2.90 2.90 2.90 2.90
2062.00 2.89 2.89 2.89 2.89 2.89 2.89 2.89 2.89 2.89 2.89 2.89 2.89 2.89 2.89 2.89 2.89 2.89 2.89 2.89 2.89 2.89 2.89 2.89
2063.00 2.90 2.90 2.90 2.90 2.90 2.90 2.90 2.90 2.90 2.90 2.90 2.90 2.90 2.90 2.90 2.90 2.90 2.90 2.90 2.90 2.90 2.90 2.90
2064.00 2.95 2.95 2.95 2.95 2.95 2.95 2.95 2.95 2.95 2.95 2.95 2.95 2.95 2.95 2.95 2.95 2.95 2.95 2.95 2.95 2.95 2.95 2.95
2065.00 3.00 3.00 3.00 3.00 3.00 3.00 3.00 3.00 3.00 3.00 3.00 3.00 3.00 3.00 3.00 3.00 3.00 3.00 3.00 3.00 3.00 3.00 3.00
