# yearspad, alpred
# [0.6  0.62 0.64 0.66 0.68 0.7  0.72 0.74 0.76 0.78 0.8  0.82 0.84 0.86
#  0.88 0.9  0.92 0.94 0.96 0.98 1.   1.02 1.04]
1922.00 1.77 1.77 1.77 1.77 1.77 1.77 1.77 1.77 1.77 1.77 1.77 1.77 1.77 1.77 1.77 1.77 1.77 1.77 1.77 1.77 1.77 1.77 1.77
1923.00 1.90 1.90 1.90 1.90 1.90 1.90 1.90 1.90 1.90 1.90 1.90 1.90 1.90 1.90 1.90 1.90 1.90 1.90 1.90 1.90 1.90 1.90 1.90
1924.00 1.54 1.54 1.54 1.54 1.54 1.54 1.54 1.54 1.54 1.54 1.54 1.54 1.54 1.54 1.54 1.54 1.54 1.54 1.54 1.54 1.54 1.54 1.54
1925.00 1.58 1.58 1.58 1.58 1.58 1.58 1.58 1.58 1.58 1.58 1.58 1.58 1.58 1.58 1.58 1.58 1.58 1.58 1.58 1.58 1.58 1.58 1.58
1926.00 2.14 2.14 2.14 2.14 2.14 2.14 2.14 2.14 2.14 2.14 2.14 2.14 2.14 2.14 2.14 2.14 2.14 2.14 2.14 2.14 2.14 2.14 2.14
1927.00 2.37 2.37 2.37 2.37 2.37 2.37 2.37 2.37 2.37 2.37 2.37 2.37 2.37 2.37 2.37 2.37 2.37 2.37 2.37 2.37 2.37 2.37 2.37
1928.00 2.63 2.63 2.63 2.63 2.63 2.63 2.63 2.63 2.63 2.63 2.63 2.63 2.63 2.63 2.63 2.63 2.63 2.63 2.63 2.63 2.63 2.63 2.63
1929.00 3.10 3.10 3.10 3.10 3.10 3.10 3.10 3.10 3.10 3.10 3.10 3.10 3.10 3.10 3.10 3.10 3.10 3.10 3.10 3.10 3.10 3.10 3.10
1930.00 2.91 2.91 2.91 2.91 2.91 2.91 2.91 2.91 2.91 2.91 2.91 2.91 2.91 2.91 2.91 2.91 2.91 2.91 2.91 2.91 2.91 2.91 2.91
1931.00 2.76 2.76 2.76 2.76 2.76 2.76 2.76 2.76 2.76 2.76 2.76 2.76 2.76 2.76 2.76 2.76 2.76 2.76 2.76 2.76 2.76 2.76 2.76
1932.00 2.89 2.89 2.89 2.89 2.89 2.89 2.89 2.89 2.89 2.89 2.89 2.89 2.89 2.89 2.89 2.89 2.89 2.89 2.89 2.89 2.89 2.89 2.89
1933.00 2.84 2.84 2.84 2.84 2.84 2.84 2.84 2.84 2.84 2.84 2.84 2.84 2.84 2.84 2.84 2.84 2.84 2.84 2.84 2.84 2.84 2.84 2.84
1934.00 2.94 2.94 2.94 2.94 2.94 2.94 2.94 2.94 2.94 2.94 2.94 2.94 2.94 2.94 2.94 2.94 2.94 2.94 2.94 2.94 2.94 2.94 2.94
1935.00 3.04 3.04 3.04 3.04 3.04 3.04 3.04 3.04 3.04 3.04 3.04 3.04 3.04 3.04 3.04 3.04 3.04 3.04 3.04 3.04 3.04 3.04 3.04
1936.00 3.32 3.32 3.32 3.32 3.32 3.32 3.32 3.32 3.32 3.32 3.32 3.32 3.32 3.32 3.32 3.32 3.32 3.32 3.32 3.32 3.32 3.32 3.32
1937.00 3.97 3.97 3.97 3.97 3.97 3.97 3.97 3.97 3.97 3.97 3.97 3.97 3.97 3.97 3.97 3.97 3.97 3.97 3.97 3.97 3.97 3.97 3.97
1938.00 3.85 3.85 3.85 3.85 3.85 3.85 3.85 3.85 3.85 3.85 3.85 3.85 3.85 3.85 3.85 3.85 3.85 3.85 3.85 3.85 3.85 3.85 3.85
1939.00 4.57 4.57 4.57 4.57 4.57 4.57 4.57 4.57 4.57 4.57 4.57 4.57 4.57 4.57 4.57 4.57 4.57 4.57 4.57 4.57 4.57 4.57 4.57
1940.00 5.08 5.08 5.08 5.08 5.08 5.08 5.08 5.08 5.08 5.08 5.08 5.08 5.08 5.08 5.08 5.08 5.08 5.08 5.08 5.08 5.08 5.08 5.08
1941.00 4.52 4.52 4.52 4.52 4.52 4.52 4.52 4.52 4.52 4.52 4.52 4.52 4.52 4.52 4.52 4.52 4.52 4.52 4.52 4.52 4.52 4.52 4.52
1942.00 4.37 4.37 4.37 4.37 4.37 4.37 4.37 4.37 4.37 4.37 4.37 4.37 4.37 4.37 4.37 4.37 4.37 4.37 4.37 4.37 4.37 4.37 4.37
1943.00 4.39 4.39 4.39 4.39 4.39 4.39 4.39 4.39 4.39 4.39 4.39 4.39 4.39 4.39 4.39 4.39 4.39 4.39 4.39 4.39 4.39 4.39 4.39
1944.00 4.83 4.83 4.83 4.83 4.83 4.83 4.83 4.83 4.83 4.83 4.83 4.83 4.83 4.83 4.83 4.83 4.83 4.83 4.83 4.83 4.83 4.83 4.83
1945.00 4.93 4.93 4.93 4.93 4.93 4.93 4.93 4.93 4.93 4.93 4.93 4.93 4.93 4.93 4.93 4.93 4.93 4.93 4.93 4.93 4.93 4.93 4.93
1946.00 5.41 5.41 5.41 5.41 5.41 5.41 5.41 5.41 5.41 5.41 5.41 5.41 5.41 5.41 5.41 5.41 5.41 5.41 5.41 5.41 5.41 5.41 5.41
1947.00 5.61 5.61 5.61 5.61 5.61 5.61 5.61 5.61 5.61 5.61 5.61 5.61 5.61 5.61 5.61 5.61 5.61 5.61 5.61 5.61 5.61 5.61 5.61
1948.00 5.26 5.26 5.26 5.26 5.26 5.26 5.26 5.26 5.26 5.26 5.26 5.26 5.26 5.26 5.26 5.26 5.26 5.26 5.26 5.26 5.26 5.26 5.26
1949.00 4.87 4.87 4.87 4.87 4.87 4.87 4.87 4.87 4.87 4.87 4.87 4.87 4.87 4.87 4.87 4.87 4.87 4.87 4.87 4.87 4.87 4.87 4.87
1950.00 5.15 5.15 5.15 5.15 5.15 5.15 5.15 5.15 5.15 5.15 5.15 5.15 5.15 5.15 5.15 5.15 5.15 5.15 5.15 5.15 5.15 5.15 5.15
1951.00 5.29 5.29 5.29 5.29 5.29 5.29 5.29 5.29 5.29 5.29 5.29 5.29 5.29 5.29 5.29 5.29 5.29 5.29 5.29 5.29 5.29 5.29 5.29
1952.00 4.61 4.61 4.61 4.61 4.61 4.61 4.61 4.61 4.61 4.61 4.61 4.61 4.61 4.61 4.61 4.61 4.61 4.61 4.61 4.61 4.61 4.61 4.61
1953.00 5.10 5.10 5.10 5.10 5.10 5.10 5.10 5.10 5.10 5.10 5.10 5.10 5.10 5.10 5.10 5.10 5.10 5.10 5.10 5.10 5.10 5.10 5.10
1954.00 5.06 5.06 5.06 5.06 5.06 5.06 5.06 5.06 5.06 5.06 5.06 5.06 5.06 5.06 5.06 5.06 5.06 5.06 5.06 5.06 5.06 5.06 5.06
1955.00 5.30 5.30 5.30 5.30 5.30 5.30 5.30 5.30 5.30 5.30 5.30 5.30 5.30 5.30 5.30 5.30 5.30 5.30 5.30 5.30 5.30 5.30 5.30
1956.00 5.08 5.08 5.08 5.08 5.08 5.08 5.08 5.08 5.08 5.08 5.08 5.08 5.08 5.08 5.08 5.08 5.08 5.08 5.08 5.08 5.08 5.08 5.08
1957.00 4.83 4.83 4.83 4.83 4.83 4.83 4.83 4.83 4.83 4.83 4.83 4.83 4.83 4.83 4.83 4.83 4.83 4.83 4.83 4.83 4.83 4.83 4.83
1958.00 3.96 3.96 3.96 3.96 3.96 3.96 3.96 3.96 3.96 3.96 3.96 3.96 3.96 3.96 3.96 3.96 3.96 3.96 3.96 3.96 3.96 3.96 3.96
1959.00 3.69 3.69 3.69 3.69 3.69 3.69 3.69 3.69 3.69 3.69 3.69 3.69 3.69 3.69 3.69 3.69 3.69 3.69 3.69 3.69 3.69 3.69 3.69
1960.00 3.60 3.60 3.60 3.60 3.60 3.60 3.60 3.60 3.60 3.60 3.60 3.60 3.60 3.60 3.60 3.60 3.60 3.60 3.60 3.60 3.60 3.60 3.60
1961.00 3.42 3.42 3.42 3.42 3.42 3.42 3.42 3.42 3.42 3.42 3.42 3.42 3.42 3.42 3.42 3.42 3.42 3.42 3.42 3.42 3.42 3.42 3.42
1962.00 3.89 3.89 3.89 3.89 3.89 3.89 3.89 3.89 3.89 3.89 3.89 3.89 3.89 3.89 3.89 3.89 3.89 3.89 3.89 3.89 3.89 3.89 3.89
1963.00 3.89 3.89 3.89 3.89 3.89 3.89 3.89 3.89 3.89 3.89 3.89 3.89 3.89 3.89 3.89 3.89 3.89 3.89 3.89 3.89 3.89 3.89 3.89
1964.00 3.72 3.72 3.72 3.72 3.72 3.72 3.72 3.72 3.72 3.72 3.72 3.72 3.72 3.72 3.72 3.72 3.72 3.72 3.72 3.72 3.72 3.72 3.72
1965.00 3.61 3.61 3.61 3.61 3.61 3.61 3.61 3.61 3.61 3.61 3.61 3.61 3.61 3.61 3.61 3.61 3.61 3.61 3.61 3.61 3.61 3.61 3.61
1966.00 3.72 3.72 3.72 3.72 3.72 3.72 3.72 3.72 3.72 3.72 3.72 3.72 3.72 3.72 3.72 3.72 3.72 3.72 3.72 3.72 3.72 3.72 3.72
1967.00 3.57 3.57 3.57 3.57 3.57 3.57 3.57 3.57 3.57 3.57 3.57 3.57 3.57 3.57 3.57 3.57 3.57 3.57 3.57 3.57 3.57 3.57 3.57
1968.00 3.32 3.32 3.32 3.32 3.32 3.32 3.32 3.32 3.32 3.32 3.32 3.32 3.32 3.32 3.32 3.32 3.32 3.32 3.32 3.32 3.32 3.32 3.32
1969.00 2.94 2.94 2.94 2.94 2.94 2.94 2.94 2.94 2.94 2.94 2.94 2.94 2.94 2.94 2.94 2.94 2.94 2.94 2.94 2.94 2.94 2.94 2.94
1970.00 124.77 124.77 124.77 124.77 124.77 124.77 124.77 124.77 124.77 124.77 124.77 124.77 124.77 124.77 124.77 124.77 124.77 124.77 124.77 124.77 124.77 124.77 124.77
1971.00 125.60 125.60 125.60 125.60 125.60 125.60 125.60 125.60 125.60 125.60 125.60 125.60 125.60 125.60 125.60 125.60 125.60 125.60 125.60 125.60 125.60 125.60 125.60
1972.00 134.26 134.26 134.26 134.26 134.26 134.26 134.26 134.26 134.26 134.26 134.26 134.26 134.26 134.26 134.26 134.26 134.26 134.26 134.26 134.26 134.26 134.26 134.26
1973.00 137.76 137.76 137.76 137.76 137.76 137.76 137.76 137.76 137.76 137.76 137.76 137.76 137.76 137.76 137.76 137.76 137.76 137.76 137.76 137.76 137.76 137.76 137.76
1974.00 132.86 132.86 132.86 132.86 132.86 132.86 132.86 132.86 132.86 132.86 132.86 132.86 132.86 132.86 132.86 132.86 132.86 132.86 132.86 132.86 132.86 132.86 132.86
1975.00 131.06 131.06 131.06 131.06 131.06 131.06 131.06 131.06 131.06 131.06 131.06 131.06 131.06 131.06 131.06 131.06 131.06 131.06 131.06 131.06 131.06 131.06 131.06
1976.00 134.17 134.17 134.17 134.17 134.17 134.17 134.17 134.17 134.17 134.17 134.17 134.17 134.17 134.17 134.17 134.17 134.17 134.17 134.17 134.17 134.17 134.17 134.17
1977.00 131.99 131.99 131.99 131.99 131.99 131.99 131.99 131.99 131.99 131.99 131.99 131.99 131.99 131.99 131.99 131.99 131.99 131.99 131.99 131.99 131.99 131.99 131.99
1978.00 129.29 129.29 129.29 129.29 129.29 129.29 129.29 129.29 129.29 129.29 129.29 129.29 129.29 129.29 129.29 129.29 129.29 129.29 129.29 129.29 129.29 129.29 129.29
1979.00 131.44 131.44 131.44 131.44 131.44 131.44 131.44 131.44 131.44 131.44 131.44 131.44 131.44 131.44 131.44 131.44 131.44 131.44 131.44 131.44 131.44 131.44 131.44
1980.00 131.03 131.03 131.03 131.03 131.03 131.03 131.03 131.03 131.03 131.03 131.03 131.03 131.03 131.03 131.03 131.03 131.03 131.03 131.03 131.03 131.03 131.03 131.03
1981.00 133.75 133.75 133.75 133.75 133.75 133.75 133.75 133.75 133.75 133.75 133.75 133.75 133.75 133.75 133.75 133.75 133.75 133.75 133.75 133.75 133.75 133.75 133.75
1982.00 130.51 130.51 130.51 130.51 130.51 130.51 130.51 130.51 130.51 130.51 130.51 130.51 130.51 130.51 130.51 130.51 130.51 130.51 130.51 130.51 130.51 130.51 130.51
1983.00 125.31 125.31 125.31 125.31 125.31 125.31 125.31 125.31 125.31 125.31 125.31 125.31 125.31 125.31 125.31 125.31 125.31 125.31 125.31 125.31 125.31 125.31 125.31
1984.00 119.63 119.63 119.63 119.63 119.63 119.63 119.63 119.63 119.63 119.63 119.63 119.63 119.63 119.63 119.63 119.63 119.63 119.63 119.63 119.63 119.63 119.63 119.63
1985.00 112.47 112.47 112.47 112.47 112.47 112.47 112.47 112.47 112.47 112.47 112.47 112.47 112.47 112.47 112.47 112.47 112.47 112.47 112.47 112.47 112.47 112.47 112.47
1986.00 109.85 109.85 109.85 109.85 109.85 109.85 109.85 109.85 109.85 109.85 109.85 109.85 109.85 109.85 109.85 109.85 109.85 109.85 109.85 109.85 109.85 109.85 109.85
1987.00 102.45 102.45 102.45 102.45 102.45 102.45 102.45 102.45 102.45 102.45 102.45 102.45 102.45 102.45 102.45 102.45 102.45 102.45 102.45 102.45 102.45 102.45 102.45
1988.00 54.10 56.31 58.53 60.75 62.96 65.18 67.40 69.61 71.83 74.05 76.26 78.48 80.70 82.91 85.13 87.35 89.56 91.78 94.00 96.21 98.43 100.65 102.86
1989.00 51.95 54.09 56.23 58.37 60.51 62.65 64.79 66.93 69.07 71.21 73.35 75.49 77.63 79.77 81.91 84.05 86.19 88.33 90.47 92.61 94.75 96.89 99.03
1990.00 49.65 51.70 53.75 55.81 57.86 59.91 61.97 64.02 66.07 68.13 70.18 72.23 74.28 76.34 78.39 80.44 82.50 84.55 86.60 88.66 90.71 92.76 94.82
1991.00 48.04 50.05 52.06 54.06 56.07 58.07 60.08 62.09 64.09 66.10 68.11 70.11 72.12 74.12 76.13 78.14 80.14 82.15 84.15 86.16 88.17 90.17 92.18
1992.00 47.65 49.64 51.62 53.60 55.59 57.57 59.55 61.54 63.52 65.50 67.48 69.47 71.45 73.43 75.42 77.40 79.38 81.37 83.35 85.33 87.31 89.30 91.28
1993.00 46.51 48.47 50.42 52.37 54.33 56.28 58.23 60.19 62.14 64.09 66.04 68.00 69.95 71.90 73.86 75.81 77.76 79.71 81.67 83.62 85.57 87.53 89.48
1994.00 46.12 48.04 49.96 51.89 53.81 55.73 57.66 59.58 61.50 63.43 65.35 67.27 69.20 71.12 73.04 74.97 76.89 78.81 80.74 82.66 84.58 86.51 88.43
1995.00 46.71 48.64 50.56 52.48 54.40 56.33 58.25 60.17 62.10 64.02 65.94 67.87 69.79 71.71 73.64 75.56 77.48 79.40 81.33 83.25 85.17 87.10 89.02
1996.00 45.72 47.61 49.49 51.37 53.26 55.14 57.02 58.90 60.79 62.67 64.55 66.44 68.32 70.20 72.08 73.97 75.85 77.73 79.61 81.50 83.38 85.26 87.15
1997.00 45.80 47.67 49.55 51.42 53.30 55.17 57.04 58.92 60.79 62.66 64.54 66.41 68.29 70.16 72.03 73.91 75.78 77.66 79.53 81.40 83.28 85.15 87.03
1998.00 45.81 47.66 49.51 51.35 53.20 55.04 56.89 58.73 60.58 62.43 64.27 66.12 67.96 69.81 71.65 73.50 75.35 77.19 79.04 80.88 82.73 84.57 86.42
1999.00 44.59 46.37 48.15 49.93 51.72 53.50 55.28 57.06 58.84 60.63 62.41 64.19 65.97 67.76 69.54 71.32 73.10 74.88 76.67 78.45 80.23 82.01 83.80
2000.00 41.52 43.20 44.88 46.56 48.24 49.92 51.60 53.28 54.96 56.64 58.32 60.00 61.68 63.36 65.04 66.72 68.40 70.08 71.76 73.44 75.12 76.80 78.48
2001.00 39.90 41.52 43.15 44.77 46.39 48.02 49.64 51.26 52.88 54.51 56.13 57.75 59.38 61.00 62.62 64.25 65.87 67.49 69.11 70.74 72.36 73.98 75.61
2002.00 38.78 40.37 41.95 43.54 45.13 46.72 48.31 49.90 51.49 53.08 54.67 56.26 57.85 59.44 61.02 62.61 64.20 65.79 67.38 68.97 70.56 72.15 73.74
2003.00 37.83 39.39 40.96 42.52 44.08 45.64 47.20 48.77 50.33 51.89 53.45 55.01 56.58 58.14 59.70 61.26 62.82 64.39 65.95 67.51 69.07 70.63 72.20
2004.00 34.68 36.14 37.60 39.06 40.52 41.98 43.44 44.90 46.36 47.82 49.28 50.74 52.20 53.66 55.12 56.58 58.04 59.50 60.96 62.42 63.89 65.35 66.81
2005.00 34.85 36.28 37.72 39.15 40.59 42.02 43.46 44.89 46.33 47.76 49.20 50.63 52.07 53.50 54.94 56.37 57.81 59.24 60.67 62.11 63.54 64.98 66.41
2006.00 34.35 35.75 37.15 38.55 39.95 41.35 42.74 44.14 45.54 46.94 48.34 49.74 51.14 52.53 53.93 55.33 56.73 58.13 59.53 60.93 62.32 63.72 65.12
2007.00 33.06 34.42 35.77 37.13 38.49 39.84 41.20 42.56 43.92 45.27 46.63 47.99 49.35 50.70 52.06 53.42 54.78 56.13 57.49 58.85 60.21 61.56 62.92
2008.00 30.72 31.99 33.25 34.52 35.78 37.05 38.31 39.58 40.85 42.11 43.38 44.64 45.91 47.17 48.44 49.70 50.97 52.24 53.50 54.77 56.03 57.30 58.56
2009.00 29.15 30.35 31.56 32.76 33.96 35.17 36.37 37.57 38.77 39.98 41.18 42.38 43.59 44.79 45.99 47.20 48.40 49.60 50.81 52.01 53.21 54.41 55.62
2010.00 25.97 27.06 28.15 29.25 30.34 31.43 32.52 33.61 34.70 35.79 36.88 37.97 39.06 40.15 41.24 42.33 43.42 44.51 45.60 46.69 47.78 48.87 49.96
2011.00 24.86 25.92 26.97 28.03 29.08 30.14 31.19 32.25 33.31 34.36 35.42 36.47 37.53 38.58 39.64 40.69 41.75 42.81 43.86 44.92 45.97 47.03 48.08
2012.00 24.70 25.72 26.74 27.76 28.78 29.80 30.82 31.84 32.86 33.88 34.90 35.92 36.94 37.96 38.98 40.00 41.02 42.04 43.06 44.08 45.10 46.12 47.15
2013.00 23.60 24.59 25.57 26.55 27.54 28.52 29.50 30.48 31.47 32.45 33.43 34.42 35.40 36.38 37.36 38.35 39.33 40.31 41.30 42.28 43.26 44.24 45.23
2014.00 22.72 23.66 24.60 25.53 26.47 27.41 28.35 29.29 30.22 31.16 32.10 33.04 33.98 34.91 35.85 36.79 37.73 38.67 39.61 40.54 41.48 42.42 43.36
2015.00 22.77 23.70 24.63 25.56 26.49 27.42 28.35 29.28 30.21 31.14 32.08 33.01 33.94 34.87 35.80 36.73 37.66 38.59 39.52 40.45 41.38 42.32 43.25
2016.00 22.59 23.50 24.40 25.31 26.22 27.12 28.03 28.94 29.84 30.75 31.65 32.56 33.47 34.37 35.28 36.18 37.09 38.00 38.90 39.81 40.72 41.62 42.53
2017.00 22.25 23.13 24.00 24.88 25.75 26.63 27.50 28.38 29.25 30.13 31.01 31.88 32.76 33.63 34.51 35.38 36.26 37.13 38.01 38.88 39.76 40.64 41.51
2018.00 -4.22 -4.22 -4.22 -4.22 -4.22 -4.22 -4.22 -4.22 -4.22 -4.22 -4.22 -4.22 -4.22 -4.22 -4.22 -4.22 -4.22 -4.22 -4.22 -4.22 -4.22 -4.22 -4.22
2019.00 -3.87 -3.87 -3.87 -3.87 -3.87 -3.87 -3.87 -3.87 -3.87 -3.87 -3.87 -3.87 -3.87 -3.87 -3.87 -3.87 -3.87 -3.87 -3.87 -3.87 -3.87 -3.87 -3.87
2020.00 -3.83 -3.83 -3.83 -3.83 -3.83 -3.83 -3.83 -3.83 -3.83 -3.83 -3.83 -3.83 -3.83 -3.83 -3.83 -3.83 -3.83 -3.83 -3.83 -3.83 -3.83 -3.83 -3.83
2021.00 -3.68 -3.68 -3.68 -3.68 -3.68 -3.68 -3.68 -3.68 -3.68 -3.68 -3.68 -3.68 -3.68 -3.68 -3.68 -3.68 -3.68 -3.68 -3.68 -3.68 -3.68 -3.68 -3.68
2022.00 -2.99 -2.99 -2.99 -2.99 -2.99 -2.99 -2.99 -2.99 -2.99 -2.99 -2.99 -2.99 -2.99 -2.99 -2.99 -2.99 -2.99 -2.99 -2.99 -2.99 -2.99 -2.99 -2.99
2023.00 -2.03 -2.03 -2.03 -2.03 -2.03 -2.03 -2.03 -2.03 -2.03 -2.03 -2.03 -2.03 -2.03 -2.03 -2.03 -2.03 -2.03 -2.03 -2.03 -2.03 -2.03 -2.03 -2.03
2024.00 -1.90 -1.90 -1.90 -1.90 -1.90 -1.90 -1.90 -1.90 -1.90 -1.90 -1.90 -1.90 -1.90 -1.90 -1.90 -1.90 -1.90 -1.90 -1.90 -1.90 -1.90 -1.90 -1.90
2025.00 -1.35 -1.35 -1.35 -1.35 -1.35 -1.35 -1.35 -1.35 -1.35 -1.35 -1.35 -1.35 -1.35 -1.35 -1.35 -1.35 -1.35 -1.35 -1.35 -1.35 -1.35 -1.35 -1.35
2026.00 -1.01 -1.01 -1.01 -1.01 -1.01 -1.01 -1.01 -1.01 -1.01 -1.01 -1.01 -1.01 -1.01 -1.01 -1.01 -1.01 -1.01 -1.01 -1.01 -1.01 -1.01 -1.01 -1.01
2027.00 -0.84 -0.84 -0.84 -0.84 -0.84 -0.84 -0.84 -0.84 -0.84 -0.84 -0.84 -0.84 -0.84 -0.84 -0.84 -0.84 -0.84 -0.84 -0.84 -0.84 -0.84 -0.84 -0.84
2028.00 -0.68 -0.68 -0.68 -0.68 -0.68 -0.68 -0.68 -0.68 -0.68 -0.68 -0.68 -0.68 -0.68 -0.68 -0.68 -0.68 -0.68 -0.68 -0.68 -0.68 -0.68 -0.68 -0.68
2029.00 -0.68 -0.68 -0.68 -0.68 -0.68 -0.68 -0.68 -0.68 -0.68 -0.68 -0.68 -0.68 -0.68 -0.68 -0.68 -0.68 -0.68 -0.68 -0.68 -0.68 -0.68 -0.68 -0.68
2030.00 -0.25 -0.25 -0.25 -0.25 -0.25 -0.25 -0.25 -0.25 -0.25 -0.25 -0.25 -0.25 -0.25 -0.25 -0.25 -0.25 -0.25 -0.25 -0.25 -0.25 -0.25 -0.25 -0.25
2031.00 -0.03 -0.03 -0.03 -0.03 -0.03 -0.03 -0.03 -0.03 -0.03 -0.03 -0.03 -0.03 -0.03 -0.03 -0.03 -0.03 -0.03 -0.03 -0.03 -0.03 -0.03 -0.03 -0.03
2032.00 0.13 0.13 0.13 0.13 0.13 0.13 0.13 0.13 0.13 0.13 0.13 0.13 0.13 0.13 0.13 0.13 0.13 0.13 0.13 0.13 0.13 0.13 0.13
2033.00 0.93 0.93 0.93 0.93 0.93 0.93 0.93 0.93 0.93 0.93 0.93 0.93 0.93 0.93 0.93 0.93 0.93 0.93 0.93 0.93 0.93 0.93 0.93
2034.00 1.13 1.13 1.13 1.13 1.13 1.13 1.13 1.13 1.13 1.13 1.13 1.13 1.13 1.13 1.13 1.13 1.13 1.13 1.13 1.13 1.13 1.13 1.13
2035.00 1.44 1.44 1.44 1.44 1.44 1.44 1.44 1.44 1.44 1.44 1.44 1.44 1.44 1.44 1.44 1.44 1.44 1.44 1.44 1.44 1.44 1.44 1.44
2036.00 1.68 1.68 1.68 1.68 1.68 1.68 1.68 1.68 1.68 1.68 1.68 1.68 1.68 1.68 1.68 1.68 1.68 1.68 1.68 1.68 1.68 1.68 1.68
2037.00 1.76 1.76 1.76 1.76 1.76 1.76 1.76 1.76 1.76 1.76 1.76 1.76 1.76 1.76 1.76 1.76 1.76 1.76 1.76 1.76 1.76 1.76 1.76
2038.00 1.87 1.87 1.87 1.87 1.87 1.87 1.87 1.87 1.87 1.87 1.87 1.87 1.87 1.87 1.87 1.87 1.87 1.87 1.87 1.87 1.87 1.87 1.87
2039.00 1.79 1.79 1.79 1.79 1.79 1.79 1.79 1.79 1.79 1.79 1.79 1.79 1.79 1.79 1.79 1.79 1.79 1.79 1.79 1.79 1.79 1.79 1.79
2040.00 1.70 1.70 1.70 1.70 1.70 1.70 1.70 1.70 1.70 1.70 1.70 1.70 1.70 1.70 1.70 1.70 1.70 1.70 1.70 1.70 1.70 1.70 1.70
2041.00 1.72 1.72 1.72 1.72 1.72 1.72 1.72 1.72 1.72 1.72 1.72 1.72 1.72 1.72 1.72 1.72 1.72 1.72 1.72 1.72 1.72 1.72 1.72
2042.00 1.59 1.59 1.59 1.59 1.59 1.59 1.59 1.59 1.59 1.59 1.59 1.59 1.59 1.59 1.59 1.59 1.59 1.59 1.59 1.59 1.59 1.59 1.59
2043.00 1.48 1.48 1.48 1.48 1.48 1.48 1.48 1.48 1.48 1.48 1.48 1.48 1.48 1.48 1.48 1.48 1.48 1.48 1.48 1.48 1.48 1.48 1.48
2044.00 1.60 1.60 1.60 1.60 1.60 1.60 1.60 1.60 1.60 1.60 1.60 1.60 1.60 1.60 1.60 1.60 1.60 1.60 1.60 1.60 1.60 1.60 1.60
2045.00 1.73 1.73 1.73 1.73 1.73 1.73 1.73 1.73 1.73 1.73 1.73 1.73 1.73 1.73 1.73 1.73 1.73 1.73 1.73 1.73 1.73 1.73 1.73
2046.00 1.69 1.69 1.69 1.69 1.69 1.69 1.69 1.69 1.69 1.69 1.69 1.69 1.69 1.69 1.69 1.69 1.69 1.69 1.69 1.69 1.69 1.69 1.69
2047.00 1.81 1.81 1.81 1.81 1.81 1.81 1.81 1.81 1.81 1.81 1.81 1.81 1.81 1.81 1.81 1.81 1.81 1.81 1.81 1.81 1.81 1.81 1.81
2048.00 1.94 1.94 1.94 1.94 1.94 1.94 1.94 1.94 1.94 1.94 1.94 1.94 1.94 1.94 1.94 1.94 1.94 1.94 1.94 1.94 1.94 1.94 1.94
2049.00 2.01 2.01 2.01 2.01 2.01 2.01 2.01 2.01 2.01 2.01 2.01 2.01 2.01 2.01 2.01 2.01 2.01 2.01 2.01 2.01 2.01 2.01 2.01
2050.00 1.87 1.87 1.87 1.87 1.87 1.87 1.87 1.87 1.87 1.87 1.87 1.87 1.87 1.87 1.87 1.87 1.87 1.87 1.87 1.87 1.87 1.87 1.87
2051.00 1.94 1.94 1.94 1.94 1.94 1.94 1.94 1.94 1.94 1.94 1.94 1.94 1.94 1.94 1.94 1.94 1.94 1.94 1.94 1.94 1.94 1.94 1.94
2052.00 1.79 1.79 1.79 1.79 1.79 1.79 1.79 1.79 1.79 1.79 1.79 1.79 1.79 1.79 1.79 1.79 1.79 1.79 1.79 1.79 1.79 1.79 1.79
2053.00 1.67 1.67 1.67 1.67 1.67 1.67 1.67 1.67 1.67 1.67 1.67 1.67 1.67 1.67 1.67 1.67 1.67 1.67 1.67 1.67 1.67 1.67 1.67
2054.00 1.54 1.54 1.54 1.54 1.54 1.54 1.54 1.54 1.54 1.54 1.54 1.54 1.54 1.54 1.54 1.54 1.54 1.54 1.54 1.54 1.54 1.54 1.54
2055.00 1.59 1.59 1.59 1.59 1.59 1.59 1.59 1.59 1.59 1.59 1.59 1.59 1.59 1.59 1.59 1.59 1.59 1.59 1.59 1.59 1.59 1.59 1.59
2056.00 1.74 1.74 1.74 1.74 1.74 1.74 1.74 1.74 1.74 1.74 1.74 1.74 1.74 1.74 1.74 1.74 1.74 1.74 1.74 1.74 1.74 1.74 1.74
2057.00 1.79 1.79 1.79 1.79 1.79 1.79 1.79 1.79 1.79 1.79 1.79 1.79 1.79 1.79 1.79 1.79 1.79 1.79 1.79 1.79 1.79 1.79 1.79
2058.00 1.80 1.80 1.80 1.80 1.80 1.80 1.80 1.80 1.80 1.80 1.80 1.80 1.80 1.80 1.80 1.80 1.80 1.80 1.80 1.80 1.80 1.80 1.80
2059.00 1.98 1.98 1.98 1.98 1.98 1.98 1.98 1.98 1.98 1.98 1.98 1.98 1.98 1.98 1.98 1.98 1.98 1.98 1.98 1.98 1.98 1.98 1.98
2060.00 2.07 2.07 2.07 2.07 2.07 2.07 2.07 2.07 2.07 2.07 2.07 2.07 2.07 2.07 2.07 2.07 2.07 2.07 2.07 2.07 2.07 2.07 2.07
2061.00 1.98 1.98 1.98 1.98 1.98 1.98 1.98 1.98 1.98 1.98 1.98 1.98 1.98 1.98 1.98 1.98 1.98 1.98 1.98 1.98 1.98 1.98 1.98
2062.00 2.07 2.07 2.07 2.07 2.07 2.07 2.07 2.07 2.07 2.07 2.07 2.07 2.07 2.07 2.07 2.07 2.07 2.07 2.07 2.07 2.07 2.07 2.07
2063.00 2.07 2.07 2.07 2.07 2.07 2.07 2.07 2.07 2.07 2.07 2.07 2.07 2.07 2.07 2.07 2.07 2.07 2.07 2.07 2.07 2.07 2.07 2.07
2064.00 1.84 1.84 1.84 1.84 1.84 1.84 1.84 1.84 1.84 1.84 1.84 1.84 1.84 1.84 1.84 1.84 1.84 1.84 1.84 1.84 1.84 1.84 1.84
2065.00 1.77 1.77 1.77 1.77 1.77 1.77 1.77 1.77 1.77 1.77 1.77 1.77 1.77 1.77 1.77 1.77 1.77 1.77 1.77 1.77 1.77 1.77 1.77
