# yearspad, alpred
# [0.6  0.62 0.64 0.66 0.68 0.7  0.72 0.74 0.76 0.78 0.8  0.82 0.84 0.86
#  0.88 0.9  0.92 0.94 0.96 0.98 1.   1.02 1.04]
1922.00 1.68 1.68 1.68 1.68 1.68 1.68 1.68 1.68 1.68 1.68 1.68 1.68 1.68 1.68 1.68 1.68 1.68 1.68 1.68 1.68 1.68 1.68 1.68
1923.00 2.49 2.49 2.49 2.49 2.49 2.49 2.49 2.49 2.49 2.49 2.49 2.49 2.49 2.49 2.49 2.49 2.49 2.49 2.49 2.49 2.49 2.49 2.49
1924.00 3.65 3.65 3.65 3.65 3.65 3.65 3.65 3.65 3.65 3.65 3.65 3.65 3.65 3.65 3.65 3.65 3.65 3.65 3.65 3.65 3.65 3.65 3.65
1925.00 4.21 4.21 4.21 4.21 4.21 4.21 4.21 4.21 4.21 4.21 4.21 4.21 4.21 4.21 4.21 4.21 4.21 4.21 4.21 4.21 4.21 4.21 4.21
1926.00 4.87 4.87 4.87 4.87 4.87 4.87 4.87 4.87 4.87 4.87 4.87 4.87 4.87 4.87 4.87 4.87 4.87 4.87 4.87 4.87 4.87 4.87 4.87
1927.00 5.53 5.53 5.53 5.53 5.53 5.53 5.53 5.53 5.53 5.53 5.53 5.53 5.53 5.53 5.53 5.53 5.53 5.53 5.53 5.53 5.53 5.53 5.53
1928.00 5.71 5.71 5.71 5.71 5.71 5.71 5.71 5.71 5.71 5.71 5.71 5.71 5.71 5.71 5.71 5.71 5.71 5.71 5.71 5.71 5.71 5.71 5.71
1929.00 6.03 6.03 6.03 6.03 6.03 6.03 6.03 6.03 6.03 6.03 6.03 6.03 6.03 6.03 6.03 6.03 6.03 6.03 6.03 6.03 6.03 6.03 6.03
1930.00 6.62 6.62 6.62 6.62 6.62 6.62 6.62 6.62 6.62 6.62 6.62 6.62 6.62 6.62 6.62 6.62 6.62 6.62 6.62 6.62 6.62 6.62 6.62
1931.00 6.64 6.64 6.64 6.64 6.64 6.64 6.64 6.64 6.64 6.64 6.64 6.64 6.64 6.64 6.64 6.64 6.64 6.64 6.64 6.64 6.64 6.64 6.64
1932.00 7.01 7.01 7.01 7.01 7.01 7.01 7.01 7.01 7.01 7.01 7.01 7.01 7.01 7.01 7.01 7.01 7.01 7.01 7.01 7.01 7.01 7.01 7.01
1933.00 7.52 7.52 7.52 7.52 7.52 7.52 7.52 7.52 7.52 7.52 7.52 7.52 7.52 7.52 7.52 7.52 7.52 7.52 7.52 7.52 7.52 7.52 7.52
1934.00 7.86 7.86 7.86 7.86 7.86 7.86 7.86 7.86 7.86 7.86 7.86 7.86 7.86 7.86 7.86 7.86 7.86 7.86 7.86 7.86 7.86 7.86 7.86
1935.00 7.65 7.65 7.65 7.65 7.65 7.65 7.65 7.65 7.65 7.65 7.65 7.65 7.65 7.65 7.65 7.65 7.65 7.65 7.65 7.65 7.65 7.65 7.65
1936.00 7.21 7.21 7.21 7.21 7.21 7.21 7.21 7.21 7.21 7.21 7.21 7.21 7.21 7.21 7.21 7.21 7.21 7.21 7.21 7.21 7.21 7.21 7.21
1937.00 6.96 6.96 6.96 6.96 6.96 6.96 6.96 6.96 6.96 6.96 6.96 6.96 6.96 6.96 6.96 6.96 6.96 6.96 6.96 6.96 6.96 6.96 6.96
1938.00 6.51 6.51 6.51 6.51 6.51 6.51 6.51 6.51 6.51 6.51 6.51 6.51 6.51 6.51 6.51 6.51 6.51 6.51 6.51 6.51 6.51 6.51 6.51
1939.00 5.36 5.36 5.36 5.36 5.36 5.36 5.36 5.36 5.36 5.36 5.36 5.36 5.36 5.36 5.36 5.36 5.36 5.36 5.36 5.36 5.36 5.36 5.36
1940.00 5.11 5.11 5.11 5.11 5.11 5.11 5.11 5.11 5.11 5.11 5.11 5.11 5.11 5.11 5.11 5.11 5.11 5.11 5.11 5.11 5.11 5.11 5.11
1941.00 5.02 5.02 5.02 5.02 5.02 5.02 5.02 5.02 5.02 5.02 5.02 5.02 5.02 5.02 5.02 5.02 5.02 5.02 5.02 5.02 5.02 5.02 5.02
1942.00 4.83 4.83 4.83 4.83 4.83 4.83 4.83 4.83 4.83 4.83 4.83 4.83 4.83 4.83 4.83 4.83 4.83 4.83 4.83 4.83 4.83 4.83 4.83
1943.00 4.58 4.58 4.58 4.58 4.58 4.58 4.58 4.58 4.58 4.58 4.58 4.58 4.58 4.58 4.58 4.58 4.58 4.58 4.58 4.58 4.58 4.58 4.58
1944.00 4.45 4.45 4.45 4.45 4.45 4.45 4.45 4.45 4.45 4.45 4.45 4.45 4.45 4.45 4.45 4.45 4.45 4.45 4.45 4.45 4.45 4.45 4.45
1945.00 3.89 3.89 3.89 3.89 3.89 3.89 3.89 3.89 3.89 3.89 3.89 3.89 3.89 3.89 3.89 3.89 3.89 3.89 3.89 3.89 3.89 3.89 3.89
1946.00 3.25 3.25 3.25 3.25 3.25 3.25 3.25 3.25 3.25 3.25 3.25 3.25 3.25 3.25 3.25 3.25 3.25 3.25 3.25 3.25 3.25 3.25 3.25
1947.00 3.07 3.07 3.07 3.07 3.07 3.07 3.07 3.07 3.07 3.07 3.07 3.07 3.07 3.07 3.07 3.07 3.07 3.07 3.07 3.07 3.07 3.07 3.07
1948.00 3.28 3.28 3.28 3.28 3.28 3.28 3.28 3.28 3.28 3.28 3.28 3.28 3.28 3.28 3.28 3.28 3.28 3.28 3.28 3.28 3.28 3.28 3.28
1949.00 3.10 3.10 3.10 3.10 3.10 3.10 3.10 3.10 3.10 3.10 3.10 3.10 3.10 3.10 3.10 3.10 3.10 3.10 3.10 3.10 3.10 3.10 3.10
1950.00 3.44 3.44 3.44 3.44 3.44 3.44 3.44 3.44 3.44 3.44 3.44 3.44 3.44 3.44 3.44 3.44 3.44 3.44 3.44 3.44 3.44 3.44 3.44
1951.00 4.39 4.39 4.39 4.39 4.39 4.39 4.39 4.39 4.39 4.39 4.39 4.39 4.39 4.39 4.39 4.39 4.39 4.39 4.39 4.39 4.39 4.39 4.39
1952.00 4.56 4.56 4.56 4.56 4.56 4.56 4.56 4.56 4.56 4.56 4.56 4.56 4.56 4.56 4.56 4.56 4.56 4.56 4.56 4.56 4.56 4.56 4.56
1953.00 3.86 3.86 3.86 3.86 3.86 3.86 3.86 3.86 3.86 3.86 3.86 3.86 3.86 3.86 3.86 3.86 3.86 3.86 3.86 3.86 3.86 3.86 3.86
1954.00 3.35 3.35 3.35 3.35 3.35 3.35 3.35 3.35 3.35 3.35 3.35 3.35 3.35 3.35 3.35 3.35 3.35 3.35 3.35 3.35 3.35 3.35 3.35
1955.00 2.65 2.65 2.65 2.65 2.65 2.65 2.65 2.65 2.65 2.65 2.65 2.65 2.65 2.65 2.65 2.65 2.65 2.65 2.65 2.65 2.65 2.65 2.65
1956.00 2.15 2.15 2.15 2.15 2.15 2.15 2.15 2.15 2.15 2.15 2.15 2.15 2.15 2.15 2.15 2.15 2.15 2.15 2.15 2.15 2.15 2.15 2.15
1957.00 2.38 2.38 2.38 2.38 2.38 2.38 2.38 2.38 2.38 2.38 2.38 2.38 2.38 2.38 2.38 2.38 2.38 2.38 2.38 2.38 2.38 2.38 2.38
1958.00 2.50 2.50 2.50 2.50 2.50 2.50 2.50 2.50 2.50 2.50 2.50 2.50 2.50 2.50 2.50 2.50 2.50 2.50 2.50 2.50 2.50 2.50 2.50
1959.00 2.08 2.08 2.08 2.08 2.08 2.08 2.08 2.08 2.08 2.08 2.08 2.08 2.08 2.08 2.08 2.08 2.08 2.08 2.08 2.08 2.08 2.08 2.08
1960.00 2.18 2.18 2.18 2.18 2.18 2.18 2.18 2.18 2.18 2.18 2.18 2.18 2.18 2.18 2.18 2.18 2.18 2.18 2.18 2.18 2.18 2.18 2.18
1961.00 2.28 2.28 2.28 2.28 2.28 2.28 2.28 2.28 2.28 2.28 2.28 2.28 2.28 2.28 2.28 2.28 2.28 2.28 2.28 2.28 2.28 2.28 2.28
1962.00 1.91 1.91 1.91 1.91 1.91 1.91 1.91 1.91 1.91 1.91 1.91 1.91 1.91 1.91 1.91 1.91 1.91 1.91 1.91 1.91 1.91 1.91 1.91
1963.00 1.78 1.78 1.78 1.78 1.78 1.78 1.78 1.78 1.78 1.78 1.78 1.78 1.78 1.78 1.78 1.78 1.78 1.78 1.78 1.78 1.78 1.78 1.78
1964.00 1.64 1.64 1.64 1.64 1.64 1.64 1.64 1.64 1.64 1.64 1.64 1.64 1.64 1.64 1.64 1.64 1.64 1.64 1.64 1.64 1.64 1.64 1.64
1965.00 1.54 1.54 1.54 1.54 1.54 1.54 1.54 1.54 1.54 1.54 1.54 1.54 1.54 1.54 1.54 1.54 1.54 1.54 1.54 1.54 1.54 1.54 1.54
1966.00 1.63 1.63 1.63 1.63 1.63 1.63 1.63 1.63 1.63 1.63 1.63 1.63 1.63 1.63 1.63 1.63 1.63 1.63 1.63 1.63 1.63 1.63 1.63
1967.00 1.79 1.79 1.79 1.79 1.79 1.79 1.79 1.79 1.79 1.79 1.79 1.79 1.79 1.79 1.79 1.79 1.79 1.79 1.79 1.79 1.79 1.79 1.79
1968.00 1.30 1.30 1.30 1.30 1.30 1.30 1.30 1.30 1.30 1.30 1.30 1.30 1.30 1.30 1.30 1.30 1.30 1.30 1.30 1.30 1.30 1.30 1.30
1969.00 -0.01 -0.01 -0.01 -0.01 -0.01 -0.01 -0.01 -0.01 -0.01 -0.01 -0.01 -0.01 -0.01 -0.01 -0.01 -0.01 -0.01 -0.01 -0.01 -0.01 -0.01 -0.01 -0.01
1970.00 119.93 119.93 119.93 119.93 119.93 119.93 119.93 119.93 119.93 119.93 119.93 119.93 119.93 119.93 119.93 119.93 119.93 119.93 119.93 119.93 119.93 119.93 119.93
1971.00 117.52 117.52 117.52 117.52 117.52 117.52 117.52 117.52 117.52 117.52 117.52 117.52 117.52 117.52 117.52 117.52 117.52 117.52 117.52 117.52 117.52 117.52 117.52
1972.00 110.92 110.92 110.92 110.92 110.92 110.92 110.92 110.92 110.92 110.92 110.92 110.92 110.92 110.92 110.92 110.92 110.92 110.92 110.92 110.92 110.92 110.92 110.92
1973.00 109.35 109.35 109.35 109.35 109.35 109.35 109.35 109.35 109.35 109.35 109.35 109.35 109.35 109.35 109.35 109.35 109.35 109.35 109.35 109.35 109.35 109.35 109.35
1974.00 112.33 112.33 112.33 112.33 112.33 112.33 112.33 112.33 112.33 112.33 112.33 112.33 112.33 112.33 112.33 112.33 112.33 112.33 112.33 112.33 112.33 112.33 112.33
1975.00 110.25 110.25 110.25 110.25 110.25 110.25 110.25 110.25 110.25 110.25 110.25 110.25 110.25 110.25 110.25 110.25 110.25 110.25 110.25 110.25 110.25 110.25 110.25
1976.00 113.47 113.47 113.47 113.47 113.47 113.47 113.47 113.47 113.47 113.47 113.47 113.47 113.47 113.47 113.47 113.47 113.47 113.47 113.47 113.47 113.47 113.47 113.47
1977.00 117.25 117.25 117.25 117.25 117.25 117.25 117.25 117.25 117.25 117.25 117.25 117.25 117.25 117.25 117.25 117.25 117.25 117.25 117.25 117.25 117.25 117.25 117.25
1978.00 117.51 117.51 117.51 117.51 117.51 117.51 117.51 117.51 117.51 117.51 117.51 117.51 117.51 117.51 117.51 117.51 117.51 117.51 117.51 117.51 117.51 117.51 117.51
1979.00 117.37 117.37 117.37 117.37 117.37 117.37 117.37 117.37 117.37 117.37 117.37 117.37 117.37 117.37 117.37 117.37 117.37 117.37 117.37 117.37 117.37 117.37 117.37
1980.00 117.96 117.96 117.96 117.96 117.96 117.96 117.96 117.96 117.96 117.96 117.96 117.96 117.96 117.96 117.96 117.96 117.96 117.96 117.96 117.96 117.96 117.96 117.96
1981.00 116.44 116.44 116.44 116.44 116.44 116.44 116.44 116.44 116.44 116.44 116.44 116.44 116.44 116.44 116.44 116.44 116.44 116.44 116.44 116.44 116.44 116.44 116.44
1982.00 114.76 114.76 114.76 114.76 114.76 114.76 114.76 114.76 114.76 114.76 114.76 114.76 114.76 114.76 114.76 114.76 114.76 114.76 114.76 114.76 114.76 114.76 114.76
1983.00 114.10 114.10 114.10 114.10 114.10 114.10 114.10 114.10 114.10 114.10 114.10 114.10 114.10 114.10 114.10 114.10 114.10 114.10 114.10 114.10 114.10 114.10 114.10
1984.00 112.44 112.44 112.44 112.44 112.44 112.44 112.44 112.44 112.44 112.44 112.44 112.44 112.44 112.44 112.44 112.44 112.44 112.44 112.44 112.44 112.44 112.44 112.44
1985.00 111.00 111.00 111.00 111.00 111.00 111.00 111.00 111.00 111.00 111.00 111.00 111.00 111.00 111.00 111.00 111.00 111.00 111.00 111.00 111.00 111.00 111.00 111.00
1986.00 108.54 108.54 108.54 108.54 108.54 108.54 108.54 108.54 108.54 108.54 108.54 108.54 108.54 108.54 108.54 108.54 108.54 108.54 108.54 108.54 108.54 108.54 108.54
1987.00 108.96 108.96 108.96 108.96 108.96 108.96 108.96 108.96 108.96 108.96 108.96 108.96 108.96 108.96 108.96 108.96 108.96 108.96 108.96 108.96 108.96 108.96 108.96
1988.00 60.25 62.46 64.67 66.89 69.10 71.31 73.52 75.74 77.95 80.16 82.37 84.59 86.80 89.01 91.23 93.44 95.65 97.86 100.08 102.29 104.50 106.71 108.93
1989.00 58.01 60.14 62.28 64.41 66.55 68.68 70.82 72.95 75.09 77.22 79.36 81.49 83.63 85.77 87.90 90.04 92.17 94.31 96.44 98.58 100.71 102.85 104.98
1990.00 55.69 57.74 59.79 61.84 63.89 65.95 68.00 70.05 72.10 74.15 76.20 78.26 80.31 82.36 84.41 86.46 88.51 90.56 92.62 94.67 96.72 98.77 100.82
1991.00 54.32 56.33 58.33 60.34 62.35 64.36 66.36 68.37 70.38 72.39 74.39 76.40 78.41 80.42 82.42 84.43 86.44 88.45 90.45 92.46 94.47 96.48 98.49
1992.00 53.75 55.73 57.72 59.70 61.69 63.67 65.66 67.64 69.63 71.61 73.60 75.58 77.57 79.55 81.54 83.52 85.51 87.49 89.48 91.46 93.45 95.43 97.42
1993.00 53.59 55.55 57.50 59.46 61.42 63.37 65.33 67.29 69.24 71.20 73.16 75.11 77.07 79.03 80.98 82.94 84.90 86.85 88.81 90.77 92.72 94.68 96.64
1994.00 53.18 55.11 57.03 58.96 60.89 62.82 64.75 66.68 68.60 70.53 72.46 74.39 76.32 78.24 80.17 82.10 84.03 85.96 87.89 89.81 91.74 93.67 95.60
1995.00 53.89 55.82 57.74 59.67 61.59 63.52 65.45 67.37 69.30 71.22 73.15 75.07 77.00 78.92 80.85 82.77 84.70 86.63 88.55 90.48 92.40 94.33 96.25
1996.00 53.55 55.44 57.32 59.21 61.09 62.98 64.86 66.75 68.64 70.52 72.41 74.29 76.18 78.06 79.95 81.84 83.72 85.61 87.49 89.38 91.26 93.15 95.03
1997.00 53.25 55.12 57.00 58.87 60.75 62.63 64.50 66.38 68.25 70.13 72.01 73.88 75.76 77.63 79.51 81.39 83.26 85.14 87.02 88.89 90.77 92.64 94.52
1998.00 51.75 53.59 55.44 57.29 59.14 60.99 62.83 64.68 66.53 68.38 70.23 72.07 73.92 75.77 77.62 79.47 81.31 83.16 85.01 86.86 88.71 90.55 92.40
1999.00 49.80 51.58 53.37 55.15 56.94 58.72 60.50 62.29 64.07 65.86 67.64 69.43 71.21 73.00 74.78 76.57 78.35 80.14 81.92 83.71 85.49 87.27 89.06
2000.00 46.97 48.65 50.33 52.02 53.70 55.38 57.06 58.74 60.42 62.10 63.78 65.46 67.14 68.83 70.51 72.19 73.87 75.55 77.23 78.91 80.59 82.27 83.95
2001.00 45.46 47.09 48.71 50.33 51.96 53.58 55.20 56.83 58.45 60.07 61.70 63.32 64.95 66.57 68.19 69.82 71.44 73.06 74.69 76.31 77.93 79.56 81.18
2002.00 44.92 46.51 48.10 49.69 51.28 52.87 54.46 56.04 57.63 59.22 60.81 62.40 63.99 65.58 67.17 68.76 70.35 71.94 73.52 75.11 76.70 78.29 79.88
2003.00 44.60 46.17 47.73 49.29 50.86 52.42 53.98 55.55 57.11 58.68 60.24 61.80 63.37 64.93 66.49 68.06 69.62 71.18 72.75 74.31 75.88 77.44 79.00
2004.00 41.49 42.95 44.41 45.88 47.34 48.80 50.27 51.73 53.19 54.65 56.12 57.58 59.04 60.51 61.97 63.43 64.90 66.36 67.82 69.29 70.75 72.21 73.68
2005.00 40.57 42.01 43.45 44.88 46.32 47.76 49.20 50.64 52.07 53.51 54.95 56.39 57.83 59.26 60.70 62.14 63.58 65.02 66.46 67.89 69.33 70.77 72.21
2006.00 39.71 41.11 42.51 43.91 45.31 46.71 48.11 49.51 50.91 52.31 53.70 55.10 56.50 57.90 59.30 60.70 62.10 63.50 64.90 66.30 67.70 69.10 70.50
2007.00 38.26 39.62 40.98 42.33 43.69 45.05 46.41 47.77 49.12 50.48 51.84 53.20 54.55 55.91 57.27 58.63 59.98 61.34 62.70 64.06 65.41 66.77 68.13
2008.00 35.20 36.47 37.74 39.00 40.27 41.53 42.80 44.06 45.33 46.60 47.86 49.13 50.39 51.66 52.93 54.19 55.46 56.72 57.99 59.26 60.52 61.79 63.05
2009.00 33.88 35.08 36.29 37.49 38.69 39.90 41.10 42.30 43.51 44.71 45.91 47.12 48.32 49.52 50.73 51.93 53.13 54.33 55.54 56.74 57.94 59.15 60.35
2010.00 31.63 32.72 33.81 34.90 36.00 37.09 38.18 39.27 40.36 41.45 42.54 43.63 44.72 45.81 46.90 47.99 49.08 50.17 51.27 52.36 53.45 54.54 55.63
2011.00 31.14 32.20 33.25 34.31 35.37 36.43 37.48 38.54 39.60 40.66 41.71 42.77 43.83 44.88 45.94 47.00 48.06 49.11 50.17 51.23 52.29 53.34 54.40
2012.00 30.82 31.84 32.86 33.89 34.91 35.93 36.96 37.98 39.00 40.03 41.05 42.07 43.10 44.12 45.14 46.17 47.19 48.21 49.24 50.26 51.28 52.31 53.33
2013.00 30.33 31.32 32.30 33.29 34.27 35.26 36.24 37.23 38.22 39.20 40.19 41.17 42.16 43.14 44.13 45.11 46.10 47.09 48.07 49.06 50.04 51.03 52.01
2014.00 29.31 30.25 31.19 32.13 33.07 34.01 34.96 35.90 36.84 37.78 38.72 39.66 40.60 41.54 42.48 43.42 44.36 45.30 46.24 47.19 48.13 49.07 50.01
2015.00 29.51 30.44 31.38 32.31 33.25 34.18 35.11 36.05 36.98 37.92 38.85 39.78 40.72 41.65 42.59 43.52 44.45 45.39 46.32 47.26 48.19 49.12 50.06
2016.00 29.34 30.25 31.16 32.07 32.98 33.89 34.80 35.71 36.62 37.52 38.43 39.34 40.25 41.16 42.07 42.98 43.89 44.80 45.71 46.62 47.53 48.43 49.34
2017.00 29.01 29.88 30.76 31.64 32.52 33.40 34.28 35.16 36.04 36.91 37.79 38.67 39.55 40.43 41.31 42.19 43.06 43.94 44.82 45.70 46.58 47.46 48.34
2018.00 3.29 3.29 3.29 3.29 3.29 3.29 3.29 3.29 3.29 3.29 3.29 3.29 3.29 3.29 3.29 3.29 3.29 3.29 3.29 3.29 3.29 3.29 3.29
2019.00 3.81 3.81 3.81 3.81 3.81 3.81 3.81 3.81 3.81 3.81 3.81 3.81 3.81 3.81 3.81 3.81 3.81 3.81 3.81 3.81 3.81 3.81 3.81
2020.00 4.92 4.92 4.92 4.92 4.92 4.92 4.92 4.92 4.92 4.92 4.92 4.92 4.92 4.92 4.92 4.92 4.92 4.92 4.92 4.92 4.92 4.92 4.92
2021.00 5.28 5.28 5.28 5.28 5.28 5.28 5.28 5.28 5.28 5.28 5.28 5.28 5.28 5.28 5.28 5.28 5.28 5.28 5.28 5.28 5.28 5.28 5.28
2022.00 5.15 5.15 5.15 5.15 5.15 5.15 5.15 5.15 5.15 5.15 5.15 5.15 5.15 5.15 5.15 5.15 5.15 5.15 5.15 5.15 5.15 5.15 5.15
2023.00 5.27 5.27 5.27 5.27 5.27 5.27 5.27 5.27 5.27 5.27 5.27 5.27 5.27 5.27 5.27 5.27 5.27 5.27 5.27 5.27 5.27 5.27 5.27
2024.00 5.15 5.15 5.15 5.15 5.15 5.15 5.15 5.15 5.15 5.15 5.15 5.15 5.15 5.15 5.15 5.15 5.15 5.15 5.15 5.15 5.15 5.15 5.15
2025.00 4.31 4.31 4.31 4.31 4.31 4.31 4.31 4.31 4.31 4.31 4.31 4.31 4.31 4.31 4.31 4.31 4.31 4.31 4.31 4.31 4.31 4.31 4.31
2026.00 3.78 3.78 3.78 3.78 3.78 3.78 3.78 3.78 3.78 3.78 3.78 3.78 3.78 3.78 3.78 3.78 3.78 3.78 3.78 3.78 3.78 3.78 3.78
2027.00 3.40 3.40 3.40 3.40 3.40 3.40 3.40 3.40 3.40 3.40 3.40 3.40 3.40 3.40 3.40 3.40 3.40 3.40 3.40 3.40 3.40 3.40 3.40
2028.00 3.27 3.27 3.27 3.27 3.27 3.27 3.27 3.27 3.27 3.27 3.27 3.27 3.27 3.27 3.27 3.27 3.27 3.27 3.27 3.27 3.27 3.27 3.27
2029.00 2.92 2.92 2.92 2.92 2.92 2.92 2.92 2.92 2.92 2.92 2.92 2.92 2.92 2.92 2.92 2.92 2.92 2.92 2.92 2.92 2.92 2.92 2.92
2030.00 2.65 2.65 2.65 2.65 2.65 2.65 2.65 2.65 2.65 2.65 2.65 2.65 2.65 2.65 2.65 2.65 2.65 2.65 2.65 2.65 2.65 2.65 2.65
2031.00 2.35 2.35 2.35 2.35 2.35 2.35 2.35 2.35 2.35 2.35 2.35 2.35 2.35 2.35 2.35 2.35 2.35 2.35 2.35 2.35 2.35 2.35 2.35
2032.00 1.83 1.83 1.83 1.83 1.83 1.83 1.83 1.83 1.83 1.83 1.83 1.83 1.83 1.83 1.83 1.83 1.83 1.83 1.83 1.83 1.83 1.83 1.83
2033.00 1.57 1.57 1.57 1.57 1.57 1.57 1.57 1.57 1.57 1.57 1.57 1.57 1.57 1.57 1.57 1.57 1.57 1.57 1.57 1.57 1.57 1.57 1.57
2034.00 1.65 1.65 1.65 1.65 1.65 1.65 1.65 1.65 1.65 1.65 1.65 1.65 1.65 1.65 1.65 1.65 1.65 1.65 1.65 1.65 1.65 1.65 1.65
2035.00 1.26 1.26 1.26 1.26 1.26 1.26 1.26 1.26 1.26 1.26 1.26 1.26 1.26 1.26 1.26 1.26 1.26 1.26 1.26 1.26 1.26 1.26 1.26
2036.00 1.07 1.07 1.07 1.07 1.07 1.07 1.07 1.07 1.07 1.07 1.07 1.07 1.07 1.07 1.07 1.07 1.07 1.07 1.07 1.07 1.07 1.07 1.07
2037.00 0.95 0.95 0.95 0.95 0.95 0.95 0.95 0.95 0.95 0.95 0.95 0.95 0.95 0.95 0.95 0.95 0.95 0.95 0.95 0.95 0.95 0.95 0.95
2038.00 0.92 0.92 0.92 0.92 0.92 0.92 0.92 0.92 0.92 0.92 0.92 0.92 0.92 0.92 0.92 0.92 0.92 0.92 0.92 0.92 0.92 0.92 0.92
2039.00 0.84 0.84 0.84 0.84 0.84 0.84 0.84 0.84 0.84 0.84 0.84 0.84 0.84 0.84 0.84 0.84 0.84 0.84 0.84 0.84 0.84 0.84 0.84
2040.00 0.85 0.85 0.85 0.85 0.85 0.85 0.85 0.85 0.85 0.85 0.85 0.85 0.85 0.85 0.85 0.85 0.85 0.85 0.85 0.85 0.85 0.85 0.85
2041.00 0.88 0.88 0.88 0.88 0.88 0.88 0.88 0.88 0.88 0.88 0.88 0.88 0.88 0.88 0.88 0.88 0.88 0.88 0.88 0.88 0.88 0.88 0.88
2042.00 1.13 1.13 1.13 1.13 1.13 1.13 1.13 1.13 1.13 1.13 1.13 1.13 1.13 1.13 1.13 1.13 1.13 1.13 1.13 1.13 1.13 1.13 1.13
2043.00 1.30 1.30 1.30 1.30 1.30 1.30 1.30 1.30 1.30 1.30 1.30 1.30 1.30 1.30 1.30 1.30 1.30 1.30 1.30 1.30 1.30 1.30 1.30
2044.00 1.52 1.52 1.52 1.52 1.52 1.52 1.52 1.52 1.52 1.52 1.52 1.52 1.52 1.52 1.52 1.52 1.52 1.52 1.52 1.52 1.52 1.52 1.52
2045.00 1.71 1.71 1.71 1.71 1.71 1.71 1.71 1.71 1.71 1.71 1.71 1.71 1.71 1.71 1.71 1.71 1.71 1.71 1.71 1.71 1.71 1.71 1.71
2046.00 1.89 1.89 1.89 1.89 1.89 1.89 1.89 1.89 1.89 1.89 1.89 1.89 1.89 1.89 1.89 1.89 1.89 1.89 1.89 1.89 1.89 1.89 1.89
2047.00 1.80 1.80 1.80 1.80 1.80 1.80 1.80 1.80 1.80 1.80 1.80 1.80 1.80 1.80 1.80 1.80 1.80 1.80 1.80 1.80 1.80 1.80 1.80
2048.00 1.81 1.81 1.81 1.81 1.81 1.81 1.81 1.81 1.81 1.81 1.81 1.81 1.81 1.81 1.81 1.81 1.81 1.81 1.81 1.81 1.81 1.81 1.81
2049.00 1.78 1.78 1.78 1.78 1.78 1.78 1.78 1.78 1.78 1.78 1.78 1.78 1.78 1.78 1.78 1.78 1.78 1.78 1.78 1.78 1.78 1.78 1.78
2050.00 1.64 1.64 1.64 1.64 1.64 1.64 1.64 1.64 1.64 1.64 1.64 1.64 1.64 1.64 1.64 1.64 1.64 1.64 1.64 1.64 1.64 1.64 1.64
2051.00 1.43 1.43 1.43 1.43 1.43 1.43 1.43 1.43 1.43 1.43 1.43 1.43 1.43 1.43 1.43 1.43 1.43 1.43 1.43 1.43 1.43 1.43 1.43
2052.00 1.50 1.50 1.50 1.50 1.50 1.50 1.50 1.50 1.50 1.50 1.50 1.50 1.50 1.50 1.50 1.50 1.50 1.50 1.50 1.50 1.50 1.50 1.50
2053.00 1.43 1.43 1.43 1.43 1.43 1.43 1.43 1.43 1.43 1.43 1.43 1.43 1.43 1.43 1.43 1.43 1.43 1.43 1.43 1.43 1.43 1.43 1.43
2054.00 1.41 1.41 1.41 1.41 1.41 1.41 1.41 1.41 1.41 1.41 1.41 1.41 1.41 1.41 1.41 1.41 1.41 1.41 1.41 1.41 1.41 1.41 1.41
2055.00 1.34 1.34 1.34 1.34 1.34 1.34 1.34 1.34 1.34 1.34 1.34 1.34 1.34 1.34 1.34 1.34 1.34 1.34 1.34 1.34 1.34 1.34 1.34
2056.00 1.34 1.34 1.34 1.34 1.34 1.34 1.34 1.34 1.34 1.34 1.34 1.34 1.34 1.34 1.34 1.34 1.34 1.34 1.34 1.34 1.34 1.34 1.34
2057.00 1.29 1.29 1.29 1.29 1.29 1.29 1.29 1.29 1.29 1.29 1.29 1.29 1.29 1.29 1.29 1.29 1.29 1.29 1.29 1.29 1.29 1.29 1.29
2058.00 1.26 1.26 1.26 1.26 1.26 1.26 1.26 1.26 1.26 1.26 1.26 1.26 1.26 1.26 1.26 1.26 1.26 1.26 1.26 1.26 1.26 1.26 1.26
2059.00 1.10 1.10 1.10 1.10 1.10 1.10 1.10 1.10 1.10 1.10 1.10 1.10 1.10 1.10 1.10 1.10 1.10 1.10 1.10 1.10 1.10 1.10 1.10
2060.00 1.13 1.13 1.13 1.13 1.13 1.13 1.13 1.13 1.13 1.13 1.13 1.13 1.13 1.13 1.13 1.13 1.13 1.13 1.13 1.13 1.13 1.13 1.13
2061.00 1.02 1.02 1.02 1.02 1.02 1.02 1.02 1.02 1.02 1.02 1.02 1.02 1.02 1.02 1.02 1.02 1.02 1.02 1.02 1.02 1.02 1.02 1.02
2062.00 0.95 0.95 0.95 0.95 0.95 0.95 0.95 0.95 0.95 0.95 0.95 0.95 0.95 0.95 0.95 0.95 0.95 0.95 0.95 0.95 0.95 0.95 0.95
2063.00 1.05 1.05 1.05 1.05 1.05 1.05 1.05 1.05 1.05 1.05 1.05 1.05 1.05 1.05 1.05 1.05 1.05 1.05 1.05 1.05 1.05 1.05 1.05
2064.00 1.23 1.23 1.23 1.23 1.23 1.23 1.23 1.23 1.23 1.23 1.23 1.23 1.23 1.23 1.23 1.23 1.23 1.23 1.23 1.23 1.23 1.23 1.23
2065.00 1.29 1.29 1.29 1.29 1.29 1.29 1.29 1.29 1.29 1.29 1.29 1.29 1.29 1.29 1.29 1.29 1.29 1.29 1.29 1.29 1.29 1.29 1.29
