# yearspad, alpred
# [0.6  0.62 0.64 0.66 0.68 0.7  0.72 0.74 0.76 0.78 0.8  0.82 0.84 0.86
#  0.88 0.9  0.92 0.94 0.96 0.98 1.   1.02 1.04]
1922.00 -14.17 -14.17 -14.17 -14.17 -14.17 -14.17 -14.17 -14.17 -14.17 -14.17 -14.17 -14.17 -14.17 -14.17 -14.17 -14.17 -14.17 -14.17 -14.17 -14.17 -14.17 -14.17 -14.17
1923.00 -15.06 -15.06 -15.06 -15.06 -15.06 -15.06 -15.06 -15.06 -15.06 -15.06 -15.06 -15.06 -15.06 -15.06 -15.06 -15.06 -15.06 -15.06 -15.06 -15.06 -15.06 -15.06 -15.06
1924.00 -14.83 -14.83 -14.83 -14.83 -14.83 -14.83 -14.83 -14.83 -14.83 -14.83 -14.83 -14.83 -14.83 -14.83 -14.83 -14.83 -14.83 -14.83 -14.83 -14.83 -14.83 -14.83 -14.83
1925.00 -12.50 -12.50 -12.50 -12.50 -12.50 -12.50 -12.50 -12.50 -12.50 -12.50 -12.50 -12.50 -12.50 -12.50 -12.50 -12.50 -12.50 -12.50 -12.50 -12.50 -12.50 -12.50 -12.50
1926.00 -8.65 -8.65 -8.65 -8.65 -8.65 -8.65 -8.65 -8.65 -8.65 -8.65 -8.65 -8.65 -8.65 -8.65 -8.65 -8.65 -8.65 -8.65 -8.65 -8.65 -8.65 -8.65 -8.65
1927.00 -5.75 -5.75 -5.75 -5.75 -5.75 -5.75 -5.75 -5.75 -5.75 -5.75 -5.75 -5.75 -5.75 -5.75 -5.75 -5.75 -5.75 -5.75 -5.75 -5.75 -5.75 -5.75 -5.75
1928.00 -1.99 -1.99 -1.99 -1.99 -1.99 -1.99 -1.99 -1.99 -1.99 -1.99 -1.99 -1.99 -1.99 -1.99 -1.99 -1.99 -1.99 -1.99 -1.99 -1.99 -1.99 -1.99 -1.99
1929.00 2.58 2.58 2.58 2.58 2.58 2.58 2.58 2.58 2.58 2.58 2.58 2.58 2.58 2.58 2.58 2.58 2.58 2.58 2.58 2.58 2.58 2.58 2.58
1930.00 4.93 4.93 4.93 4.93 4.93 4.93 4.93 4.93 4.93 4.93 4.93 4.93 4.93 4.93 4.93 4.93 4.93 4.93 4.93 4.93 4.93 4.93 4.93
1931.00 7.86 7.86 7.86 7.86 7.86 7.86 7.86 7.86 7.86 7.86 7.86 7.86 7.86 7.86 7.86 7.86 7.86 7.86 7.86 7.86 7.86 7.86 7.86
1932.00 10.24 10.24 10.24 10.24 10.24 10.24 10.24 10.24 10.24 10.24 10.24 10.24 10.24 10.24 10.24 10.24 10.24 10.24 10.24 10.24 10.24 10.24 10.24
1933.00 11.11 11.11 11.11 11.11 11.11 11.11 11.11 11.11 11.11 11.11 11.11 11.11 11.11 11.11 11.11 11.11 11.11 11.11 11.11 11.11 11.11 11.11 11.11
1934.00 13.49 13.49 13.49 13.49 13.49 13.49 13.49 13.49 13.49 13.49 13.49 13.49 13.49 13.49 13.49 13.49 13.49 13.49 13.49 13.49 13.49 13.49 13.49
1935.00 16.19 16.19 16.19 16.19 16.19 16.19 16.19 16.19 16.19 16.19 16.19 16.19 16.19 16.19 16.19 16.19 16.19 16.19 16.19 16.19 16.19 16.19 16.19
1936.00 18.72 18.72 18.72 18.72 18.72 18.72 18.72 18.72 18.72 18.72 18.72 18.72 18.72 18.72 18.72 18.72 18.72 18.72 18.72 18.72 18.72 18.72 18.72
1937.00 21.16 21.16 21.16 21.16 21.16 21.16 21.16 21.16 21.16 21.16 21.16 21.16 21.16 21.16 21.16 21.16 21.16 21.16 21.16 21.16 21.16 21.16 21.16
1938.00 24.10 24.10 24.10 24.10 24.10 24.10 24.10 24.10 24.10 24.10 24.10 24.10 24.10 24.10 24.10 24.10 24.10 24.10 24.10 24.10 24.10 24.10 24.10
1939.00 27.20 27.20 27.20 27.20 27.20 27.20 27.20 27.20 27.20 27.20 27.20 27.20 27.20 27.20 27.20 27.20 27.20 27.20 27.20 27.20 27.20 27.20 27.20
1940.00 28.82 28.82 28.82 28.82 28.82 28.82 28.82 28.82 28.82 28.82 28.82 28.82 28.82 28.82 28.82 28.82 28.82 28.82 28.82 28.82 28.82 28.82 28.82
1941.00 28.41 28.41 28.41 28.41 28.41 28.41 28.41 28.41 28.41 28.41 28.41 28.41 28.41 28.41 28.41 28.41 28.41 28.41 28.41 28.41 28.41 28.41 28.41
1942.00 29.59 29.59 29.59 29.59 29.59 29.59 29.59 29.59 29.59 29.59 29.59 29.59 29.59 29.59 29.59 29.59 29.59 29.59 29.59 29.59 29.59 29.59 29.59
1943.00 31.74 31.74 31.74 31.74 31.74 31.74 31.74 31.74 31.74 31.74 31.74 31.74 31.74 31.74 31.74 31.74 31.74 31.74 31.74 31.74 31.74 31.74 31.74
1944.00 32.64 32.64 32.64 32.64 32.64 32.64 32.64 32.64 32.64 32.64 32.64 32.64 32.64 32.64 32.64 32.64 32.64 32.64 32.64 32.64 32.64 32.64 32.64
1945.00 34.88 34.88 34.88 34.88 34.88 34.88 34.88 34.88 34.88 34.88 34.88 34.88 34.88 34.88 34.88 34.88 34.88 34.88 34.88 34.88 34.88 34.88 34.88
1946.00 36.49 36.49 36.49 36.49 36.49 36.49 36.49 36.49 36.49 36.49 36.49 36.49 36.49 36.49 36.49 36.49 36.49 36.49 36.49 36.49 36.49 36.49 36.49
1947.00 38.27 38.27 38.27 38.27 38.27 38.27 38.27 38.27 38.27 38.27 38.27 38.27 38.27 38.27 38.27 38.27 38.27 38.27 38.27 38.27 38.27 38.27 38.27
1948.00 38.56 38.56 38.56 38.56 38.56 38.56 38.56 38.56 38.56 38.56 38.56 38.56 38.56 38.56 38.56 38.56 38.56 38.56 38.56 38.56 38.56 38.56 38.56
1949.00 40.18 40.18 40.18 40.18 40.18 40.18 40.18 40.18 40.18 40.18 40.18 40.18 40.18 40.18 40.18 40.18 40.18 40.18 40.18 40.18 40.18 40.18 40.18
1950.00 41.06 41.06 41.06 41.06 41.06 41.06 41.06 41.06 41.06 41.06 41.06 41.06 41.06 41.06 41.06 41.06 41.06 41.06 41.06 41.06 41.06 41.06 41.06
1951.00 41.91 41.91 41.91 41.91 41.91 41.91 41.91 41.91 41.91 41.91 41.91 41.91 41.91 41.91 41.91 41.91 41.91 41.91 41.91 41.91 41.91 41.91 41.91
1952.00 44.02 44.02 44.02 44.02 44.02 44.02 44.02 44.02 44.02 44.02 44.02 44.02 44.02 44.02 44.02 44.02 44.02 44.02 44.02 44.02 44.02 44.02 44.02
1953.00 48.08 48.08 48.08 48.08 48.08 48.08 48.08 48.08 48.08 48.08 48.08 48.08 48.08 48.08 48.08 48.08 48.08 48.08 48.08 48.08 48.08 48.08 48.08
1954.00 51.01 51.01 51.01 51.01 51.01 51.01 51.01 51.01 51.01 51.01 51.01 51.01 51.01 51.01 51.01 51.01 51.01 51.01 51.01 51.01 51.01 51.01 51.01
1955.00 53.06 53.06 53.06 53.06 53.06 53.06 53.06 53.06 53.06 53.06 53.06 53.06 53.06 53.06 53.06 53.06 53.06 53.06 53.06 53.06 53.06 53.06 53.06
1956.00 54.98 54.98 54.98 54.98 54.98 54.98 54.98 54.98 54.98 54.98 54.98 54.98 54.98 54.98 54.98 54.98 54.98 54.98 54.98 54.98 54.98 54.98 54.98
1957.00 55.57 55.57 55.57 55.57 55.57 55.57 55.57 55.57 55.57 55.57 55.57 55.57 55.57 55.57 55.57 55.57 55.57 55.57 55.57 55.57 55.57 55.57 55.57
1958.00 56.77 56.77 56.77 56.77 56.77 56.77 56.77 56.77 56.77 56.77 56.77 56.77 56.77 56.77 56.77 56.77 56.77 56.77 56.77 56.77 56.77 56.77 56.77
1959.00 58.44 58.44 58.44 58.44 58.44 58.44 58.44 58.44 58.44 58.44 58.44 58.44 58.44 58.44 58.44 58.44 58.44 58.44 58.44 58.44 58.44 58.44 58.44
1960.00 59.44 59.44 59.44 59.44 59.44 59.44 59.44 59.44 59.44 59.44 59.44 59.44 59.44 59.44 59.44 59.44 59.44 59.44 59.44 59.44 59.44 59.44 59.44
1961.00 61.16 61.16 61.16 61.16 61.16 61.16 61.16 61.16 61.16 61.16 61.16 61.16 61.16 61.16 61.16 61.16 61.16 61.16 61.16 61.16 61.16 61.16 61.16
1962.00 64.69 64.69 64.69 64.69 64.69 64.69 64.69 64.69 64.69 64.69 64.69 64.69 64.69 64.69 64.69 64.69 64.69 64.69 64.69 64.69 64.69 64.69 64.69
1963.00 66.93 66.93 66.93 66.93 66.93 66.93 66.93 66.93 66.93 66.93 66.93 66.93 66.93 66.93 66.93 66.93 66.93 66.93 66.93 66.93 66.93 66.93 66.93
1964.00 69.08 69.08 69.08 69.08 69.08 69.08 69.08 69.08 69.08 69.08 69.08 69.08 69.08 69.08 69.08 69.08 69.08 69.08 69.08 69.08 69.08 69.08 69.08
1965.00 72.83 72.83 72.83 72.83 72.83 72.83 72.83 72.83 72.83 72.83 72.83 72.83 72.83 72.83 72.83 72.83 72.83 72.83 72.83 72.83 72.83 72.83 72.83
1966.00 74.57 74.57 74.57 74.57 74.57 74.57 74.57 74.57 74.57 74.57 74.57 74.57 74.57 74.57 74.57 74.57 74.57 74.57 74.57 74.57 74.57 74.57 74.57
1967.00 76.08 76.08 76.08 76.08 76.08 76.08 76.08 76.08 76.08 76.08 76.08 76.08 76.08 76.08 76.08 76.08 76.08 76.08 76.08 76.08 76.08 76.08 76.08
1968.00 78.34 78.34 78.34 78.34 78.34 78.34 78.34 78.34 78.34 78.34 78.34 78.34 78.34 78.34 78.34 78.34 78.34 78.34 78.34 78.34 78.34 78.34 78.34
1969.00 80.95 80.95 80.95 80.95 80.95 80.95 80.95 80.95 80.95 80.95 80.95 80.95 80.95 80.95 80.95 80.95 80.95 80.95 80.95 80.95 80.95 80.95 80.95
1970.00 200.57 200.57 200.57 200.57 200.57 200.57 200.57 200.57 200.57 200.57 200.57 200.57 200.57 200.57 200.57 200.57 200.57 200.57 200.57 200.57 200.57 200.57 200.57
1971.00 212.91 212.91 212.91 212.91 212.91 212.91 212.91 212.91 212.91 212.91 212.91 212.91 212.91 212.91 212.91 212.91 212.91 212.91 212.91 212.91 212.91 212.91 212.91
1972.00 220.30 220.30 220.30 220.30 220.30 220.30 220.30 220.30 220.30 220.30 220.30 220.30 220.30 220.30 220.30 220.30 220.30 220.30 220.30 220.30 220.30 220.30 220.30
1973.00 209.16 209.16 209.16 209.16 209.16 209.16 209.16 209.16 209.16 209.16 209.16 209.16 209.16 209.16 209.16 209.16 209.16 209.16 209.16 209.16 209.16 209.16 209.16
1974.00 183.06 183.06 183.06 183.06 183.06 183.06 183.06 183.06 183.06 183.06 183.06 183.06 183.06 183.06 183.06 183.06 183.06 183.06 183.06 183.06 183.06 183.06 183.06
1975.00 176.44 176.44 176.44 176.44 176.44 176.44 176.44 176.44 176.44 176.44 176.44 176.44 176.44 176.44 176.44 176.44 176.44 176.44 176.44 176.44 176.44 176.44 176.44
1976.00 167.39 167.39 167.39 167.39 167.39 167.39 167.39 167.39 167.39 167.39 167.39 167.39 167.39 167.39 167.39 167.39 167.39 167.39 167.39 167.39 167.39 167.39 167.39
1977.00 137.06 137.06 137.06 137.06 137.06 137.06 137.06 137.06 137.06 137.06 137.06 137.06 137.06 137.06 137.06 137.06 137.06 137.06 137.06 137.06 137.06 137.06 137.06
1978.00 130.44 130.44 130.44 130.44 130.44 130.44 130.44 130.44 130.44 130.44 130.44 130.44 130.44 130.44 130.44 130.44 130.44 130.44 130.44 130.44 130.44 130.44 130.44
1979.00 128.50 128.50 128.50 128.50 128.50 128.50 128.50 128.50 128.50 128.50 128.50 128.50 128.50 128.50 128.50 128.50 128.50 128.50 128.50 128.50 128.50 128.50 128.50
1980.00 129.70 129.70 129.70 129.70 129.70 129.70 129.70 129.70 129.70 129.70 129.70 129.70 129.70 129.70 129.70 129.70 129.70 129.70 129.70 129.70 129.70 129.70 129.70
1981.00 131.85 131.85 131.85 131.85 131.85 131.85 131.85 131.85 131.85 131.85 131.85 131.85 131.85 131.85 131.85 131.85 131.85 131.85 131.85 131.85 131.85 131.85 131.85
1982.00 131.96 131.96 131.96 131.96 131.96 131.96 131.96 131.96 131.96 131.96 131.96 131.96 131.96 131.96 131.96 131.96 131.96 131.96 131.96 131.96 131.96 131.96 131.96
1983.00 124.64 124.64 124.64 124.64 124.64 124.64 124.64 124.64 124.64 124.64 124.64 124.64 124.64 124.64 124.64 124.64 124.64 124.64 124.64 124.64 124.64 124.64 124.64
1984.00 124.49 124.49 124.49 124.49 124.49 124.49 124.49 124.49 124.49 124.49 124.49 124.49 124.49 124.49 124.49 124.49 124.49 124.49 124.49 124.49 124.49 124.49 124.49
1985.00 122.05 122.05 122.05 122.05 122.05 122.05 122.05 122.05 122.05 122.05 122.05 122.05 122.05 122.05 122.05 122.05 122.05 122.05 122.05 122.05 122.05 122.05 122.05
1986.00 117.23 117.23 117.23 117.23 117.23 117.23 117.23 117.23 117.23 117.23 117.23 117.23 117.23 117.23 117.23 117.23 117.23 117.23 117.23 117.23 117.23 117.23 117.23
1987.00 113.01 113.01 113.01 113.01 113.01 113.01 113.01 113.01 113.01 113.01 113.01 113.01 113.01 113.01 113.01 113.01 113.01 113.01 113.01 113.01 113.01 113.01 113.01
1988.00 64.71 66.92 69.13 71.34 73.55 75.77 77.98 80.19 82.40 84.62 86.83 89.04 91.25 93.47 95.68 97.89 100.10 102.32 104.53 106.74 108.95 111.16 113.38
1989.00 62.35 64.49 66.62 68.76 70.89 73.03 75.16 77.30 79.43 81.57 83.70 85.84 87.98 90.11 92.25 94.38 96.52 98.65 100.79 102.92 105.06 107.19 109.33
1990.00 58.11 60.16 62.22 64.27 66.33 68.38 70.43 72.49 74.54 76.60 78.65 80.71 82.76 84.82 86.87 88.92 90.98 93.03 95.09 97.14 99.20 101.25 103.31
1991.00 55.01 57.02 59.03 61.04 63.04 65.05 67.06 69.07 71.08 73.09 75.10 77.11 79.12 81.13 83.14 85.15 87.16 89.17 91.18 93.19 95.20 97.20 99.21
1992.00 52.49 54.48 56.46 58.45 60.43 62.42 64.40 66.39 68.37 70.36 72.34 74.33 76.31 78.30 80.29 82.27 84.26 86.24 88.23 90.21 92.20 94.18 96.17
1993.00 49.11 51.07 53.03 54.99 56.95 58.91 60.88 62.84 64.80 66.76 68.72 70.68 72.64 74.60 76.57 78.53 80.49 82.45 84.41 86.37 88.33 90.29 92.25
1994.00 46.63 48.57 50.50 52.44 54.38 56.32 58.25 60.19 62.13 64.07 66.00 67.94 69.88 71.81 73.75 75.69 77.63 79.56 81.50 83.44 85.38 87.31 89.25
1995.00 45.42 47.35 49.29 51.22 53.15 55.09 57.02 58.96 60.89 62.82 64.76 66.69 68.63 70.56 72.50 74.43 76.36 78.30 80.23 82.17 84.10 86.03 87.97
1996.00 42.53 44.42 46.31 48.21 50.10 51.99 53.89 55.78 57.67 59.57 61.46 63.36 65.25 67.14 69.04 70.93 72.82 74.72 76.61 78.50 80.40 82.29 84.19
1997.00 42.98 44.87 46.75 48.64 50.52 52.41 54.29 56.18 58.06 59.95 61.83 63.72 65.60 67.48 69.37 71.25 73.14 75.02 76.91 78.79 80.68 82.56 84.45
1998.00 43.31 45.17 47.02 48.88 50.74 52.60 54.46 56.31 58.17 60.03 61.89 63.75 65.60 67.46 69.32 71.18 73.03 74.89 76.75 78.61 80.47 82.32 84.18
1999.00 39.82 41.61 43.41 45.20 46.99 48.79 50.58 52.38 54.17 55.96 57.76 59.55 61.34 63.14 64.93 66.73 68.52 70.31 72.11 73.90 75.69 77.49 79.28
2000.00 34.70 36.39 38.08 39.77 41.46 43.15 44.84 46.53 48.22 49.91 51.60 53.29 54.98 56.67 58.36 60.05 61.74 63.43 65.12 66.80 68.49 70.18 71.87
2001.00 31.49 33.12 34.75 36.39 38.02 39.66 41.29 42.92 44.56 46.19 47.82 49.46 51.09 52.72 54.36 55.99 57.62 59.26 60.89 62.53 64.16 65.79 67.43
2002.00 28.51 30.11 31.70 33.30 34.90 36.50 38.10 39.69 41.29 42.89 44.49 46.09 47.68 49.28 50.88 52.48 54.07 55.67 57.27 58.87 60.47 62.06 63.66
2003.00 25.17 26.74 28.31 29.88 31.45 33.02 34.59 36.16 37.73 39.30 40.87 42.44 44.00 45.57 47.14 48.71 50.28 51.85 53.42 54.99 56.56 58.13 59.70
2004.00 22.07 23.54 25.01 26.48 27.95 29.42 30.89 32.36 33.83 35.30 36.76 38.23 39.70 41.17 42.64 44.11 45.58 47.05 48.52 49.99 51.45 52.92 54.39
2005.00 20.09 21.53 22.98 24.42 25.86 27.31 28.75 30.19 31.64 33.08 34.52 35.97 37.41 38.85 40.30 41.74 43.18 44.63 46.07 47.51 48.95 50.40 51.84
2006.00 17.81 19.21 20.62 22.02 23.42 24.83 26.23 27.63 29.03 30.44 31.84 33.24 34.65 36.05 37.45 38.86 40.26 41.66 43.06 44.47 45.87 47.27 48.68
2007.00 15.16 16.52 17.88 19.24 20.61 21.97 23.33 24.69 26.06 27.42 28.78 30.14 31.51 32.87 34.23 35.60 36.96 38.32 39.68 41.05 42.41 43.77 45.13
2008.00 11.85 13.12 14.39 15.65 16.92 18.19 19.46 20.73 22.00 23.27 24.54 25.81 27.08 28.35 29.62 30.89 32.16 33.43 34.70 35.97 37.24 38.51 39.78
2009.00 8.30 9.51 10.71 11.92 13.13 14.34 15.55 16.76 17.96 19.17 20.38 21.59 22.80 24.00 25.21 26.42 27.63 28.84 30.04 31.25 32.46 33.67 34.88
2010.00 2.96 4.05 5.15 6.25 7.35 8.45 9.54 10.64 11.74 12.84 13.93 15.03 16.13 17.23 18.33 19.42 20.52 21.62 22.72 23.81 24.91 26.01 27.11
2011.00 1.71 2.77 3.83 4.89 5.95 7.02 8.08 9.14 10.20 11.26 12.33 13.39 14.45 15.51 16.57 17.64 18.70 19.76 20.82 21.88 22.95 24.01 25.07
2012.00 1.47 2.50 3.53 4.56 5.59 6.62 7.65 8.68 9.70 10.73 11.76 12.79 13.82 14.85 15.88 16.91 17.93 18.96 19.99 21.02 22.05 23.08 24.11
2013.00 0.57 1.56 2.56 3.55 4.54 5.53 6.52 7.51 8.50 9.49 10.48 11.47 12.46 13.45 14.44 15.43 16.43 17.42 18.41 19.40 20.39 21.38 22.37
2014.00 -0.46 0.49 1.43 2.38 3.33 4.27 5.22 6.17 7.11 8.06 9.00 9.95 10.90 11.84 12.79 13.74 14.68 15.63 16.58 17.52 18.47 19.41 20.36
2015.00 0.88 1.82 2.76 3.70 4.64 5.57 6.51 7.45 8.39 9.33 10.27 11.21 12.15 13.09 14.03 14.97 15.90 16.84 17.78 18.72 19.66 20.60 21.54
2016.00 0.88 1.80 2.71 3.63 4.54 5.46 6.37 7.29 8.20 9.12 10.03 10.94 11.86 12.77 13.69 14.60 15.52 16.43 17.35 18.26 19.18 20.09 21.00
2017.00 0.92 1.80 2.69 3.57 4.46 5.34 6.22 7.11 7.99 8.88 9.76 10.64 11.53 12.41 13.30 14.18 15.06 15.95 16.83 17.72 18.60 19.48 20.37
2018.00 -25.83 -25.83 -25.83 -25.83 -25.83 -25.83 -25.83 -25.83 -25.83 -25.83 -25.83 -25.83 -25.83 -25.83 -25.83 -25.83 -25.83 -25.83 -25.83 -25.83 -25.83 -25.83 -25.83
2019.00 -25.38 -25.38 -25.38 -25.38 -25.38 -25.38 -25.38 -25.38 -25.38 -25.38 -25.38 -25.38 -25.38 -25.38 -25.38 -25.38 -25.38 -25.38 -25.38 -25.38 -25.38 -25.38 -25.38
2020.00 -24.24 -24.24 -24.24 -24.24 -24.24 -24.24 -24.24 -24.24 -24.24 -24.24 -24.24 -24.24 -24.24 -24.24 -24.24 -24.24 -24.24 -24.24 -24.24 -24.24 -24.24 -24.24 -24.24
2021.00 -22.53 -22.53 -22.53 -22.53 -22.53 -22.53 -22.53 -22.53 -22.53 -22.53 -22.53 -22.53 -22.53 -22.53 -22.53 -22.53 -22.53 -22.53 -22.53 -22.53 -22.53 -22.53 -22.53
2022.00 -18.88 -18.88 -18.88 -18.88 -18.88 -18.88 -18.88 -18.88 -18.88 -18.88 -18.88 -18.88 -18.88 -18.88 -18.88 -18.88 -18.88 -18.88 -18.88 -18.88 -18.88 -18.88 -18.88
2023.00 -16.42 -16.42 -16.42 -16.42 -16.42 -16.42 -16.42 -16.42 -16.42 -16.42 -16.42 -16.42 -16.42 -16.42 -16.42 -16.42 -16.42 -16.42 -16.42 -16.42 -16.42 -16.42 -16.42
2024.00 -14.72 -14.72 -14.72 -14.72 -14.72 -14.72 -14.72 -14.72 -14.72 -14.72 -14.72 -14.72 -14.72 -14.72 -14.72 -14.72 -14.72 -14.72 -14.72 -14.72 -14.72 -14.72 -14.72
2025.00 -11.26 -11.26 -11.26 -11.26 -11.26 -11.26 -11.26 -11.26 -11.26 -11.26 -11.26 -11.26 -11.26 -11.26 -11.26 -11.26 -11.26 -11.26 -11.26 -11.26 -11.26 -11.26 -11.26
2026.00 -10.20 -10.20 -10.20 -10.20 -10.20 -10.20 -10.20 -10.20 -10.20 -10.20 -10.20 -10.20 -10.20 -10.20 -10.20 -10.20 -10.20 -10.20 -10.20 -10.20 -10.20 -10.20 -10.20
2027.00 -10.96 -10.96 -10.96 -10.96 -10.96 -10.96 -10.96 -10.96 -10.96 -10.96 -10.96 -10.96 -10.96 -10.96 -10.96 -10.96 -10.96 -10.96 -10.96 -10.96 -10.96 -10.96 -10.96
2028.00 -11.50 -11.50 -11.50 -11.50 -11.50 -11.50 -11.50 -11.50 -11.50 -11.50 -11.50 -11.50 -11.50 -11.50 -11.50 -11.50 -11.50 -11.50 -11.50 -11.50 -11.50 -11.50 -11.50
2029.00 -12.12 -12.12 -12.12 -12.12 -12.12 -12.12 -12.12 -12.12 -12.12 -12.12 -12.12 -12.12 -12.12 -12.12 -12.12 -12.12 -12.12 -12.12 -12.12 -12.12 -12.12 -12.12 -12.12
2030.00 -12.87 -12.87 -12.87 -12.87 -12.87 -12.87 -12.87 -12.87 -12.87 -12.87 -12.87 -12.87 -12.87 -12.87 -12.87 -12.87 -12.87 -12.87 -12.87 -12.87 -12.87 -12.87 -12.87
2031.00 -13.62 -13.62 -13.62 -13.62 -13.62 -13.62 -13.62 -13.62 -13.62 -13.62 -13.62 -13.62 -13.62 -13.62 -13.62 -13.62 -13.62 -13.62 -13.62 -13.62 -13.62 -13.62 -13.62
2032.00 -14.49 -14.49 -14.49 -14.49 -14.49 -14.49 -14.49 -14.49 -14.49 -14.49 -14.49 -14.49 -14.49 -14.49 -14.49 -14.49 -14.49 -14.49 -14.49 -14.49 -14.49 -14.49 -14.49
2033.00 -14.63 -14.63 -14.63 -14.63 -14.63 -14.63 -14.63 -14.63 -14.63 -14.63 -14.63 -14.63 -14.63 -14.63 -14.63 -14.63 -14.63 -14.63 -14.63 -14.63 -14.63 -14.63 -14.63
2034.00 -14.91 -14.91 -14.91 -14.91 -14.91 -14.91 -14.91 -14.91 -14.91 -14.91 -14.91 -14.91 -14.91 -14.91 -14.91 -14.91 -14.91 -14.91 -14.91 -14.91 -14.91 -14.91 -14.91
2035.00 -14.95 -14.95 -14.95 -14.95 -14.95 -14.95 -14.95 -14.95 -14.95 -14.95 -14.95 -14.95 -14.95 -14.95 -14.95 -14.95 -14.95 -14.95 -14.95 -14.95 -14.95 -14.95 -14.95
2036.00 -14.61 -14.61 -14.61 -14.61 -14.61 -14.61 -14.61 -14.61 -14.61 -14.61 -14.61 -14.61 -14.61 -14.61 -14.61 -14.61 -14.61 -14.61 -14.61 -14.61 -14.61 -14.61 -14.61
2037.00 -14.69 -14.69 -14.69 -14.69 -14.69 -14.69 -14.69 -14.69 -14.69 -14.69 -14.69 -14.69 -14.69 -14.69 -14.69 -14.69 -14.69 -14.69 -14.69 -14.69 -14.69 -14.69 -14.69
2038.00 -14.82 -14.82 -14.82 -14.82 -14.82 -14.82 -14.82 -14.82 -14.82 -14.82 -14.82 -14.82 -14.82 -14.82 -14.82 -14.82 -14.82 -14.82 -14.82 -14.82 -14.82 -14.82 -14.82
2039.00 -14.88 -14.88 -14.88 -14.88 -14.88 -14.88 -14.88 -14.88 -14.88 -14.88 -14.88 -14.88 -14.88 -14.88 -14.88 -14.88 -14.88 -14.88 -14.88 -14.88 -14.88 -14.88 -14.88
2040.00 -15.11 -15.11 -15.11 -15.11 -15.11 -15.11 -15.11 -15.11 -15.11 -15.11 -15.11 -15.11 -15.11 -15.11 -15.11 -15.11 -15.11 -15.11 -15.11 -15.11 -15.11 -15.11 -15.11
2041.00 -15.21 -15.21 -15.21 -15.21 -15.21 -15.21 -15.21 -15.21 -15.21 -15.21 -15.21 -15.21 -15.21 -15.21 -15.21 -15.21 -15.21 -15.21 -15.21 -15.21 -15.21 -15.21 -15.21
2042.00 -15.79 -15.79 -15.79 -15.79 -15.79 -15.79 -15.79 -15.79 -15.79 -15.79 -15.79 -15.79 -15.79 -15.79 -15.79 -15.79 -15.79 -15.79 -15.79 -15.79 -15.79 -15.79 -15.79
2043.00 -15.93 -15.93 -15.93 -15.93 -15.93 -15.93 -15.93 -15.93 -15.93 -15.93 -15.93 -15.93 -15.93 -15.93 -15.93 -15.93 -15.93 -15.93 -15.93 -15.93 -15.93 -15.93 -15.93
2044.00 -15.52 -15.52 -15.52 -15.52 -15.52 -15.52 -15.52 -15.52 -15.52 -15.52 -15.52 -15.52 -15.52 -15.52 -15.52 -15.52 -15.52 -15.52 -15.52 -15.52 -15.52 -15.52 -15.52
2045.00 -15.28 -15.28 -15.28 -15.28 -15.28 -15.28 -15.28 -15.28 -15.28 -15.28 -15.28 -15.28 -15.28 -15.28 -15.28 -15.28 -15.28 -15.28 -15.28 -15.28 -15.28 -15.28 -15.28
2046.00 -15.13 -15.13 -15.13 -15.13 -15.13 -15.13 -15.13 -15.13 -15.13 -15.13 -15.13 -15.13 -15.13 -15.13 -15.13 -15.13 -15.13 -15.13 -15.13 -15.13 -15.13 -15.13 -15.13
2047.00 -14.11 -14.11 -14.11 -14.11 -14.11 -14.11 -14.11 -14.11 -14.11 -14.11 -14.11 -14.11 -14.11 -14.11 -14.11 -14.11 -14.11 -14.11 -14.11 -14.11 -14.11 -14.11 -14.11
2048.00 -13.33 -13.33 -13.33 -13.33 -13.33 -13.33 -13.33 -13.33 -13.33 -13.33 -13.33 -13.33 -13.33 -13.33 -13.33 -13.33 -13.33 -13.33 -13.33 -13.33 -13.33 -13.33 -13.33
2049.00 -13.11 -13.11 -13.11 -13.11 -13.11 -13.11 -13.11 -13.11 -13.11 -13.11 -13.11 -13.11 -13.11 -13.11 -13.11 -13.11 -13.11 -13.11 -13.11 -13.11 -13.11 -13.11 -13.11
2050.00 -12.65 -12.65 -12.65 -12.65 -12.65 -12.65 -12.65 -12.65 -12.65 -12.65 -12.65 -12.65 -12.65 -12.65 -12.65 -12.65 -12.65 -12.65 -12.65 -12.65 -12.65 -12.65 -12.65
2051.00 -12.34 -12.34 -12.34 -12.34 -12.34 -12.34 -12.34 -12.34 -12.34 -12.34 -12.34 -12.34 -12.34 -12.34 -12.34 -12.34 -12.34 -12.34 -12.34 -12.34 -12.34 -12.34 -12.34
2052.00 -12.64 -12.64 -12.64 -12.64 -12.64 -12.64 -12.64 -12.64 -12.64 -12.64 -12.64 -12.64 -12.64 -12.64 -12.64 -12.64 -12.64 -12.64 -12.64 -12.64 -12.64 -12.64 -12.64
2053.00 -13.05 -13.05 -13.05 -13.05 -13.05 -13.05 -13.05 -13.05 -13.05 -13.05 -13.05 -13.05 -13.05 -13.05 -13.05 -13.05 -13.05 -13.05 -13.05 -13.05 -13.05 -13.05 -13.05
2054.00 -13.20 -13.20 -13.20 -13.20 -13.20 -13.20 -13.20 -13.20 -13.20 -13.20 -13.20 -13.20 -13.20 -13.20 -13.20 -13.20 -13.20 -13.20 -13.20 -13.20 -13.20 -13.20 -13.20
2055.00 -13.33 -13.33 -13.33 -13.33 -13.33 -13.33 -13.33 -13.33 -13.33 -13.33 -13.33 -13.33 -13.33 -13.33 -13.33 -13.33 -13.33 -13.33 -13.33 -13.33 -13.33 -13.33 -13.33
2056.00 -13.44 -13.44 -13.44 -13.44 -13.44 -13.44 -13.44 -13.44 -13.44 -13.44 -13.44 -13.44 -13.44 -13.44 -13.44 -13.44 -13.44 -13.44 -13.44 -13.44 -13.44 -13.44 -13.44
2057.00 -13.64 -13.64 -13.64 -13.64 -13.64 -13.64 -13.64 -13.64 -13.64 -13.64 -13.64 -13.64 -13.64 -13.64 -13.64 -13.64 -13.64 -13.64 -13.64 -13.64 -13.64 -13.64 -13.64
2058.00 -13.65 -13.65 -13.65 -13.65 -13.65 -13.65 -13.65 -13.65 -13.65 -13.65 -13.65 -13.65 -13.65 -13.65 -13.65 -13.65 -13.65 -13.65 -13.65 -13.65 -13.65 -13.65 -13.65
2059.00 -13.25 -13.25 -13.25 -13.25 -13.25 -13.25 -13.25 -13.25 -13.25 -13.25 -13.25 -13.25 -13.25 -13.25 -13.25 -13.25 -13.25 -13.25 -13.25 -13.25 -13.25 -13.25 -13.25
2060.00 -13.36 -13.36 -13.36 -13.36 -13.36 -13.36 -13.36 -13.36 -13.36 -13.36 -13.36 -13.36 -13.36 -13.36 -13.36 -13.36 -13.36 -13.36 -13.36 -13.36 -13.36 -13.36 -13.36
2061.00 -13.55 -13.55 -13.55 -13.55 -13.55 -13.55 -13.55 -13.55 -13.55 -13.55 -13.55 -13.55 -13.55 -13.55 -13.55 -13.55 -13.55 -13.55 -13.55 -13.55 -13.55 -13.55 -13.55
2062.00 -13.36 -13.36 -13.36 -13.36 -13.36 -13.36 -13.36 -13.36 -13.36 -13.36 -13.36 -13.36 -13.36 -13.36 -13.36 -13.36 -13.36 -13.36 -13.36 -13.36 -13.36 -13.36 -13.36
2063.00 -13.59 -13.59 -13.59 -13.59 -13.59 -13.59 -13.59 -13.59 -13.59 -13.59 -13.59 -13.59 -13.59 -13.59 -13.59 -13.59 -13.59 -13.59 -13.59 -13.59 -13.59 -13.59 -13.59
2064.00 -14.25 -14.25 -14.25 -14.25 -14.25 -14.25 -14.25 -14.25 -14.25 -14.25 -14.25 -14.25 -14.25 -14.25 -14.25 -14.25 -14.25 -14.25 -14.25 -14.25 -14.25 -14.25 -14.25
2065.00 -14.04 -14.04 -14.04 -14.04 -14.04 -14.04 -14.04 -14.04 -14.04 -14.04 -14.04 -14.04 -14.04 -14.04 -14.04 -14.04 -14.04 -14.04 -14.04 -14.04 -14.04 -14.04 -14.04
