# yearspad, alpred
# [0.6  0.62 0.64 0.66 0.68 0.7  0.72 0.74 0.76 0.78 0.8  0.82 0.84 0.86
#  0.88 0.9  0.92 0.94 0.96 0.98 1.   1.02 1.04]
1922.00 -10.69 -10.69 -10.69 -10.69 -10.69 -10.69 -10.69 -10.69 -10.69 -10.69 -10.69 -10.69 -10.69 -10.69 -10.69 -10.69 -10.69 -10.69 -10.69 -10.69 -10.69 -10.69 -10.69
1923.00 -10.45 -10.45 -10.45 -10.45 -10.45 -10.45 -10.45 -10.45 -10.45 -10.45 -10.45 -10.45 -10.45 -10.45 -10.45 -10.45 -10.45 -10.45 -10.45 -10.45 -10.45 -10.45 -10.45
1924.00 -9.45 -9.45 -9.45 -9.45 -9.45 -9.45 -9.45 -9.45 -9.45 -9.45 -9.45 -9.45 -9.45 -9.45 -9.45 -9.45 -9.45 -9.45 -9.45 -9.45 -9.45 -9.45 -9.45
1925.00 -8.81 -8.81 -8.81 -8.81 -8.81 -8.81 -8.81 -8.81 -8.81 -8.81 -8.81 -8.81 -8.81 -8.81 -8.81 -8.81 -8.81 -8.81 -8.81 -8.81 -8.81 -8.81 -8.81
1926.00 -7.59 -7.59 -7.59 -7.59 -7.59 -7.59 -7.59 -7.59 -7.59 -7.59 -7.59 -7.59 -7.59 -7.59 -7.59 -7.59 -7.59 -7.59 -7.59 -7.59 -7.59 -7.59 -7.59
1927.00 -6.42 -6.42 -6.42 -6.42 -6.42 -6.42 -6.42 -6.42 -6.42 -6.42 -6.42 -6.42 -6.42 -6.42 -6.42 -6.42 -6.42 -6.42 -6.42 -6.42 -6.42 -6.42 -6.42
1928.00 -5.85 -5.85 -5.85 -5.85 -5.85 -5.85 -5.85 -5.85 -5.85 -5.85 -5.85 -5.85 -5.85 -5.85 -5.85 -5.85 -5.85 -5.85 -5.85 -5.85 -5.85 -5.85 -5.85
1929.00 -5.16 -5.16 -5.16 -5.16 -5.16 -5.16 -5.16 -5.16 -5.16 -5.16 -5.16 -5.16 -5.16 -5.16 -5.16 -5.16 -5.16 -5.16 -5.16 -5.16 -5.16 -5.16 -5.16
1930.00 -4.50 -4.50 -4.50 -4.50 -4.50 -4.50 -4.50 -4.50 -4.50 -4.50 -4.50 -4.50 -4.50 -4.50 -4.50 -4.50 -4.50 -4.50 -4.50 -4.50 -4.50 -4.50 -4.50
1931.00 -3.69 -3.69 -3.69 -3.69 -3.69 -3.69 -3.69 -3.69 -3.69 -3.69 -3.69 -3.69 -3.69 -3.69 -3.69 -3.69 -3.69 -3.69 -3.69 -3.69 -3.69 -3.69 -3.69
1932.00 -2.64 -2.64 -2.64 -2.64 -2.64 -2.64 -2.64 -2.64 -2.64 -2.64 -2.64 -2.64 -2.64 -2.64 -2.64 -2.64 -2.64 -2.64 -2.64 -2.64 -2.64 -2.64 -2.64
1933.00 -2.11 -2.11 -2.11 -2.11 -2.11 -2.11 -2.11 -2.11 -2.11 -2.11 -2.11 -2.11 -2.11 -2.11 -2.11 -2.11 -2.11 -2.11 -2.11 -2.11 -2.11 -2.11 -2.11
1934.00 -1.36 -1.36 -1.36 -1.36 -1.36 -1.36 -1.36 -1.36 -1.36 -1.36 -1.36 -1.36 -1.36 -1.36 -1.36 -1.36 -1.36 -1.36 -1.36 -1.36 -1.36 -1.36 -1.36
1935.00 -0.93 -0.93 -0.93 -0.93 -0.93 -0.93 -0.93 -0.93 -0.93 -0.93 -0.93 -0.93 -0.93 -0.93 -0.93 -0.93 -0.93 -0.93 -0.93 -0.93 -0.93 -0.93 -0.93
1936.00 -0.29 -0.29 -0.29 -0.29 -0.29 -0.29 -0.29 -0.29 -0.29 -0.29 -0.29 -0.29 -0.29 -0.29 -0.29 -0.29 -0.29 -0.29 -0.29 -0.29 -0.29 -0.29 -0.29
1937.00 0.30 0.30 0.30 0.30 0.30 0.30 0.30 0.30 0.30 0.30 0.30 0.30 0.30 0.30 0.30 0.30 0.30 0.30 0.30 0.30 0.30 0.30 0.30
1938.00 1.10 1.10 1.10 1.10 1.10 1.10 1.10 1.10 1.10 1.10 1.10 1.10 1.10 1.10 1.10 1.10 1.10 1.10 1.10 1.10 1.10 1.10 1.10
1939.00 1.00 1.00 1.00 1.00 1.00 1.00 1.00 1.00 1.00 1.00 1.00 1.00 1.00 1.00 1.00 1.00 1.00 1.00 1.00 1.00 1.00 1.00 1.00
1940.00 1.37 1.37 1.37 1.37 1.37 1.37 1.37 1.37 1.37 1.37 1.37 1.37 1.37 1.37 1.37 1.37 1.37 1.37 1.37 1.37 1.37 1.37 1.37
1941.00 1.75 1.75 1.75 1.75 1.75 1.75 1.75 1.75 1.75 1.75 1.75 1.75 1.75 1.75 1.75 1.75 1.75 1.75 1.75 1.75 1.75 1.75 1.75
1942.00 2.47 2.47 2.47 2.47 2.47 2.47 2.47 2.47 2.47 2.47 2.47 2.47 2.47 2.47 2.47 2.47 2.47 2.47 2.47 2.47 2.47 2.47 2.47
1943.00 3.53 3.53 3.53 3.53 3.53 3.53 3.53 3.53 3.53 3.53 3.53 3.53 3.53 3.53 3.53 3.53 3.53 3.53 3.53 3.53 3.53 3.53 3.53
1944.00 4.44 4.44 4.44 4.44 4.44 4.44 4.44 4.44 4.44 4.44 4.44 4.44 4.44 4.44 4.44 4.44 4.44 4.44 4.44 4.44 4.44 4.44 4.44
1945.00 5.52 5.52 5.52 5.52 5.52 5.52 5.52 5.52 5.52 5.52 5.52 5.52 5.52 5.52 5.52 5.52 5.52 5.52 5.52 5.52 5.52 5.52 5.52
1946.00 5.51 5.51 5.51 5.51 5.51 5.51 5.51 5.51 5.51 5.51 5.51 5.51 5.51 5.51 5.51 5.51 5.51 5.51 5.51 5.51 5.51 5.51 5.51
1947.00 6.12 6.12 6.12 6.12 6.12 6.12 6.12 6.12 6.12 6.12 6.12 6.12 6.12 6.12 6.12 6.12 6.12 6.12 6.12 6.12 6.12 6.12 6.12
1948.00 7.02 7.02 7.02 7.02 7.02 7.02 7.02 7.02 7.02 7.02 7.02 7.02 7.02 7.02 7.02 7.02 7.02 7.02 7.02 7.02 7.02 7.02 7.02
1949.00 8.60 8.60 8.60 8.60 8.60 8.60 8.60 8.60 8.60 8.60 8.60 8.60 8.60 8.60 8.60 8.60 8.60 8.60 8.60 8.60 8.60 8.60 8.60
1950.00 9.99 9.99 9.99 9.99 9.99 9.99 9.99 9.99 9.99 9.99 9.99 9.99 9.99 9.99 9.99 9.99 9.99 9.99 9.99 9.99 9.99 9.99 9.99
1951.00 11.64 11.64 11.64 11.64 11.64 11.64 11.64 11.64 11.64 11.64 11.64 11.64 11.64 11.64 11.64 11.64 11.64 11.64 11.64 11.64 11.64 11.64 11.64
1952.00 13.20 13.20 13.20 13.20 13.20 13.20 13.20 13.20 13.20 13.20 13.20 13.20 13.20 13.20 13.20 13.20 13.20 13.20 13.20 13.20 13.20 13.20 13.20
1953.00 14.27 14.27 14.27 14.27 14.27 14.27 14.27 14.27 14.27 14.27 14.27 14.27 14.27 14.27 14.27 14.27 14.27 14.27 14.27 14.27 14.27 14.27 14.27
1954.00 15.74 15.74 15.74 15.74 15.74 15.74 15.74 15.74 15.74 15.74 15.74 15.74 15.74 15.74 15.74 15.74 15.74 15.74 15.74 15.74 15.74 15.74 15.74
1955.00 16.67 16.67 16.67 16.67 16.67 16.67 16.67 16.67 16.67 16.67 16.67 16.67 16.67 16.67 16.67 16.67 16.67 16.67 16.67 16.67 16.67 16.67 16.67
1956.00 17.36 17.36 17.36 17.36 17.36 17.36 17.36 17.36 17.36 17.36 17.36 17.36 17.36 17.36 17.36 17.36 17.36 17.36 17.36 17.36 17.36 17.36 17.36
1957.00 17.99 17.99 17.99 17.99 17.99 17.99 17.99 17.99 17.99 17.99 17.99 17.99 17.99 17.99 17.99 17.99 17.99 17.99 17.99 17.99 17.99 17.99 17.99
1958.00 19.06 19.06 19.06 19.06 19.06 19.06 19.06 19.06 19.06 19.06 19.06 19.06 19.06 19.06 19.06 19.06 19.06 19.06 19.06 19.06 19.06 19.06 19.06
1959.00 20.52 20.52 20.52 20.52 20.52 20.52 20.52 20.52 20.52 20.52 20.52 20.52 20.52 20.52 20.52 20.52 20.52 20.52 20.52 20.52 20.52 20.52 20.52
1960.00 22.21 22.21 22.21 22.21 22.21 22.21 22.21 22.21 22.21 22.21 22.21 22.21 22.21 22.21 22.21 22.21 22.21 22.21 22.21 22.21 22.21 22.21 22.21
1961.00 23.35 23.35 23.35 23.35 23.35 23.35 23.35 23.35 23.35 23.35 23.35 23.35 23.35 23.35 23.35 23.35 23.35 23.35 23.35 23.35 23.35 23.35 23.35
1962.00 24.14 24.14 24.14 24.14 24.14 24.14 24.14 24.14 24.14 24.14 24.14 24.14 24.14 24.14 24.14 24.14 24.14 24.14 24.14 24.14 24.14 24.14 24.14
1963.00 25.34 25.34 25.34 25.34 25.34 25.34 25.34 25.34 25.34 25.34 25.34 25.34 25.34 25.34 25.34 25.34 25.34 25.34 25.34 25.34 25.34 25.34 25.34
1964.00 26.62 26.62 26.62 26.62 26.62 26.62 26.62 26.62 26.62 26.62 26.62 26.62 26.62 26.62 26.62 26.62 26.62 26.62 26.62 26.62 26.62 26.62 26.62
1965.00 28.45 28.45 28.45 28.45 28.45 28.45 28.45 28.45 28.45 28.45 28.45 28.45 28.45 28.45 28.45 28.45 28.45 28.45 28.45 28.45 28.45 28.45 28.45
1966.00 29.92 29.92 29.92 29.92 29.92 29.92 29.92 29.92 29.92 29.92 29.92 29.92 29.92 29.92 29.92 29.92 29.92 29.92 29.92 29.92 29.92 29.92 29.92
1967.00 31.45 31.45 31.45 31.45 31.45 31.45 31.45 31.45 31.45 31.45 31.45 31.45 31.45 31.45 31.45 31.45 31.45 31.45 31.45 31.45 31.45 31.45 31.45
1968.00 32.63 32.63 32.63 32.63 32.63 32.63 32.63 32.63 32.63 32.63 32.63 32.63 32.63 32.63 32.63 32.63 32.63 32.63 32.63 32.63 32.63 32.63 32.63
1969.00 34.02 34.02 34.02 34.02 34.02 34.02 34.02 34.02 34.02 34.02 34.02 34.02 34.02 34.02 34.02 34.02 34.02 34.02 34.02 34.02 34.02 34.02 34.02
1970.00 155.03 155.03 155.03 155.03 155.03 155.03 155.03 155.03 155.03 155.03 155.03 155.03 155.03 155.03 155.03 155.03 155.03 155.03 155.03 155.03 155.03 155.03 155.03
1971.00 160.93 160.93 160.93 160.93 160.93 160.93 160.93 160.93 160.93 160.93 160.93 160.93 160.93 160.93 160.93 160.93 160.93 160.93 160.93 160.93 160.93 160.93 160.93
1972.00 156.38 156.38 156.38 156.38 156.38 156.38 156.38 156.38 156.38 156.38 156.38 156.38 156.38 156.38 156.38 156.38 156.38 156.38 156.38 156.38 156.38 156.38 156.38
1973.00 154.66 154.66 154.66 154.66 154.66 154.66 154.66 154.66 154.66 154.66 154.66 154.66 154.66 154.66 154.66 154.66 154.66 154.66 154.66 154.66 154.66 154.66 154.66
1974.00 151.30 151.30 151.30 151.30 151.30 151.30 151.30 151.30 151.30 151.30 151.30 151.30 151.30 151.30 151.30 151.30 151.30 151.30 151.30 151.30 151.30 151.30 151.30
1975.00 147.71 147.71 147.71 147.71 147.71 147.71 147.71 147.71 147.71 147.71 147.71 147.71 147.71 147.71 147.71 147.71 147.71 147.71 147.71 147.71 147.71 147.71 147.71
1976.00 153.00 153.00 153.00 153.00 153.00 153.00 153.00 153.00 153.00 153.00 153.00 153.00 153.00 153.00 153.00 153.00 153.00 153.00 153.00 153.00 153.00 153.00 153.00
1977.00 153.31 153.31 153.31 153.31 153.31 153.31 153.31 153.31 153.31 153.31 153.31 153.31 153.31 153.31 153.31 153.31 153.31 153.31 153.31 153.31 153.31 153.31 153.31
1978.00 155.41 155.41 155.41 155.41 155.41 155.41 155.41 155.41 155.41 155.41 155.41 155.41 155.41 155.41 155.41 155.41 155.41 155.41 155.41 155.41 155.41 155.41 155.41
1979.00 150.24 150.24 150.24 150.24 150.24 150.24 150.24 150.24 150.24 150.24 150.24 150.24 150.24 150.24 150.24 150.24 150.24 150.24 150.24 150.24 150.24 150.24 150.24
1980.00 150.54 150.54 150.54 150.54 150.54 150.54 150.54 150.54 150.54 150.54 150.54 150.54 150.54 150.54 150.54 150.54 150.54 150.54 150.54 150.54 150.54 150.54 150.54
1981.00 152.62 152.62 152.62 152.62 152.62 152.62 152.62 152.62 152.62 152.62 152.62 152.62 152.62 152.62 152.62 152.62 152.62 152.62 152.62 152.62 152.62 152.62 152.62
1982.00 154.05 154.05 154.05 154.05 154.05 154.05 154.05 154.05 154.05 154.05 154.05 154.05 154.05 154.05 154.05 154.05 154.05 154.05 154.05 154.05 154.05 154.05 154.05
1983.00 149.60 149.60 149.60 149.60 149.60 149.60 149.60 149.60 149.60 149.60 149.60 149.60 149.60 149.60 149.60 149.60 149.60 149.60 149.60 149.60 149.60 149.60 149.60
1984.00 144.04 144.04 144.04 144.04 144.04 144.04 144.04 144.04 144.04 144.04 144.04 144.04 144.04 144.04 144.04 144.04 144.04 144.04 144.04 144.04 144.04 144.04 144.04
1985.00 144.48 144.48 144.48 144.48 144.48 144.48 144.48 144.48 144.48 144.48 144.48 144.48 144.48 144.48 144.48 144.48 144.48 144.48 144.48 144.48 144.48 144.48 144.48
1986.00 142.40 142.40 142.40 142.40 142.40 142.40 142.40 142.40 142.40 142.40 142.40 142.40 142.40 142.40 142.40 142.40 142.40 142.40 142.40 142.40 142.40 142.40 142.40
1987.00 140.97 140.97 140.97 140.97 140.97 140.97 140.97 140.97 140.97 140.97 140.97 140.97 140.97 140.97 140.97 140.97 140.97 140.97 140.97 140.97 140.97 140.97 140.97
1988.00 91.74 93.94 96.14 98.34 100.54 102.74 104.94 107.14 109.34 111.54 113.74 115.94 118.13 120.33 122.53 124.73 126.93 129.13 131.33 133.53 135.73 137.93 140.13
1989.00 88.15 90.27 92.39 94.51 96.64 98.76 100.88 103.01 105.13 107.25 109.37 111.50 113.62 115.74 117.87 119.99 122.11 124.23 126.36 128.48 130.60 132.73 134.85
1990.00 83.75 85.79 87.82 89.86 91.90 93.93 95.97 98.01 100.05 102.08 104.12 106.16 108.19 110.23 112.27 114.31 116.34 118.38 120.42 122.45 124.49 126.53 128.57
1991.00 80.59 82.58 84.58 86.57 88.57 90.56 92.56 94.55 96.55 98.54 100.54 102.53 104.53 106.52 108.52 110.51 112.51 114.50 116.49 118.49 120.48 122.48 124.47
1992.00 78.39 80.36 82.33 84.30 86.27 88.24 90.21 92.18 94.15 96.12 98.09 100.06 102.03 104.00 105.97 107.94 109.91 111.88 113.85 115.82 117.79 119.76 121.73
1993.00 76.62 78.56 80.50 82.44 84.38 86.32 88.26 90.20 92.14 94.07 96.01 97.95 99.89 101.83 103.77 105.71 107.65 109.59 111.52 113.46 115.40 117.34 119.28
1994.00 74.62 76.53 78.44 80.35 82.25 84.16 86.07 87.98 89.89 91.80 93.71 95.61 97.52 99.43 101.34 103.25 105.16 107.06 108.97 110.88 112.79 114.70 116.61
1995.00 73.80 75.70 77.61 79.52 81.42 83.33 85.23 87.14 89.05 90.95 92.86 94.77 96.67 98.58 100.49 102.39 104.30 106.20 108.11 110.02 111.92 113.83 115.74
1996.00 71.63 73.49 75.36 77.22 79.09 80.95 82.82 84.68 86.55 88.41 90.28 92.14 94.01 95.87 97.73 99.60 101.46 103.33 105.19 107.06 108.92 110.79 112.65
1997.00 70.52 72.37 74.23 76.09 77.94 79.80 81.66 83.52 85.37 87.23 89.09 90.94 92.80 94.66 96.51 98.37 100.23 102.08 103.94 105.80 107.65 109.51 111.37
1998.00 68.47 70.29 72.12 73.94 75.77 77.59 79.42 81.24 83.07 84.89 86.72 88.54 90.37 92.19 94.02 95.84 97.67 99.49 101.32 103.14 104.97 106.79 108.62
1999.00 65.28 67.03 68.79 70.55 72.31 74.07 75.83 77.58 79.34 81.10 82.86 84.62 86.37 88.13 89.89 91.65 93.41 95.17 96.92 98.68 100.44 102.20 103.96
2000.00 60.76 62.42 64.07 65.72 67.38 69.03 70.68 72.34 73.99 75.64 77.30 78.95 80.60 82.26 83.91 85.56 87.22 88.87 90.52 92.18 93.83 95.48 97.14
2001.00 57.19 58.78 60.38 61.97 63.57 65.16 66.76 68.35 69.95 71.54 73.14 74.73 76.32 77.92 79.51 81.11 82.70 84.30 85.89 87.49 89.08 90.68 92.27
2002.00 55.29 56.85 58.41 59.96 61.52 63.08 64.64 66.20 67.76 69.32 70.88 72.43 73.99 75.55 77.11 78.67 80.23 81.79 83.35 84.90 86.46 88.02 89.58
2003.00 53.08 54.59 56.11 57.62 59.13 60.65 62.16 63.68 65.19 66.70 68.22 69.73 71.24 72.76 74.27 75.79 77.30 78.81 80.33 81.84 83.36 84.87 86.38
2004.00 49.76 51.18 52.59 54.00 55.42 56.83 58.25 59.66 61.07 62.49 63.90 65.32 66.73 68.14 69.56 70.97 72.39 73.80 75.21 76.63 78.04 79.46 80.87
2005.00 47.23 48.62 50.01 51.39 52.78 54.16 55.55 56.94 58.32 59.71 61.10 62.48 63.87 65.26 66.64 68.03 69.42 70.80 72.19 73.58 74.96 76.35 77.74
2006.00 44.61 45.96 47.30 48.65 50.00 51.34 52.69 54.04 55.38 56.73 58.08 59.42 60.77 62.11 63.46 64.81 66.15 67.50 68.85 70.19 71.54 72.89 74.23
2007.00 41.85 43.15 44.45 45.76 47.06 48.37 49.67 50.97 52.28 53.58 54.88 56.19 57.49 58.80 60.10 61.40 62.71 64.01 65.31 66.62 67.92 69.22 70.53
2008.00 38.51 39.74 40.97 42.21 43.44 44.67 45.90 47.13 48.36 49.59 50.83 52.06 53.29 54.52 55.75 56.98 58.22 59.45 60.68 61.91 63.14 64.37 65.61
2009.00 36.06 37.23 38.41 39.58 40.75 41.92 43.10 44.27 45.44 46.61 47.78 48.96 50.13 51.30 52.47 53.65 54.82 55.99 57.16 58.34 59.51 60.68 61.85
2010.00 32.43 33.50 34.57 35.64 36.71 37.78 38.85 39.92 40.98 42.05 43.12 44.19 45.26 46.33 47.40 48.47 49.54 50.61 51.67 52.74 53.81 54.88 55.95
2011.00 30.83 31.87 32.91 33.94 34.98 36.02 37.05 38.09 39.13 40.16 41.20 42.24 43.27 44.31 45.35 46.39 47.42 48.46 49.50 50.53 51.57 52.61 53.64
2012.00 29.03 30.03 31.04 32.04 33.04 34.04 35.05 36.05 37.05 38.06 39.06 40.06 41.06 42.07 43.07 44.07 45.07 46.08 47.08 48.08 49.09 50.09 51.09
2013.00 27.47 28.43 29.40 30.37 31.34 32.30 33.27 34.24 35.20 36.17 37.14 38.11 39.07 40.04 41.01 41.98 42.94 43.91 44.88 45.84 46.81 47.78 48.75
2014.00 25.75 26.68 27.60 28.53 29.45 30.38 31.30 32.22 33.15 34.07 35.00 35.92 36.85 37.77 38.69 39.62 40.54 41.47 42.39 43.32 44.24 45.16 46.09
2015.00 25.38 26.30 27.22 28.13 29.05 29.97 30.89 31.80 32.72 33.64 34.55 35.47 36.39 37.31 38.22 39.14 40.06 40.98 41.89 42.81 43.73 44.65 45.56
2016.00 23.96 24.85 25.75 26.64 27.53 28.43 29.32 30.21 31.10 32.00 32.89 33.78 34.68 35.57 36.46 37.36 38.25 39.14 40.04 40.93 41.82 42.72 43.61
2017.00 22.61 23.47 24.33 25.19 26.05 26.91 27.77 28.63 29.49 30.35 31.21 32.07 32.93 33.79 34.65 35.51 36.37 37.23 38.09 38.95 39.81 40.67 41.53
2018.00 -3.37 -3.37 -3.37 -3.37 -3.37 -3.37 -3.37 -3.37 -3.37 -3.37 -3.37 -3.37 -3.37 -3.37 -3.37 -3.37 -3.37 -3.37 -3.37 -3.37 -3.37 -3.37 -3.37
2019.00 -3.91 -3.91 -3.91 -3.91 -3.91 -3.91 -3.91 -3.91 -3.91 -3.91 -3.91 -3.91 -3.91 -3.91 -3.91 -3.91 -3.91 -3.91 -3.91 -3.91 -3.91 -3.91 -3.91
2020.00 -3.50 -3.50 -3.50 -3.50 -3.50 -3.50 -3.50 -3.50 -3.50 -3.50 -3.50 -3.50 -3.50 -3.50 -3.50 -3.50 -3.50 -3.50 -3.50 -3.50 -3.50 -3.50 -3.50
2021.00 -3.48 -3.48 -3.48 -3.48 -3.48 -3.48 -3.48 -3.48 -3.48 -3.48 -3.48 -3.48 -3.48 -3.48 -3.48 -3.48 -3.48 -3.48 -3.48 -3.48 -3.48 -3.48 -3.48
2022.00 -3.55 -3.55 -3.55 -3.55 -3.55 -3.55 -3.55 -3.55 -3.55 -3.55 -3.55 -3.55 -3.55 -3.55 -3.55 -3.55 -3.55 -3.55 -3.55 -3.55 -3.55 -3.55 -3.55
2023.00 -3.92 -3.92 -3.92 -3.92 -3.92 -3.92 -3.92 -3.92 -3.92 -3.92 -3.92 -3.92 -3.92 -3.92 -3.92 -3.92 -3.92 -3.92 -3.92 -3.92 -3.92 -3.92 -3.92
2024.00 -4.63 -4.63 -4.63 -4.63 -4.63 -4.63 -4.63 -4.63 -4.63 -4.63 -4.63 -4.63 -4.63 -4.63 -4.63 -4.63 -4.63 -4.63 -4.63 -4.63 -4.63 -4.63 -4.63
2025.00 -5.32 -5.32 -5.32 -5.32 -5.32 -5.32 -5.32 -5.32 -5.32 -5.32 -5.32 -5.32 -5.32 -5.32 -5.32 -5.32 -5.32 -5.32 -5.32 -5.32 -5.32 -5.32 -5.32
2026.00 -6.02 -6.02 -6.02 -6.02 -6.02 -6.02 -6.02 -6.02 -6.02 -6.02 -6.02 -6.02 -6.02 -6.02 -6.02 -6.02 -6.02 -6.02 -6.02 -6.02 -6.02 -6.02 -6.02
2027.00 -6.70 -6.70 -6.70 -6.70 -6.70 -6.70 -6.70 -6.70 -6.70 -6.70 -6.70 -6.70 -6.70 -6.70 -6.70 -6.70 -6.70 -6.70 -6.70 -6.70 -6.70 -6.70 -6.70
2028.00 -7.28 -7.28 -7.28 -7.28 -7.28 -7.28 -7.28 -7.28 -7.28 -7.28 -7.28 -7.28 -7.28 -7.28 -7.28 -7.28 -7.28 -7.28 -7.28 -7.28 -7.28 -7.28 -7.28
2029.00 -8.16 -8.16 -8.16 -8.16 -8.16 -8.16 -8.16 -8.16 -8.16 -8.16 -8.16 -8.16 -8.16 -8.16 -8.16 -8.16 -8.16 -8.16 -8.16 -8.16 -8.16 -8.16 -8.16
2030.00 -8.81 -8.81 -8.81 -8.81 -8.81 -8.81 -8.81 -8.81 -8.81 -8.81 -8.81 -8.81 -8.81 -8.81 -8.81 -8.81 -8.81 -8.81 -8.81 -8.81 -8.81 -8.81 -8.81
2031.00 -9.24 -9.24 -9.24 -9.24 -9.24 -9.24 -9.24 -9.24 -9.24 -9.24 -9.24 -9.24 -9.24 -9.24 -9.24 -9.24 -9.24 -9.24 -9.24 -9.24 -9.24 -9.24 -9.24
2032.00 -9.63 -9.63 -9.63 -9.63 -9.63 -9.63 -9.63 -9.63 -9.63 -9.63 -9.63 -9.63 -9.63 -9.63 -9.63 -9.63 -9.63 -9.63 -9.63 -9.63 -9.63 -9.63 -9.63
2033.00 -10.21 -10.21 -10.21 -10.21 -10.21 -10.21 -10.21 -10.21 -10.21 -10.21 -10.21 -10.21 -10.21 -10.21 -10.21 -10.21 -10.21 -10.21 -10.21 -10.21 -10.21 -10.21 -10.21
2034.00 -10.50 -10.50 -10.50 -10.50 -10.50 -10.50 -10.50 -10.50 -10.50 -10.50 -10.50 -10.50 -10.50 -10.50 -10.50 -10.50 -10.50 -10.50 -10.50 -10.50 -10.50 -10.50 -10.50
2035.00 -10.82 -10.82 -10.82 -10.82 -10.82 -10.82 -10.82 -10.82 -10.82 -10.82 -10.82 -10.82 -10.82 -10.82 -10.82 -10.82 -10.82 -10.82 -10.82 -10.82 -10.82 -10.82 -10.82
2036.00 -10.85 -10.85 -10.85 -10.85 -10.85 -10.85 -10.85 -10.85 -10.85 -10.85 -10.85 -10.85 -10.85 -10.85 -10.85 -10.85 -10.85 -10.85 -10.85 -10.85 -10.85 -10.85 -10.85
2037.00 -10.99 -10.99 -10.99 -10.99 -10.99 -10.99 -10.99 -10.99 -10.99 -10.99 -10.99 -10.99 -10.99 -10.99 -10.99 -10.99 -10.99 -10.99 -10.99 -10.99 -10.99 -10.99 -10.99
2038.00 -11.08 -11.08 -11.08 -11.08 -11.08 -11.08 -11.08 -11.08 -11.08 -11.08 -11.08 -11.08 -11.08 -11.08 -11.08 -11.08 -11.08 -11.08 -11.08 -11.08 -11.08 -11.08 -11.08
2039.00 -11.19 -11.19 -11.19 -11.19 -11.19 -11.19 -11.19 -11.19 -11.19 -11.19 -11.19 -11.19 -11.19 -11.19 -11.19 -11.19 -11.19 -11.19 -11.19 -11.19 -11.19 -11.19 -11.19
2040.00 -11.33 -11.33 -11.33 -11.33 -11.33 -11.33 -11.33 -11.33 -11.33 -11.33 -11.33 -11.33 -11.33 -11.33 -11.33 -11.33 -11.33 -11.33 -11.33 -11.33 -11.33 -11.33 -11.33
2041.00 -11.41 -11.41 -11.41 -11.41 -11.41 -11.41 -11.41 -11.41 -11.41 -11.41 -11.41 -11.41 -11.41 -11.41 -11.41 -11.41 -11.41 -11.41 -11.41 -11.41 -11.41 -11.41 -11.41
2042.00 -11.26 -11.26 -11.26 -11.26 -11.26 -11.26 -11.26 -11.26 -11.26 -11.26 -11.26 -11.26 -11.26 -11.26 -11.26 -11.26 -11.26 -11.26 -11.26 -11.26 -11.26 -11.26 -11.26
2043.00 -11.13 -11.13 -11.13 -11.13 -11.13 -11.13 -11.13 -11.13 -11.13 -11.13 -11.13 -11.13 -11.13 -11.13 -11.13 -11.13 -11.13 -11.13 -11.13 -11.13 -11.13 -11.13 -11.13
2044.00 -11.06 -11.06 -11.06 -11.06 -11.06 -11.06 -11.06 -11.06 -11.06 -11.06 -11.06 -11.06 -11.06 -11.06 -11.06 -11.06 -11.06 -11.06 -11.06 -11.06 -11.06 -11.06 -11.06
2045.00 -10.89 -10.89 -10.89 -10.89 -10.89 -10.89 -10.89 -10.89 -10.89 -10.89 -10.89 -10.89 -10.89 -10.89 -10.89 -10.89 -10.89 -10.89 -10.89 -10.89 -10.89 -10.89 -10.89
2046.00 -10.64 -10.64 -10.64 -10.64 -10.64 -10.64 -10.64 -10.64 -10.64 -10.64 -10.64 -10.64 -10.64 -10.64 -10.64 -10.64 -10.64 -10.64 -10.64 -10.64 -10.64 -10.64 -10.64
2047.00 -10.57 -10.57 -10.57 -10.57 -10.57 -10.57 -10.57 -10.57 -10.57 -10.57 -10.57 -10.57 -10.57 -10.57 -10.57 -10.57 -10.57 -10.57 -10.57 -10.57 -10.57 -10.57 -10.57
2048.00 -10.45 -10.45 -10.45 -10.45 -10.45 -10.45 -10.45 -10.45 -10.45 -10.45 -10.45 -10.45 -10.45 -10.45 -10.45 -10.45 -10.45 -10.45 -10.45 -10.45 -10.45 -10.45 -10.45
2049.00 -10.47 -10.47 -10.47 -10.47 -10.47 -10.47 -10.47 -10.47 -10.47 -10.47 -10.47 -10.47 -10.47 -10.47 -10.47 -10.47 -10.47 -10.47 -10.47 -10.47 -10.47 -10.47 -10.47
2050.00 -10.44 -10.44 -10.44 -10.44 -10.44 -10.44 -10.44 -10.44 -10.44 -10.44 -10.44 -10.44 -10.44 -10.44 -10.44 -10.44 -10.44 -10.44 -10.44 -10.44 -10.44 -10.44 -10.44
2051.00 -10.66 -10.66 -10.66 -10.66 -10.66 -10.66 -10.66 -10.66 -10.66 -10.66 -10.66 -10.66 -10.66 -10.66 -10.66 -10.66 -10.66 -10.66 -10.66 -10.66 -10.66 -10.66 -10.66
2052.00 -10.70 -10.70 -10.70 -10.70 -10.70 -10.70 -10.70 -10.70 -10.70 -10.70 -10.70 -10.70 -10.70 -10.70 -10.70 -10.70 -10.70 -10.70 -10.70 -10.70 -10.70 -10.70 -10.70
2053.00 -10.84 -10.84 -10.84 -10.84 -10.84 -10.84 -10.84 -10.84 -10.84 -10.84 -10.84 -10.84 -10.84 -10.84 -10.84 -10.84 -10.84 -10.84 -10.84 -10.84 -10.84 -10.84 -10.84
2054.00 -10.79 -10.79 -10.79 -10.79 -10.79 -10.79 -10.79 -10.79 -10.79 -10.79 -10.79 -10.79 -10.79 -10.79 -10.79 -10.79 -10.79 -10.79 -10.79 -10.79 -10.79 -10.79 -10.79
2055.00 -10.89 -10.89 -10.89 -10.89 -10.89 -10.89 -10.89 -10.89 -10.89 -10.89 -10.89 -10.89 -10.89 -10.89 -10.89 -10.89 -10.89 -10.89 -10.89 -10.89 -10.89 -10.89 -10.89
2056.00 -10.96 -10.96 -10.96 -10.96 -10.96 -10.96 -10.96 -10.96 -10.96 -10.96 -10.96 -10.96 -10.96 -10.96 -10.96 -10.96 -10.96 -10.96 -10.96 -10.96 -10.96 -10.96 -10.96
2057.00 -10.96 -10.96 -10.96 -10.96 -10.96 -10.96 -10.96 -10.96 -10.96 -10.96 -10.96 -10.96 -10.96 -10.96 -10.96 -10.96 -10.96 -10.96 -10.96 -10.96 -10.96 -10.96 -10.96
2058.00 -11.00 -11.00 -11.00 -11.00 -11.00 -11.00 -11.00 -11.00 -11.00 -11.00 -11.00 -11.00 -11.00 -11.00 -11.00 -11.00 -11.00 -11.00 -11.00 -11.00 -11.00 -11.00 -11.00
2059.00 -11.13 -11.13 -11.13 -11.13 -11.13 -11.13 -11.13 -11.13 -11.13 -11.13 -11.13 -11.13 -11.13 -11.13 -11.13 -11.13 -11.13 -11.13 -11.13 -11.13 -11.13 -11.13 -11.13
2060.00 -10.97 -10.97 -10.97 -10.97 -10.97 -10.97 -10.97 -10.97 -10.97 -10.97 -10.97 -10.97 -10.97 -10.97 -10.97 -10.97 -10.97 -10.97 -10.97 -10.97 -10.97 -10.97 -10.97
2061.00 -10.98 -10.98 -10.98 -10.98 -10.98 -10.98 -10.98 -10.98 -10.98 -10.98 -10.98 -10.98 -10.98 -10.98 -10.98 -10.98 -10.98 -10.98 -10.98 -10.98 -10.98 -10.98 -10.98
2062.00 -11.07 -11.07 -11.07 -11.07 -11.07 -11.07 -11.07 -11.07 -11.07 -11.07 -11.07 -11.07 -11.07 -11.07 -11.07 -11.07 -11.07 -11.07 -11.07 -11.07 -11.07 -11.07 -11.07
2063.00 -11.09 -11.09 -11.09 -11.09 -11.09 -11.09 -11.09 -11.09 -11.09 -11.09 -11.09 -11.09 -11.09 -11.09 -11.09 -11.09 -11.09 -11.09 -11.09 -11.09 -11.09 -11.09 -11.09
2064.00 -11.06 -11.06 -11.06 -11.06 -11.06 -11.06 -11.06 -11.06 -11.06 -11.06 -11.06 -11.06 -11.06 -11.06 -11.06 -11.06 -11.06 -11.06 -11.06 -11.06 -11.06 -11.06 -11.06
2065.00 -10.88 -10.88 -10.88 -10.88 -10.88 -10.88 -10.88 -10.88 -10.88 -10.88 -10.88 -10.88 -10.88 -10.88 -10.88 -10.88 -10.88 -10.88 -10.88 -10.88 -10.88 -10.88 -10.88
