# yearspad, alpred
# [0.6  0.62 0.64 0.66 0.68 0.7  0.72 0.74 0.76 0.78 0.8  0.82 0.84 0.86
#  0.88 0.9  0.92 0.94 0.96 0.98 1.   1.02 1.04]
1922.00 -2.38 -2.38 -2.38 -2.38 -2.38 -2.38 -2.38 -2.38 -2.38 -2.38 -2.38 -2.38 -2.38 -2.38 -2.38 -2.38 -2.38 -2.38 -2.38 -2.38 -2.38 -2.38 -2.38
1923.00 -1.86 -1.86 -1.86 -1.86 -1.86 -1.86 -1.86 -1.86 -1.86 -1.86 -1.86 -1.86 -1.86 -1.86 -1.86 -1.86 -1.86 -1.86 -1.86 -1.86 -1.86 -1.86 -1.86
1924.00 -1.76 -1.76 -1.76 -1.76 -1.76 -1.76 -1.76 -1.76 -1.76 -1.76 -1.76 -1.76 -1.76 -1.76 -1.76 -1.76 -1.76 -1.76 -1.76 -1.76 -1.76 -1.76 -1.76
1925.00 -1.82 -1.82 -1.82 -1.82 -1.82 -1.82 -1.82 -1.82 -1.82 -1.82 -1.82 -1.82 -1.82 -1.82 -1.82 -1.82 -1.82 -1.82 -1.82 -1.82 -1.82 -1.82 -1.82
1926.00 -1.67 -1.67 -1.67 -1.67 -1.67 -1.67 -1.67 -1.67 -1.67 -1.67 -1.67 -1.67 -1.67 -1.67 -1.67 -1.67 -1.67 -1.67 -1.67 -1.67 -1.67 -1.67 -1.67
1927.00 -1.27 -1.27 -1.27 -1.27 -1.27 -1.27 -1.27 -1.27 -1.27 -1.27 -1.27 -1.27 -1.27 -1.27 -1.27 -1.27 -1.27 -1.27 -1.27 -1.27 -1.27 -1.27 -1.27
1928.00 -0.91 -0.91 -0.91 -0.91 -0.91 -0.91 -0.91 -0.91 -0.91 -0.91 -0.91 -0.91 -0.91 -0.91 -0.91 -0.91 -0.91 -0.91 -0.91 -0.91 -0.91 -0.91 -0.91
1929.00 -0.61 -0.61 -0.61 -0.61 -0.61 -0.61 -0.61 -0.61 -0.61 -0.61 -0.61 -0.61 -0.61 -0.61 -0.61 -0.61 -0.61 -0.61 -0.61 -0.61 -0.61 -0.61 -0.61
1930.00 -0.42 -0.42 -0.42 -0.42 -0.42 -0.42 -0.42 -0.42 -0.42 -0.42 -0.42 -0.42 -0.42 -0.42 -0.42 -0.42 -0.42 -0.42 -0.42 -0.42 -0.42 -0.42 -0.42
1931.00 -0.86 -0.86 -0.86 -0.86 -0.86 -0.86 -0.86 -0.86 -0.86 -0.86 -0.86 -0.86 -0.86 -0.86 -0.86 -0.86 -0.86 -0.86 -0.86 -0.86 -0.86 -0.86 -0.86
1932.00 -1.00 -1.00 -1.00 -1.00 -1.00 -1.00 -1.00 -1.00 -1.00 -1.00 -1.00 -1.00 -1.00 -1.00 -1.00 -1.00 -1.00 -1.00 -1.00 -1.00 -1.00 -1.00 -1.00
1933.00 -0.27 -0.27 -0.27 -0.27 -0.27 -0.27 -0.27 -0.27 -0.27 -0.27 -0.27 -0.27 -0.27 -0.27 -0.27 -0.27 -0.27 -0.27 -0.27 -0.27 -0.27 -0.27 -0.27
1934.00 -0.20 -0.20 -0.20 -0.20 -0.20 -0.20 -0.20 -0.20 -0.20 -0.20 -0.20 -0.20 -0.20 -0.20 -0.20 -0.20 -0.20 -0.20 -0.20 -0.20 -0.20 -0.20 -0.20
1935.00 -0.15 -0.15 -0.15 -0.15 -0.15 -0.15 -0.15 -0.15 -0.15 -0.15 -0.15 -0.15 -0.15 -0.15 -0.15 -0.15 -0.15 -0.15 -0.15 -0.15 -0.15 -0.15 -0.15
1936.00 -0.34 -0.34 -0.34 -0.34 -0.34 -0.34 -0.34 -0.34 -0.34 -0.34 -0.34 -0.34 -0.34 -0.34 -0.34 -0.34 -0.34 -0.34 -0.34 -0.34 -0.34 -0.34 -0.34
1937.00 -0.60 -0.60 -0.60 -0.60 -0.60 -0.60 -0.60 -0.60 -0.60 -0.60 -0.60 -0.60 -0.60 -0.60 -0.60 -0.60 -0.60 -0.60 -0.60 -0.60 -0.60 -0.60 -0.60
1938.00 -1.01 -1.01 -1.01 -1.01 -1.01 -1.01 -1.01 -1.01 -1.01 -1.01 -1.01 -1.01 -1.01 -1.01 -1.01 -1.01 -1.01 -1.01 -1.01 -1.01 -1.01 -1.01 -1.01
1939.00 -1.56 -1.56 -1.56 -1.56 -1.56 -1.56 -1.56 -1.56 -1.56 -1.56 -1.56 -1.56 -1.56 -1.56 -1.56 -1.56 -1.56 -1.56 -1.56 -1.56 -1.56 -1.56 -1.56
1940.00 -1.34 -1.34 -1.34 -1.34 -1.34 -1.34 -1.34 -1.34 -1.34 -1.34 -1.34 -1.34 -1.34 -1.34 -1.34 -1.34 -1.34 -1.34 -1.34 -1.34 -1.34 -1.34 -1.34
1941.00 -1.33 -1.33 -1.33 -1.33 -1.33 -1.33 -1.33 -1.33 -1.33 -1.33 -1.33 -1.33 -1.33 -1.33 -1.33 -1.33 -1.33 -1.33 -1.33 -1.33 -1.33 -1.33 -1.33
1942.00 -1.98 -1.98 -1.98 -1.98 -1.98 -1.98 -1.98 -1.98 -1.98 -1.98 -1.98 -1.98 -1.98 -1.98 -1.98 -1.98 -1.98 -1.98 -1.98 -1.98 -1.98 -1.98 -1.98
1943.00 -2.41 -2.41 -2.41 -2.41 -2.41 -2.41 -2.41 -2.41 -2.41 -2.41 -2.41 -2.41 -2.41 -2.41 -2.41 -2.41 -2.41 -2.41 -2.41 -2.41 -2.41 -2.41 -2.41
1944.00 -2.37 -2.37 -2.37 -2.37 -2.37 -2.37 -2.37 -2.37 -2.37 -2.37 -2.37 -2.37 -2.37 -2.37 -2.37 -2.37 -2.37 -2.37 -2.37 -2.37 -2.37 -2.37 -2.37
1945.00 -2.26 -2.26 -2.26 -2.26 -2.26 -2.26 -2.26 -2.26 -2.26 -2.26 -2.26 -2.26 -2.26 -2.26 -2.26 -2.26 -2.26 -2.26 -2.26 -2.26 -2.26 -2.26 -2.26
1946.00 -1.92 -1.92 -1.92 -1.92 -1.92 -1.92 -1.92 -1.92 -1.92 -1.92 -1.92 -1.92 -1.92 -1.92 -1.92 -1.92 -1.92 -1.92 -1.92 -1.92 -1.92 -1.92 -1.92
1947.00 -1.45 -1.45 -1.45 -1.45 -1.45 -1.45 -1.45 -1.45 -1.45 -1.45 -1.45 -1.45 -1.45 -1.45 -1.45 -1.45 -1.45 -1.45 -1.45 -1.45 -1.45 -1.45 -1.45
1948.00 -2.06 -2.06 -2.06 -2.06 -2.06 -2.06 -2.06 -2.06 -2.06 -2.06 -2.06 -2.06 -2.06 -2.06 -2.06 -2.06 -2.06 -2.06 -2.06 -2.06 -2.06 -2.06 -2.06
1949.00 -2.66 -2.66 -2.66 -2.66 -2.66 -2.66 -2.66 -2.66 -2.66 -2.66 -2.66 -2.66 -2.66 -2.66 -2.66 -2.66 -2.66 -2.66 -2.66 -2.66 -2.66 -2.66 -2.66
1950.00 -2.70 -2.70 -2.70 -2.70 -2.70 -2.70 -2.70 -2.70 -2.70 -2.70 -2.70 -2.70 -2.70 -2.70 -2.70 -2.70 -2.70 -2.70 -2.70 -2.70 -2.70 -2.70 -2.70
1951.00 -1.44 -1.44 -1.44 -1.44 -1.44 -1.44 -1.44 -1.44 -1.44 -1.44 -1.44 -1.44 -1.44 -1.44 -1.44 -1.44 -1.44 -1.44 -1.44 -1.44 -1.44 -1.44 -1.44
1952.00 -1.10 -1.10 -1.10 -1.10 -1.10 -1.10 -1.10 -1.10 -1.10 -1.10 -1.10 -1.10 -1.10 -1.10 -1.10 -1.10 -1.10 -1.10 -1.10 -1.10 -1.10 -1.10 -1.10
1953.00 -0.91 -0.91 -0.91 -0.91 -0.91 -0.91 -0.91 -0.91 -0.91 -0.91 -0.91 -0.91 -0.91 -0.91 -0.91 -0.91 -0.91 -0.91 -0.91 -0.91 -0.91 -0.91 -0.91
1954.00 -0.76 -0.76 -0.76 -0.76 -0.76 -0.76 -0.76 -0.76 -0.76 -0.76 -0.76 -0.76 -0.76 -0.76 -0.76 -0.76 -0.76 -0.76 -0.76 -0.76 -0.76 -0.76 -0.76
1955.00 -0.82 -0.82 -0.82 -0.82 -0.82 -0.82 -0.82 -0.82 -0.82 -0.82 -0.82 -0.82 -0.82 -0.82 -0.82 -0.82 -0.82 -0.82 -0.82 -0.82 -0.82 -0.82 -0.82
1956.00 -0.56 -0.56 -0.56 -0.56 -0.56 -0.56 -0.56 -0.56 -0.56 -0.56 -0.56 -0.56 -0.56 -0.56 -0.56 -0.56 -0.56 -0.56 -0.56 -0.56 -0.56 -0.56 -0.56
1957.00 -0.18 -0.18 -0.18 -0.18 -0.18 -0.18 -0.18 -0.18 -0.18 -0.18 -0.18 -0.18 -0.18 -0.18 -0.18 -0.18 -0.18 -0.18 -0.18 -0.18 -0.18 -0.18 -0.18
1958.00 -0.24 -0.24 -0.24 -0.24 -0.24 -0.24 -0.24 -0.24 -0.24 -0.24 -0.24 -0.24 -0.24 -0.24 -0.24 -0.24 -0.24 -0.24 -0.24 -0.24 -0.24 -0.24 -0.24
1959.00 -0.67 -0.67 -0.67 -0.67 -0.67 -0.67 -0.67 -0.67 -0.67 -0.67 -0.67 -0.67 -0.67 -0.67 -0.67 -0.67 -0.67 -0.67 -0.67 -0.67 -0.67 -0.67 -0.67
1960.00 -0.04 -0.04 -0.04 -0.04 -0.04 -0.04 -0.04 -0.04 -0.04 -0.04 -0.04 -0.04 -0.04 -0.04 -0.04 -0.04 -0.04 -0.04 -0.04 -0.04 -0.04 -0.04 -0.04
1961.00 0.68 0.68 0.68 0.68 0.68 0.68 0.68 0.68 0.68 0.68 0.68 0.68 0.68 0.68 0.68 0.68 0.68 0.68 0.68 0.68 0.68 0.68 0.68
1962.00 1.06 1.06 1.06 1.06 1.06 1.06 1.06 1.06 1.06 1.06 1.06 1.06 1.06 1.06 1.06 1.06 1.06 1.06 1.06 1.06 1.06 1.06 1.06
1963.00 1.32 1.32 1.32 1.32 1.32 1.32 1.32 1.32 1.32 1.32 1.32 1.32 1.32 1.32 1.32 1.32 1.32 1.32 1.32 1.32 1.32 1.32 1.32
1964.00 1.08 1.08 1.08 1.08 1.08 1.08 1.08 1.08 1.08 1.08 1.08 1.08 1.08 1.08 1.08 1.08 1.08 1.08 1.08 1.08 1.08 1.08 1.08
1965.00 0.59 0.59 0.59 0.59 0.59 0.59 0.59 0.59 0.59 0.59 0.59 0.59 0.59 0.59 0.59 0.59 0.59 0.59 0.59 0.59 0.59 0.59 0.59
1966.00 0.92 0.92 0.92 0.92 0.92 0.92 0.92 0.92 0.92 0.92 0.92 0.92 0.92 0.92 0.92 0.92 0.92 0.92 0.92 0.92 0.92 0.92 0.92
1967.00 1.57 1.57 1.57 1.57 1.57 1.57 1.57 1.57 1.57 1.57 1.57 1.57 1.57 1.57 1.57 1.57 1.57 1.57 1.57 1.57 1.57 1.57 1.57
1968.00 1.92 1.92 1.92 1.92 1.92 1.92 1.92 1.92 1.92 1.92 1.92 1.92 1.92 1.92 1.92 1.92 1.92 1.92 1.92 1.92 1.92 1.92 1.92
1969.00 1.97 1.97 1.97 1.97 1.97 1.97 1.97 1.97 1.97 1.97 1.97 1.97 1.97 1.97 1.97 1.97 1.97 1.97 1.97 1.97 1.97 1.97 1.97
1970.00 123.54 123.54 123.54 123.54 123.54 123.54 123.54 123.54 123.54 123.54 123.54 123.54 123.54 123.54 123.54 123.54 123.54 123.54 123.54 123.54 123.54 123.54 123.54
1971.00 123.04 123.04 123.04 123.04 123.04 123.04 123.04 123.04 123.04 123.04 123.04 123.04 123.04 123.04 123.04 123.04 123.04 123.04 123.04 123.04 123.04 123.04 123.04
1972.00 126.10 126.10 126.10 126.10 126.10 126.10 126.10 126.10 126.10 126.10 126.10 126.10 126.10 126.10 126.10 126.10 126.10 126.10 126.10 126.10 126.10 126.10 126.10
1973.00 132.53 132.53 132.53 132.53 132.53 132.53 132.53 132.53 132.53 132.53 132.53 132.53 132.53 132.53 132.53 132.53 132.53 132.53 132.53 132.53 132.53 132.53 132.53
1974.00 135.89 135.89 135.89 135.89 135.89 135.89 135.89 135.89 135.89 135.89 135.89 135.89 135.89 135.89 135.89 135.89 135.89 135.89 135.89 135.89 135.89 135.89 135.89
1975.00 131.92 131.92 131.92 131.92 131.92 131.92 131.92 131.92 131.92 131.92 131.92 131.92 131.92 131.92 131.92 131.92 131.92 131.92 131.92 131.92 131.92 131.92 131.92
1976.00 130.43 130.43 130.43 130.43 130.43 130.43 130.43 130.43 130.43 130.43 130.43 130.43 130.43 130.43 130.43 130.43 130.43 130.43 130.43 130.43 130.43 130.43 130.43
1977.00 133.07 133.07 133.07 133.07 133.07 133.07 133.07 133.07 133.07 133.07 133.07 133.07 133.07 133.07 133.07 133.07 133.07 133.07 133.07 133.07 133.07 133.07 133.07
1978.00 133.44 133.44 133.44 133.44 133.44 133.44 133.44 133.44 133.44 133.44 133.44 133.44 133.44 133.44 133.44 133.44 133.44 133.44 133.44 133.44 133.44 133.44 133.44
1979.00 135.38 135.38 135.38 135.38 135.38 135.38 135.38 135.38 135.38 135.38 135.38 135.38 135.38 135.38 135.38 135.38 135.38 135.38 135.38 135.38 135.38 135.38 135.38
1980.00 138.87 138.87 138.87 138.87 138.87 138.87 138.87 138.87 138.87 138.87 138.87 138.87 138.87 138.87 138.87 138.87 138.87 138.87 138.87 138.87 138.87 138.87 138.87
1981.00 132.90 132.90 132.90 132.90 132.90 132.90 132.90 132.90 132.90 132.90 132.90 132.90 132.90 132.90 132.90 132.90 132.90 132.90 132.90 132.90 132.90 132.90 132.90
1982.00 131.81 131.81 131.81 131.81 131.81 131.81 131.81 131.81 131.81 131.81 131.81 131.81 131.81 131.81 131.81 131.81 131.81 131.81 131.81 131.81 131.81 131.81 131.81
1983.00 127.62 127.62 127.62 127.62 127.62 127.62 127.62 127.62 127.62 127.62 127.62 127.62 127.62 127.62 127.62 127.62 127.62 127.62 127.62 127.62 127.62 127.62 127.62
1984.00 124.68 124.68 124.68 124.68 124.68 124.68 124.68 124.68 124.68 124.68 124.68 124.68 124.68 124.68 124.68 124.68 124.68 124.68 124.68 124.68 124.68 124.68 124.68
1985.00 124.23 124.23 124.23 124.23 124.23 124.23 124.23 124.23 124.23 124.23 124.23 124.23 124.23 124.23 124.23 124.23 124.23 124.23 124.23 124.23 124.23 124.23 124.23
1986.00 124.70 124.70 124.70 124.70 124.70 124.70 124.70 124.70 124.70 124.70 124.70 124.70 124.70 124.70 124.70 124.70 124.70 124.70 124.70 124.70 124.70 124.70 124.70
1987.00 125.05 125.05 125.05 125.05 125.05 125.05 125.05 125.05 125.05 125.05 125.05 125.05 125.05 125.05 125.05 125.05 125.05 125.05 125.05 125.05 125.05 125.05 125.05
1988.00 76.67 78.88 81.09 83.29 85.50 87.71 89.91 92.12 94.33 96.53 98.74 100.95 103.15 105.36 107.57 109.77 111.98 114.19 116.39 118.60 120.81 123.01 125.22
1989.00 74.71 76.84 78.97 81.10 83.23 85.36 87.49 89.62 91.75 93.88 96.01 98.14 100.27 102.40 104.53 106.66 108.79 110.92 113.05 115.18 117.31 119.44 121.57
1990.00 72.70 74.74 76.79 78.83 80.87 82.92 84.96 87.01 89.05 91.09 93.14 95.18 97.23 99.27 101.31 103.36 105.40 107.45 109.49 111.53 113.58 115.62 117.67
1991.00 71.13 73.13 75.14 77.14 79.14 81.14 83.15 85.15 87.15 89.16 91.16 93.16 95.17 97.17 99.17 101.17 103.18 105.18 107.18 109.19 111.19 113.19 115.20
1992.00 69.66 71.64 73.62 75.60 77.58 79.56 81.54 83.52 85.50 87.48 89.46 91.44 93.42 95.40 97.38 99.36 101.34 103.32 105.30 107.28 109.26 111.24 113.22
1993.00 68.05 70.00 71.95 73.90 75.85 77.80 79.75 81.70 83.65 85.60 87.55 89.50 91.45 93.40 95.35 97.30 99.25 101.20 103.14 105.09 107.04 108.99 110.94
1994.00 66.53 68.45 70.37 72.29 74.21 76.13 78.06 79.98 81.90 83.82 85.74 87.66 89.58 91.51 93.43 95.35 97.27 99.19 101.11 103.03 104.96 106.88 108.80
1995.00 66.63 68.55 70.47 72.39 74.31 76.23 78.15 80.07 81.99 83.91 85.82 87.74 89.66 91.58 93.50 95.42 97.34 99.26 101.18 103.10 105.02 106.93 108.85
1996.00 65.88 67.76 69.64 71.52 73.40 75.28 77.16 79.03 80.91 82.79 84.67 86.55 88.43 90.31 92.19 94.07 95.95 97.83 99.71 101.59 103.47 105.34 107.22
1997.00 65.01 66.88 68.75 70.62 72.49 74.36 76.23 78.10 79.96 81.83 83.70 85.57 87.44 89.31 91.18 93.05 94.92 96.79 98.66 100.53 102.40 104.26 106.13
1998.00 63.38 65.22 67.07 68.91 70.75 72.59 74.43 76.27 78.11 79.96 81.80 83.64 85.48 87.32 89.16 91.01 92.85 94.69 96.53 98.37 100.21 102.05 103.90
1999.00 61.45 63.23 65.01 66.79 68.57 70.34 72.12 73.90 75.68 77.46 79.24 81.02 82.80 84.57 86.35 88.13 89.91 91.69 93.47 95.25 97.03 98.80 100.58
2000.00 58.15 59.83 61.50 63.18 64.85 66.53 68.21 69.88 71.56 73.24 74.91 76.59 78.27 79.94 81.62 83.30 84.97 86.65 88.33 90.00 91.68 93.36 95.03
2001.00 56.10 57.72 59.34 60.96 62.58 64.20 65.82 67.44 69.06 70.68 72.30 73.92 75.54 77.16 78.78 80.40 82.02 83.64 85.26 86.88 88.49 90.11 91.73
2002.00 54.68 56.26 57.85 59.43 61.02 62.60 64.18 65.77 67.35 68.94 70.52 72.11 73.69 75.28 76.86 78.45 80.03 81.61 83.20 84.78 86.37 87.95 89.54
2003.00 53.35 54.90 56.46 58.02 59.57 61.13 62.69 64.24 65.80 67.36 68.91 70.47 72.03 73.58 75.14 76.70 78.25 79.81 81.37 82.93 84.48 86.04 87.60
2004.00 49.82 51.27 52.73 54.18 55.63 57.09 58.54 60.00 61.45 62.91 64.36 65.82 67.27 68.73 70.18 71.64 73.09 74.55 76.00 77.46 78.91 80.36 81.82
2005.00 49.20 50.63 52.06 53.49 54.92 56.34 57.77 59.20 60.63 62.06 63.48 64.91 66.34 67.77 69.20 70.62 72.05 73.48 74.91 76.34 77.76 79.19 80.62
2006.00 48.69 50.08 51.47 52.87 54.26 55.65 57.04 58.43 59.82 61.21 62.60 63.99 65.39 66.78 68.17 69.56 70.95 72.34 73.73 75.12 76.51 77.90 79.30
2007.00 46.68 48.03 49.38 50.73 52.08 53.43 54.78 56.13 57.48 58.83 60.18 61.53 62.88 64.23 65.58 66.93 68.28 69.63 70.98 72.33 73.68 75.03 76.38
2008.00 42.98 44.24 45.50 46.76 48.01 49.27 50.53 51.79 53.04 54.30 55.56 56.82 58.08 59.33 60.59 61.85 63.11 64.36 65.62 66.88 68.14 69.40 70.65
2009.00 40.33 41.53 42.72 43.91 45.11 46.30 47.49 48.69 49.88 51.07 52.27 53.46 54.65 55.85 57.04 58.23 59.43 60.62 61.81 63.01 64.20 65.39 66.59
2010.00 36.97 38.05 39.14 40.23 41.32 42.40 43.49 44.58 45.66 46.75 47.84 48.92 50.01 51.10 52.19 53.27 54.36 55.45 56.53 57.62 58.71 59.79 60.88
2011.00 35.73 36.78 37.83 38.89 39.94 40.99 42.04 43.09 44.15 45.20 46.25 47.30 48.35 49.41 50.46 51.51 52.56 53.61 54.66 55.72 56.77 57.82 58.87
2012.00 35.01 36.03 37.05 38.07 39.08 40.10 41.12 42.14 43.16 44.18 45.19 46.21 47.23 48.25 49.27 50.29 51.30 52.32 53.34 54.36 55.38 56.40 57.41
2013.00 34.28 35.26 36.24 37.22 38.20 39.18 40.17 41.15 42.13 43.11 44.09 45.07 46.05 47.03 48.01 48.99 49.97 50.95 51.93 52.91 53.89 54.87 55.85
2014.00 32.42 33.36 34.29 35.23 36.16 37.10 38.04 38.97 39.91 40.84 41.78 42.72 43.65 44.59 45.52 46.46 47.40 48.33 49.27 50.20 51.14 52.07 53.01
2015.00 31.92 32.85 33.78 34.71 35.64 36.57 37.49 38.42 39.35 40.28 41.21 42.14 43.07 44.00 44.92 45.85 46.78 47.71 48.64 49.57 50.50 51.42 52.35
2016.00 30.88 31.79 32.69 33.60 34.50 35.40 36.31 37.21 38.12 39.02 39.92 40.83 41.73 42.63 43.54 44.44 45.35 46.25 47.15 48.06 48.96 49.87 50.77
2017.00 29.98 30.86 31.73 32.60 33.47 34.35 35.22 36.09 36.97 37.84 38.71 39.59 40.46 41.33 42.20 43.08 43.95 44.82 45.70 46.57 47.44 48.32 49.19
2018.00 3.68 3.68 3.68 3.68 3.68 3.68 3.68 3.68 3.68 3.68 3.68 3.68 3.68 3.68 3.68 3.68 3.68 3.68 3.68 3.68 3.68 3.68 3.68
2019.00 3.90 3.90 3.90 3.90 3.90 3.90 3.90 3.90 3.90 3.90 3.90 3.90 3.90 3.90 3.90 3.90 3.90 3.90 3.90 3.90 3.90 3.90 3.90
2020.00 3.71 3.71 3.71 3.71 3.71 3.71 3.71 3.71 3.71 3.71 3.71 3.71 3.71 3.71 3.71 3.71 3.71 3.71 3.71 3.71 3.71 3.71 3.71
2021.00 3.36 3.36 3.36 3.36 3.36 3.36 3.36 3.36 3.36 3.36 3.36 3.36 3.36 3.36 3.36 3.36 3.36 3.36 3.36 3.36 3.36 3.36 3.36
2022.00 2.92 2.92 2.92 2.92 2.92 2.92 2.92 2.92 2.92 2.92 2.92 2.92 2.92 2.92 2.92 2.92 2.92 2.92 2.92 2.92 2.92 2.92 2.92
2023.00 3.17 3.17 3.17 3.17 3.17 3.17 3.17 3.17 3.17 3.17 3.17 3.17 3.17 3.17 3.17 3.17 3.17 3.17 3.17 3.17 3.17 3.17 3.17
2024.00 3.20 3.20 3.20 3.20 3.20 3.20 3.20 3.20 3.20 3.20 3.20 3.20 3.20 3.20 3.20 3.20 3.20 3.20 3.20 3.20 3.20 3.20 3.20
2025.00 2.22 2.22 2.22 2.22 2.22 2.22 2.22 2.22 2.22 2.22 2.22 2.22 2.22 2.22 2.22 2.22 2.22 2.22 2.22 2.22 2.22 2.22 2.22
2026.00 1.59 1.59 1.59 1.59 1.59 1.59 1.59 1.59 1.59 1.59 1.59 1.59 1.59 1.59 1.59 1.59 1.59 1.59 1.59 1.59 1.59 1.59 1.59
2027.00 1.10 1.10 1.10 1.10 1.10 1.10 1.10 1.10 1.10 1.10 1.10 1.10 1.10 1.10 1.10 1.10 1.10 1.10 1.10 1.10 1.10 1.10 1.10
2028.00 0.50 0.50 0.50 0.50 0.50 0.50 0.50 0.50 0.50 0.50 0.50 0.50 0.50 0.50 0.50 0.50 0.50 0.50 0.50 0.50 0.50 0.50 0.50
2029.00 0.37 0.37 0.37 0.37 0.37 0.37 0.37 0.37 0.37 0.37 0.37 0.37 0.37 0.37 0.37 0.37 0.37 0.37 0.37 0.37 0.37 0.37 0.37
2030.00 0.01 0.01 0.01 0.01 0.01 0.01 0.01 0.01 0.01 0.01 0.01 0.01 0.01 0.01 0.01 0.01 0.01 0.01 0.01 0.01 0.01 0.01 0.01
2031.00 -0.32 -0.32 -0.32 -0.32 -0.32 -0.32 -0.32 -0.32 -0.32 -0.32 -0.32 -0.32 -0.32 -0.32 -0.32 -0.32 -0.32 -0.32 -0.32 -0.32 -0.32 -0.32 -0.32
2032.00 -0.92 -0.92 -0.92 -0.92 -0.92 -0.92 -0.92 -0.92 -0.92 -0.92 -0.92 -0.92 -0.92 -0.92 -0.92 -0.92 -0.92 -0.92 -0.92 -0.92 -0.92 -0.92 -0.92
2033.00 -1.26 -1.26 -1.26 -1.26 -1.26 -1.26 -1.26 -1.26 -1.26 -1.26 -1.26 -1.26 -1.26 -1.26 -1.26 -1.26 -1.26 -1.26 -1.26 -1.26 -1.26 -1.26 -1.26
2034.00 -1.51 -1.51 -1.51 -1.51 -1.51 -1.51 -1.51 -1.51 -1.51 -1.51 -1.51 -1.51 -1.51 -1.51 -1.51 -1.51 -1.51 -1.51 -1.51 -1.51 -1.51 -1.51 -1.51
2035.00 -2.06 -2.06 -2.06 -2.06 -2.06 -2.06 -2.06 -2.06 -2.06 -2.06 -2.06 -2.06 -2.06 -2.06 -2.06 -2.06 -2.06 -2.06 -2.06 -2.06 -2.06 -2.06 -2.06
2036.00 -2.40 -2.40 -2.40 -2.40 -2.40 -2.40 -2.40 -2.40 -2.40 -2.40 -2.40 -2.40 -2.40 -2.40 -2.40 -2.40 -2.40 -2.40 -2.40 -2.40 -2.40 -2.40 -2.40
2037.00 -2.42 -2.42 -2.42 -2.42 -2.42 -2.42 -2.42 -2.42 -2.42 -2.42 -2.42 -2.42 -2.42 -2.42 -2.42 -2.42 -2.42 -2.42 -2.42 -2.42 -2.42 -2.42 -2.42
2038.00 -2.49 -2.49 -2.49 -2.49 -2.49 -2.49 -2.49 -2.49 -2.49 -2.49 -2.49 -2.49 -2.49 -2.49 -2.49 -2.49 -2.49 -2.49 -2.49 -2.49 -2.49 -2.49 -2.49
2039.00 -2.44 -2.44 -2.44 -2.44 -2.44 -2.44 -2.44 -2.44 -2.44 -2.44 -2.44 -2.44 -2.44 -2.44 -2.44 -2.44 -2.44 -2.44 -2.44 -2.44 -2.44 -2.44 -2.44
2040.00 -2.43 -2.43 -2.43 -2.43 -2.43 -2.43 -2.43 -2.43 -2.43 -2.43 -2.43 -2.43 -2.43 -2.43 -2.43 -2.43 -2.43 -2.43 -2.43 -2.43 -2.43 -2.43 -2.43
2041.00 -2.43 -2.43 -2.43 -2.43 -2.43 -2.43 -2.43 -2.43 -2.43 -2.43 -2.43 -2.43 -2.43 -2.43 -2.43 -2.43 -2.43 -2.43 -2.43 -2.43 -2.43 -2.43 -2.43
2042.00 -2.42 -2.42 -2.42 -2.42 -2.42 -2.42 -2.42 -2.42 -2.42 -2.42 -2.42 -2.42 -2.42 -2.42 -2.42 -2.42 -2.42 -2.42 -2.42 -2.42 -2.42 -2.42 -2.42
2043.00 -2.39 -2.39 -2.39 -2.39 -2.39 -2.39 -2.39 -2.39 -2.39 -2.39 -2.39 -2.39 -2.39 -2.39 -2.39 -2.39 -2.39 -2.39 -2.39 -2.39 -2.39 -2.39 -2.39
2044.00 -2.38 -2.38 -2.38 -2.38 -2.38 -2.38 -2.38 -2.38 -2.38 -2.38 -2.38 -2.38 -2.38 -2.38 -2.38 -2.38 -2.38 -2.38 -2.38 -2.38 -2.38 -2.38 -2.38
2045.00 -2.17 -2.17 -2.17 -2.17 -2.17 -2.17 -2.17 -2.17 -2.17 -2.17 -2.17 -2.17 -2.17 -2.17 -2.17 -2.17 -2.17 -2.17 -2.17 -2.17 -2.17 -2.17 -2.17
2046.00 -2.17 -2.17 -2.17 -2.17 -2.17 -2.17 -2.17 -2.17 -2.17 -2.17 -2.17 -2.17 -2.17 -2.17 -2.17 -2.17 -2.17 -2.17 -2.17 -2.17 -2.17 -2.17 -2.17
2047.00 -2.20 -2.20 -2.20 -2.20 -2.20 -2.20 -2.20 -2.20 -2.20 -2.20 -2.20 -2.20 -2.20 -2.20 -2.20 -2.20 -2.20 -2.20 -2.20 -2.20 -2.20 -2.20 -2.20
2048.00 -2.21 -2.21 -2.21 -2.21 -2.21 -2.21 -2.21 -2.21 -2.21 -2.21 -2.21 -2.21 -2.21 -2.21 -2.21 -2.21 -2.21 -2.21 -2.21 -2.21 -2.21 -2.21 -2.21
2049.00 -2.13 -2.13 -2.13 -2.13 -2.13 -2.13 -2.13 -2.13 -2.13 -2.13 -2.13 -2.13 -2.13 -2.13 -2.13 -2.13 -2.13 -2.13 -2.13 -2.13 -2.13 -2.13 -2.13
2050.00 -2.27 -2.27 -2.27 -2.27 -2.27 -2.27 -2.27 -2.27 -2.27 -2.27 -2.27 -2.27 -2.27 -2.27 -2.27 -2.27 -2.27 -2.27 -2.27 -2.27 -2.27 -2.27 -2.27
2051.00 -2.22 -2.22 -2.22 -2.22 -2.22 -2.22 -2.22 -2.22 -2.22 -2.22 -2.22 -2.22 -2.22 -2.22 -2.22 -2.22 -2.22 -2.22 -2.22 -2.22 -2.22 -2.22 -2.22
2052.00 -2.13 -2.13 -2.13 -2.13 -2.13 -2.13 -2.13 -2.13 -2.13 -2.13 -2.13 -2.13 -2.13 -2.13 -2.13 -2.13 -2.13 -2.13 -2.13 -2.13 -2.13 -2.13 -2.13
2053.00 -2.20 -2.20 -2.20 -2.20 -2.20 -2.20 -2.20 -2.20 -2.20 -2.20 -2.20 -2.20 -2.20 -2.20 -2.20 -2.20 -2.20 -2.20 -2.20 -2.20 -2.20 -2.20 -2.20
2054.00 -2.29 -2.29 -2.29 -2.29 -2.29 -2.29 -2.29 -2.29 -2.29 -2.29 -2.29 -2.29 -2.29 -2.29 -2.29 -2.29 -2.29 -2.29 -2.29 -2.29 -2.29 -2.29 -2.29
2055.00 -2.31 -2.31 -2.31 -2.31 -2.31 -2.31 -2.31 -2.31 -2.31 -2.31 -2.31 -2.31 -2.31 -2.31 -2.31 -2.31 -2.31 -2.31 -2.31 -2.31 -2.31 -2.31 -2.31
2056.00 -2.31 -2.31 -2.31 -2.31 -2.31 -2.31 -2.31 -2.31 -2.31 -2.31 -2.31 -2.31 -2.31 -2.31 -2.31 -2.31 -2.31 -2.31 -2.31 -2.31 -2.31 -2.31 -2.31
2057.00 -2.29 -2.29 -2.29 -2.29 -2.29 -2.29 -2.29 -2.29 -2.29 -2.29 -2.29 -2.29 -2.29 -2.29 -2.29 -2.29 -2.29 -2.29 -2.29 -2.29 -2.29 -2.29 -2.29
2058.00 -2.39 -2.39 -2.39 -2.39 -2.39 -2.39 -2.39 -2.39 -2.39 -2.39 -2.39 -2.39 -2.39 -2.39 -2.39 -2.39 -2.39 -2.39 -2.39 -2.39 -2.39 -2.39 -2.39
2059.00 -2.53 -2.53 -2.53 -2.53 -2.53 -2.53 -2.53 -2.53 -2.53 -2.53 -2.53 -2.53 -2.53 -2.53 -2.53 -2.53 -2.53 -2.53 -2.53 -2.53 -2.53 -2.53 -2.53
2060.00 -2.64 -2.64 -2.64 -2.64 -2.64 -2.64 -2.64 -2.64 -2.64 -2.64 -2.64 -2.64 -2.64 -2.64 -2.64 -2.64 -2.64 -2.64 -2.64 -2.64 -2.64 -2.64 -2.64
2061.00 -2.66 -2.66 -2.66 -2.66 -2.66 -2.66 -2.66 -2.66 -2.66 -2.66 -2.66 -2.66 -2.66 -2.66 -2.66 -2.66 -2.66 -2.66 -2.66 -2.66 -2.66 -2.66 -2.66
2062.00 -2.68 -2.68 -2.68 -2.68 -2.68 -2.68 -2.68 -2.68 -2.68 -2.68 -2.68 -2.68 -2.68 -2.68 -2.68 -2.68 -2.68 -2.68 -2.68 -2.68 -2.68 -2.68 -2.68
2063.00 -2.46 -2.46 -2.46 -2.46 -2.46 -2.46 -2.46 -2.46 -2.46 -2.46 -2.46 -2.46 -2.46 -2.46 -2.46 -2.46 -2.46 -2.46 -2.46 -2.46 -2.46 -2.46 -2.46
2064.00 -2.42 -2.42 -2.42 -2.42 -2.42 -2.42 -2.42 -2.42 -2.42 -2.42 -2.42 -2.42 -2.42 -2.42 -2.42 -2.42 -2.42 -2.42 -2.42 -2.42 -2.42 -2.42 -2.42
2065.00 -2.51 -2.51 -2.51 -2.51 -2.51 -2.51 -2.51 -2.51 -2.51 -2.51 -2.51 -2.51 -2.51 -2.51 -2.51 -2.51 -2.51 -2.51 -2.51 -2.51 -2.51 -2.51 -2.51
