# yearspad, alpred
# [0.6  0.62 0.64 0.66 0.68 0.7  0.72 0.74 0.76 0.78 0.8  0.82 0.84 0.86
#  0.88 0.9  0.92 0.94 0.96 0.98 1.   1.02 1.04]
1922.00 -0.76 -0.76 -0.76 -0.76 -0.76 -0.76 -0.76 -0.76 -0.76 -0.76 -0.76 -0.76 -0.76 -0.76 -0.76 -0.76 -0.76 -0.76 -0.76 -0.76 -0.76 -0.76 -0.76
1923.00 -0.85 -0.85 -0.85 -0.85 -0.85 -0.85 -0.85 -0.85 -0.85 -0.85 -0.85 -0.85 -0.85 -0.85 -0.85 -0.85 -0.85 -0.85 -0.85 -0.85 -0.85 -0.85 -0.85
1924.00 -0.64 -0.64 -0.64 -0.64 -0.64 -0.64 -0.64 -0.64 -0.64 -0.64 -0.64 -0.64 -0.64 -0.64 -0.64 -0.64 -0.64 -0.64 -0.64 -0.64 -0.64 -0.64 -0.64
1925.00 -0.77 -0.77 -0.77 -0.77 -0.77 -0.77 -0.77 -0.77 -0.77 -0.77 -0.77 -0.77 -0.77 -0.77 -0.77 -0.77 -0.77 -0.77 -0.77 -0.77 -0.77 -0.77 -0.77
1926.00 -0.81 -0.81 -0.81 -0.81 -0.81 -0.81 -0.81 -0.81 -0.81 -0.81 -0.81 -0.81 -0.81 -0.81 -0.81 -0.81 -0.81 -0.81 -0.81 -0.81 -0.81 -0.81 -0.81
1927.00 -0.66 -0.66 -0.66 -0.66 -0.66 -0.66 -0.66 -0.66 -0.66 -0.66 -0.66 -0.66 -0.66 -0.66 -0.66 -0.66 -0.66 -0.66 -0.66 -0.66 -0.66 -0.66 -0.66
1928.00 -0.84 -0.84 -0.84 -0.84 -0.84 -0.84 -0.84 -0.84 -0.84 -0.84 -0.84 -0.84 -0.84 -0.84 -0.84 -0.84 -0.84 -0.84 -0.84 -0.84 -0.84 -0.84 -0.84
1929.00 -1.07 -1.07 -1.07 -1.07 -1.07 -1.07 -1.07 -1.07 -1.07 -1.07 -1.07 -1.07 -1.07 -1.07 -1.07 -1.07 -1.07 -1.07 -1.07 -1.07 -1.07 -1.07 -1.07
1930.00 -1.29 -1.29 -1.29 -1.29 -1.29 -1.29 -1.29 -1.29 -1.29 -1.29 -1.29 -1.29 -1.29 -1.29 -1.29 -1.29 -1.29 -1.29 -1.29 -1.29 -1.29 -1.29 -1.29
1931.00 -1.87 -1.87 -1.87 -1.87 -1.87 -1.87 -1.87 -1.87 -1.87 -1.87 -1.87 -1.87 -1.87 -1.87 -1.87 -1.87 -1.87 -1.87 -1.87 -1.87 -1.87 -1.87 -1.87
1932.00 -2.17 -2.17 -2.17 -2.17 -2.17 -2.17 -2.17 -2.17 -2.17 -2.17 -2.17 -2.17 -2.17 -2.17 -2.17 -2.17 -2.17 -2.17 -2.17 -2.17 -2.17 -2.17 -2.17
1933.00 -2.36 -2.36 -2.36 -2.36 -2.36 -2.36 -2.36 -2.36 -2.36 -2.36 -2.36 -2.36 -2.36 -2.36 -2.36 -2.36 -2.36 -2.36 -2.36 -2.36 -2.36 -2.36 -2.36
1934.00 -2.63 -2.63 -2.63 -2.63 -2.63 -2.63 -2.63 -2.63 -2.63 -2.63 -2.63 -2.63 -2.63 -2.63 -2.63 -2.63 -2.63 -2.63 -2.63 -2.63 -2.63 -2.63 -2.63
1935.00 -3.13 -3.13 -3.13 -3.13 -3.13 -3.13 -3.13 -3.13 -3.13 -3.13 -3.13 -3.13 -3.13 -3.13 -3.13 -3.13 -3.13 -3.13 -3.13 -3.13 -3.13 -3.13 -3.13
1936.00 -3.82 -3.82 -3.82 -3.82 -3.82 -3.82 -3.82 -3.82 -3.82 -3.82 -3.82 -3.82 -3.82 -3.82 -3.82 -3.82 -3.82 -3.82 -3.82 -3.82 -3.82 -3.82 -3.82
1937.00 -4.75 -4.75 -4.75 -4.75 -4.75 -4.75 -4.75 -4.75 -4.75 -4.75 -4.75 -4.75 -4.75 -4.75 -4.75 -4.75 -4.75 -4.75 -4.75 -4.75 -4.75 -4.75 -4.75
1938.00 -5.26 -5.26 -5.26 -5.26 -5.26 -5.26 -5.26 -5.26 -5.26 -5.26 -5.26 -5.26 -5.26 -5.26 -5.26 -5.26 -5.26 -5.26 -5.26 -5.26 -5.26 -5.26 -5.26
1939.00 -6.29 -6.29 -6.29 -6.29 -6.29 -6.29 -6.29 -6.29 -6.29 -6.29 -6.29 -6.29 -6.29 -6.29 -6.29 -6.29 -6.29 -6.29 -6.29 -6.29 -6.29 -6.29 -6.29
1940.00 -6.86 -6.86 -6.86 -6.86 -6.86 -6.86 -6.86 -6.86 -6.86 -6.86 -6.86 -6.86 -6.86 -6.86 -6.86 -6.86 -6.86 -6.86 -6.86 -6.86 -6.86 -6.86 -6.86
1941.00 -7.38 -7.38 -7.38 -7.38 -7.38 -7.38 -7.38 -7.38 -7.38 -7.38 -7.38 -7.38 -7.38 -7.38 -7.38 -7.38 -7.38 -7.38 -7.38 -7.38 -7.38 -7.38 -7.38
1942.00 -8.07 -8.07 -8.07 -8.07 -8.07 -8.07 -8.07 -8.07 -8.07 -8.07 -8.07 -8.07 -8.07 -8.07 -8.07 -8.07 -8.07 -8.07 -8.07 -8.07 -8.07 -8.07 -8.07
1943.00 -8.51 -8.51 -8.51 -8.51 -8.51 -8.51 -8.51 -8.51 -8.51 -8.51 -8.51 -8.51 -8.51 -8.51 -8.51 -8.51 -8.51 -8.51 -8.51 -8.51 -8.51 -8.51 -8.51
1944.00 -8.88 -8.88 -8.88 -8.88 -8.88 -8.88 -8.88 -8.88 -8.88 -8.88 -8.88 -8.88 -8.88 -8.88 -8.88 -8.88 -8.88 -8.88 -8.88 -8.88 -8.88 -8.88 -8.88
1945.00 -8.93 -8.93 -8.93 -8.93 -8.93 -8.93 -8.93 -8.93 -8.93 -8.93 -8.93 -8.93 -8.93 -8.93 -8.93 -8.93 -8.93 -8.93 -8.93 -8.93 -8.93 -8.93 -8.93
1946.00 -9.39 -9.39 -9.39 -9.39 -9.39 -9.39 -9.39 -9.39 -9.39 -9.39 -9.39 -9.39 -9.39 -9.39 -9.39 -9.39 -9.39 -9.39 -9.39 -9.39 -9.39 -9.39 -9.39
1947.00 -9.69 -9.69 -9.69 -9.69 -9.69 -9.69 -9.69 -9.69 -9.69 -9.69 -9.69 -9.69 -9.69 -9.69 -9.69 -9.69 -9.69 -9.69 -9.69 -9.69 -9.69 -9.69 -9.69
1948.00 -10.33 -10.33 -10.33 -10.33 -10.33 -10.33 -10.33 -10.33 -10.33 -10.33 -10.33 -10.33 -10.33 -10.33 -10.33 -10.33 -10.33 -10.33 -10.33 -10.33 -10.33 -10.33 -10.33
1949.00 -10.68 -10.68 -10.68 -10.68 -10.68 -10.68 -10.68 -10.68 -10.68 -10.68 -10.68 -10.68 -10.68 -10.68 -10.68 -10.68 -10.68 -10.68 -10.68 -10.68 -10.68 -10.68 -10.68
1950.00 -10.92 -10.92 -10.92 -10.92 -10.92 -10.92 -10.92 -10.92 -10.92 -10.92 -10.92 -10.92 -10.92 -10.92 -10.92 -10.92 -10.92 -10.92 -10.92 -10.92 -10.92 -10.92 -10.92
1951.00 -10.46 -10.46 -10.46 -10.46 -10.46 -10.46 -10.46 -10.46 -10.46 -10.46 -10.46 -10.46 -10.46 -10.46 -10.46 -10.46 -10.46 -10.46 -10.46 -10.46 -10.46 -10.46 -10.46
1952.00 -10.11 -10.11 -10.11 -10.11 -10.11 -10.11 -10.11 -10.11 -10.11 -10.11 -10.11 -10.11 -10.11 -10.11 -10.11 -10.11 -10.11 -10.11 -10.11 -10.11 -10.11 -10.11 -10.11
1953.00 -10.26 -10.26 -10.26 -10.26 -10.26 -10.26 -10.26 -10.26 -10.26 -10.26 -10.26 -10.26 -10.26 -10.26 -10.26 -10.26 -10.26 -10.26 -10.26 -10.26 -10.26 -10.26 -10.26
1954.00 -10.34 -10.34 -10.34 -10.34 -10.34 -10.34 -10.34 -10.34 -10.34 -10.34 -10.34 -10.34 -10.34 -10.34 -10.34 -10.34 -10.34 -10.34 -10.34 -10.34 -10.34 -10.34 -10.34
1955.00 -10.78 -10.78 -10.78 -10.78 -10.78 -10.78 -10.78 -10.78 -10.78 -10.78 -10.78 -10.78 -10.78 -10.78 -10.78 -10.78 -10.78 -10.78 -10.78 -10.78 -10.78 -10.78 -10.78
1956.00 -11.13 -11.13 -11.13 -11.13 -11.13 -11.13 -11.13 -11.13 -11.13 -11.13 -11.13 -11.13 -11.13 -11.13 -11.13 -11.13 -11.13 -11.13 -11.13 -11.13 -11.13 -11.13 -11.13
1957.00 -11.19 -11.19 -11.19 -11.19 -11.19 -11.19 -11.19 -11.19 -11.19 -11.19 -11.19 -11.19 -11.19 -11.19 -11.19 -11.19 -11.19 -11.19 -11.19 -11.19 -11.19 -11.19 -11.19
1958.00 -11.20 -11.20 -11.20 -11.20 -11.20 -11.20 -11.20 -11.20 -11.20 -11.20 -11.20 -11.20 -11.20 -11.20 -11.20 -11.20 -11.20 -11.20 -11.20 -11.20 -11.20 -11.20 -11.20
1959.00 -11.49 -11.49 -11.49 -11.49 -11.49 -11.49 -11.49 -11.49 -11.49 -11.49 -11.49 -11.49 -11.49 -11.49 -11.49 -11.49 -11.49 -11.49 -11.49 -11.49 -11.49 -11.49 -11.49
1960.00 -11.26 -11.26 -11.26 -11.26 -11.26 -11.26 -11.26 -11.26 -11.26 -11.26 -11.26 -11.26 -11.26 -11.26 -11.26 -11.26 -11.26 -11.26 -11.26 -11.26 -11.26 -11.26 -11.26
1961.00 -11.06 -11.06 -11.06 -11.06 -11.06 -11.06 -11.06 -11.06 -11.06 -11.06 -11.06 -11.06 -11.06 -11.06 -11.06 -11.06 -11.06 -11.06 -11.06 -11.06 -11.06 -11.06 -11.06
1962.00 -11.37 -11.37 -11.37 -11.37 -11.37 -11.37 -11.37 -11.37 -11.37 -11.37 -11.37 -11.37 -11.37 -11.37 -11.37 -11.37 -11.37 -11.37 -11.37 -11.37 -11.37 -11.37 -11.37
1963.00 -11.53 -11.53 -11.53 -11.53 -11.53 -11.53 -11.53 -11.53 -11.53 -11.53 -11.53 -11.53 -11.53 -11.53 -11.53 -11.53 -11.53 -11.53 -11.53 -11.53 -11.53 -11.53 -11.53
1964.00 -12.01 -12.01 -12.01 -12.01 -12.01 -12.01 -12.01 -12.01 -12.01 -12.01 -12.01 -12.01 -12.01 -12.01 -12.01 -12.01 -12.01 -12.01 -12.01 -12.01 -12.01 -12.01 -12.01
1965.00 -12.32 -12.32 -12.32 -12.32 -12.32 -12.32 -12.32 -12.32 -12.32 -12.32 -12.32 -12.32 -12.32 -12.32 -12.32 -12.32 -12.32 -12.32 -12.32 -12.32 -12.32 -12.32 -12.32
1966.00 -12.37 -12.37 -12.37 -12.37 -12.37 -12.37 -12.37 -12.37 -12.37 -12.37 -12.37 -12.37 -12.37 -12.37 -12.37 -12.37 -12.37 -12.37 -12.37 -12.37 -12.37 -12.37 -12.37
1967.00 -11.94 -11.94 -11.94 -11.94 -11.94 -11.94 -11.94 -11.94 -11.94 -11.94 -11.94 -11.94 -11.94 -11.94 -11.94 -11.94 -11.94 -11.94 -11.94 -11.94 -11.94 -11.94 -11.94
1968.00 -11.75 -11.75 -11.75 -11.75 -11.75 -11.75 -11.75 -11.75 -11.75 -11.75 -11.75 -11.75 -11.75 -11.75 -11.75 -11.75 -11.75 -11.75 -11.75 -11.75 -11.75 -11.75 -11.75
1969.00 -11.36 -11.36 -11.36 -11.36 -11.36 -11.36 -11.36 -11.36 -11.36 -11.36 -11.36 -11.36 -11.36 -11.36 -11.36 -11.36 -11.36 -11.36 -11.36 -11.36 -11.36 -11.36 -11.36
1970.00 109.94 109.94 109.94 109.94 109.94 109.94 109.94 109.94 109.94 109.94 109.94 109.94 109.94 109.94 109.94 109.94 109.94 109.94 109.94 109.94 109.94 109.94 109.94
1971.00 115.62 115.62 115.62 115.62 115.62 115.62 115.62 115.62 115.62 115.62 115.62 115.62 115.62 115.62 115.62 115.62 115.62 115.62 115.62 115.62 115.62 115.62 115.62
1972.00 117.06 117.06 117.06 117.06 117.06 117.06 117.06 117.06 117.06 117.06 117.06 117.06 117.06 117.06 117.06 117.06 117.06 117.06 117.06 117.06 117.06 117.06 117.06
1973.00 119.80 119.80 119.80 119.80 119.80 119.80 119.80 119.80 119.80 119.80 119.80 119.80 119.80 119.80 119.80 119.80 119.80 119.80 119.80 119.80 119.80 119.80 119.80
1974.00 123.64 123.64 123.64 123.64 123.64 123.64 123.64 123.64 123.64 123.64 123.64 123.64 123.64 123.64 123.64 123.64 123.64 123.64 123.64 123.64 123.64 123.64 123.64
1975.00 122.93 122.93 122.93 122.93 122.93 122.93 122.93 122.93 122.93 122.93 122.93 122.93 122.93 122.93 122.93 122.93 122.93 122.93 122.93 122.93 122.93 122.93 122.93
1976.00 125.95 125.95 125.95 125.95 125.95 125.95 125.95 125.95 125.95 125.95 125.95 125.95 125.95 125.95 125.95 125.95 125.95 125.95 125.95 125.95 125.95 125.95 125.95
1977.00 127.91 127.91 127.91 127.91 127.91 127.91 127.91 127.91 127.91 127.91 127.91 127.91 127.91 127.91 127.91 127.91 127.91 127.91 127.91 127.91 127.91 127.91 127.91
1978.00 130.59 130.59 130.59 130.59 130.59 130.59 130.59 130.59 130.59 130.59 130.59 130.59 130.59 130.59 130.59 130.59 130.59 130.59 130.59 130.59 130.59 130.59 130.59
1979.00 130.99 130.99 130.99 130.99 130.99 130.99 130.99 130.99 130.99 130.99 130.99 130.99 130.99 130.99 130.99 130.99 130.99 130.99 130.99 130.99 130.99 130.99 130.99
1980.00 133.93 133.93 133.93 133.93 133.93 133.93 133.93 133.93 133.93 133.93 133.93 133.93 133.93 133.93 133.93 133.93 133.93 133.93 133.93 133.93 133.93 133.93 133.93
1981.00 131.75 131.75 131.75 131.75 131.75 131.75 131.75 131.75 131.75 131.75 131.75 131.75 131.75 131.75 131.75 131.75 131.75 131.75 131.75 131.75 131.75 131.75 131.75
1982.00 131.22 131.22 131.22 131.22 131.22 131.22 131.22 131.22 131.22 131.22 131.22 131.22 131.22 131.22 131.22 131.22 131.22 131.22 131.22 131.22 131.22 131.22 131.22
1983.00 128.61 128.61 128.61 128.61 128.61 128.61 128.61 128.61 128.61 128.61 128.61 128.61 128.61 128.61 128.61 128.61 128.61 128.61 128.61 128.61 128.61 128.61 128.61
1984.00 126.31 126.31 126.31 126.31 126.31 126.31 126.31 126.31 126.31 126.31 126.31 126.31 126.31 126.31 126.31 126.31 126.31 126.31 126.31 126.31 126.31 126.31 126.31
1985.00 128.79 128.79 128.79 128.79 128.79 128.79 128.79 128.79 128.79 128.79 128.79 128.79 128.79 128.79 128.79 128.79 128.79 128.79 128.79 128.79 128.79 128.79 128.79
1986.00 129.00 129.00 129.00 129.00 129.00 129.00 129.00 129.00 129.00 129.00 129.00 129.00 129.00 129.00 129.00 129.00 129.00 129.00 129.00 129.00 129.00 129.00 129.00
1987.00 129.26 129.26 129.26 129.26 129.26 129.26 129.26 129.26 129.26 129.26 129.26 129.26 129.26 129.26 129.26 129.26 129.26 129.26 129.26 129.26 129.26 129.26 129.26
1988.00 81.33 83.53 85.74 87.94 90.15 92.35 94.56 96.76 98.97 101.17 103.38 105.58 107.79 109.99 112.20 114.40 116.61 118.81 121.02 123.22 125.43 127.63 129.84
1989.00 79.35 81.48 83.60 85.73 87.86 89.99 92.12 94.25 96.38 98.51 100.63 102.76 104.89 107.02 109.15 111.28 113.41 115.54 117.66 119.79 121.92 124.05 126.18
1990.00 76.94 78.98 81.02 83.07 85.11 87.15 89.19 91.24 93.28 95.32 97.36 99.41 101.45 103.49 105.53 107.58 109.62 111.66 113.71 115.75 117.79 119.83 121.88
1991.00 75.27 77.27 79.26 81.26 83.26 85.26 87.26 89.26 91.25 93.25 95.25 97.25 99.25 101.25 103.24 105.24 107.24 109.24 111.24 113.24 115.24 117.23 119.23
1992.00 73.94 75.91 77.89 79.86 81.83 83.81 85.78 87.76 89.73 91.71 93.68 95.66 97.63 99.61 101.58 103.56 105.53 107.51 109.48 111.45 113.43 115.40 117.38
1993.00 72.84 74.79 76.73 78.68 80.62 82.57 84.51 86.46 88.40 90.35 92.29 94.23 96.18 98.12 100.07 102.01 103.96 105.90 107.85 109.79 111.74 113.68 115.63
1994.00 71.58 73.49 75.41 77.33 79.24 81.16 83.07 84.99 86.90 88.82 90.74 92.65 94.57 96.48 98.40 100.32 102.23 104.15 106.06 107.98 109.89 111.81 113.73
1995.00 71.69 73.61 75.53 77.44 79.36 81.28 83.20 85.11 87.03 88.95 90.86 92.78 94.70 96.62 98.53 100.45 102.37 104.28 106.20 108.12 110.04 111.95 113.87
1996.00 70.72 72.60 74.47 76.35 78.22 80.10 81.97 83.85 85.72 87.60 89.47 91.35 93.22 95.10 96.97 98.85 100.72 102.60 104.47 106.35 108.22 110.10 111.97
1997.00 70.37 72.23 74.10 75.97 77.83 79.70 81.56 83.43 85.30 87.16 89.03 90.90 92.76 94.63 96.49 98.36 100.23 102.09 103.96 105.82 107.69 109.56 111.42
1998.00 68.99 70.83 72.67 74.50 76.34 78.18 80.02 81.85 83.69 85.53 87.37 89.21 91.04 92.88 94.72 96.56 98.40 100.23 102.07 103.91 105.75 107.59 109.42
1999.00 66.80 68.58 70.35 72.13 73.90 75.68 77.45 79.23 81.00 82.78 84.55 86.33 88.11 89.88 91.66 93.43 95.21 96.98 98.76 100.53 102.31 104.08 105.86
2000.00 63.61 65.28 66.96 68.63 70.31 71.98 73.66 75.33 77.00 78.68 80.35 82.03 83.70 85.38 87.05 88.72 90.40 92.07 93.75 95.42 97.10 98.77 100.44
2001.00 61.49 63.11 64.73 66.34 67.96 69.58 71.19 72.81 74.43 76.04 77.66 79.28 80.89 82.51 84.13 85.75 87.36 88.98 90.60 92.21 93.83 95.45 97.06
2002.00 60.54 62.13 63.71 65.30 66.88 68.46 70.05 71.63 73.22 74.80 76.38 77.97 79.55 81.13 82.72 84.30 85.89 87.47 89.05 90.64 92.22 93.81 95.39
2003.00 59.45 61.01 62.56 64.12 65.67 67.23 68.78 70.33 71.89 73.44 75.00 76.55 78.11 79.66 81.21 82.77 84.32 85.88 87.43 88.99 90.54 92.09 93.65
2004.00 56.72 58.18 59.64 61.10 62.55 64.01 65.47 66.92 68.38 69.84 71.30 72.75 74.21 75.67 77.12 78.58 80.04 81.50 82.95 84.41 85.87 87.32 88.78
2005.00 55.65 57.08 58.51 59.94 61.37 62.80 64.23 65.66 67.09 68.52 69.95 71.38 72.81 74.24 75.67 77.10 78.53 79.96 81.39 82.82 84.25 85.68 87.11
2006.00 54.56 55.95 57.34 58.73 60.13 61.52 62.91 64.30 65.70 67.09 68.48 69.87 71.27 72.66 74.05 75.44 76.84 78.23 79.62 81.01 82.41 83.80 85.19
2007.00 52.77 54.13 55.48 56.83 58.18 59.53 60.89 62.24 63.59 64.94 66.29 67.64 69.00 70.35 71.70 73.05 74.40 75.76 77.11 78.46 79.81 81.16 82.52
2008.00 49.27 50.53 51.79 53.05 54.31 55.57 56.83 58.09 59.35 60.61 61.87 63.13 64.39 65.65 66.91 68.17 69.43 70.69 71.95 73.21 74.47 75.73 76.99
2009.00 46.82 48.02 49.22 50.42 51.62 52.81 54.01 55.21 56.41 57.61 58.80 60.00 61.20 62.40 63.60 64.79 65.99 67.19 68.39 69.59 70.78 71.98 73.18
2010.00 43.35 44.44 45.52 46.61 47.69 48.78 49.86 50.95 52.03 53.12 54.20 55.29 56.37 57.46 58.54 59.63 60.71 61.80 62.88 63.97 65.05 66.14 67.22
2011.00 42.35 43.40 44.45 45.50 46.55 47.60 48.65 49.70 50.75 51.80 52.85 53.90 54.95 56.00 57.05 58.10 59.15 60.20 61.25 62.30 63.35 64.40 65.45
2012.00 41.40 42.42 43.43 44.45 45.46 46.48 47.50 48.51 49.53 50.54 51.56 52.57 53.59 54.60 55.62 56.63 57.65 58.67 59.68 60.70 61.71 62.73 63.74
2013.00 40.39 41.37 42.35 43.32 44.30 45.28 46.26 47.24 48.22 49.19 50.17 51.15 52.13 53.11 54.08 55.06 56.04 57.02 58.00 58.98 59.95 60.93 61.91
2014.00 38.50 39.43 40.37 41.30 42.23 43.17 44.10 45.03 45.97 46.90 47.83 48.77 49.70 50.63 51.56 52.50 53.43 54.36 55.30 56.23 57.16 58.10 59.03
2015.00 38.03 38.95 39.88 40.81 41.73 42.66 43.58 44.51 45.44 46.36 47.29 48.22 49.14 50.07 51.00 51.92 52.85 53.78 54.70 55.63 56.56 57.48 58.41
2016.00 36.79 37.69 38.60 39.50 40.40 41.30 42.20 43.10 44.00 44.91 45.81 46.71 47.61 48.51 49.41 50.32 51.22 52.12 53.02 53.92 54.82 55.72 56.63
2017.00 35.56 36.43 37.30 38.17 39.04 39.91 40.78 41.65 42.52 43.40 44.27 45.14 46.01 46.88 47.75 48.62 49.49 50.36 51.23 52.11 52.98 53.85 54.72
2018.00 9.34 9.34 9.34 9.34 9.34 9.34 9.34 9.34 9.34 9.34 9.34 9.34 9.34 9.34 9.34 9.34 9.34 9.34 9.34 9.34 9.34 9.34 9.34
2019.00 8.89 8.89 8.89 8.89 8.89 8.89 8.89 8.89 8.89 8.89 8.89 8.89 8.89 8.89 8.89 8.89 8.89 8.89 8.89 8.89 8.89 8.89 8.89
2020.00 8.66 8.66 8.66 8.66 8.66 8.66 8.66 8.66 8.66 8.66 8.66 8.66 8.66 8.66 8.66 8.66 8.66 8.66 8.66 8.66 8.66 8.66 8.66
2021.00 8.21 8.21 8.21 8.21 8.21 8.21 8.21 8.21 8.21 8.21 8.21 8.21 8.21 8.21 8.21 8.21 8.21 8.21 8.21 8.21 8.21 8.21 8.21
2022.00 7.60 7.60 7.60 7.60 7.60 7.60 7.60 7.60 7.60 7.60 7.60 7.60 7.60 7.60 7.60 7.60 7.60 7.60 7.60 7.60 7.60 7.60 7.60
2023.00 7.16 7.16 7.16 7.16 7.16 7.16 7.16 7.16 7.16 7.16 7.16 7.16 7.16 7.16 7.16 7.16 7.16 7.16 7.16 7.16 7.16 7.16 7.16
2024.00 6.64 6.64 6.64 6.64 6.64 6.64 6.64 6.64 6.64 6.64 6.64 6.64 6.64 6.64 6.64 6.64 6.64 6.64 6.64 6.64 6.64 6.64 6.64
2025.00 5.64 5.64 5.64 5.64 5.64 5.64 5.64 5.64 5.64 5.64 5.64 5.64 5.64 5.64 5.64 5.64 5.64 5.64 5.64 5.64 5.64 5.64 5.64
2026.00 4.78 4.78 4.78 4.78 4.78 4.78 4.78 4.78 4.78 4.78 4.78 4.78 4.78 4.78 4.78 4.78 4.78 4.78 4.78 4.78 4.78 4.78 4.78
2027.00 3.97 3.97 3.97 3.97 3.97 3.97 3.97 3.97 3.97 3.97 3.97 3.97 3.97 3.97 3.97 3.97 3.97 3.97 3.97 3.97 3.97 3.97 3.97
2028.00 3.35 3.35 3.35 3.35 3.35 3.35 3.35 3.35 3.35 3.35 3.35 3.35 3.35 3.35 3.35 3.35 3.35 3.35 3.35 3.35 3.35 3.35 3.35
2029.00 2.91 2.91 2.91 2.91 2.91 2.91 2.91 2.91 2.91 2.91 2.91 2.91 2.91 2.91 2.91 2.91 2.91 2.91 2.91 2.91 2.91 2.91 2.91
2030.00 2.38 2.38 2.38 2.38 2.38 2.38 2.38 2.38 2.38 2.38 2.38 2.38 2.38 2.38 2.38 2.38 2.38 2.38 2.38 2.38 2.38 2.38 2.38
2031.00 1.84 1.84 1.84 1.84 1.84 1.84 1.84 1.84 1.84 1.84 1.84 1.84 1.84 1.84 1.84 1.84 1.84 1.84 1.84 1.84 1.84 1.84 1.84
2032.00 1.24 1.24 1.24 1.24 1.24 1.24 1.24 1.24 1.24 1.24 1.24 1.24 1.24 1.24 1.24 1.24 1.24 1.24 1.24 1.24 1.24 1.24 1.24
2033.00 0.58 0.58 0.58 0.58 0.58 0.58 0.58 0.58 0.58 0.58 0.58 0.58 0.58 0.58 0.58 0.58 0.58 0.58 0.58 0.58 0.58 0.58 0.58
2034.00 0.24 0.24 0.24 0.24 0.24 0.24 0.24 0.24 0.24 0.24 0.24 0.24 0.24 0.24 0.24 0.24 0.24 0.24 0.24 0.24 0.24 0.24 0.24
2035.00 -0.21 -0.21 -0.21 -0.21 -0.21 -0.21 -0.21 -0.21 -0.21 -0.21 -0.21 -0.21 -0.21 -0.21 -0.21 -0.21 -0.21 -0.21 -0.21 -0.21 -0.21 -0.21 -0.21
2036.00 -0.39 -0.39 -0.39 -0.39 -0.39 -0.39 -0.39 -0.39 -0.39 -0.39 -0.39 -0.39 -0.39 -0.39 -0.39 -0.39 -0.39 -0.39 -0.39 -0.39 -0.39 -0.39 -0.39
2037.00 -0.46 -0.46 -0.46 -0.46 -0.46 -0.46 -0.46 -0.46 -0.46 -0.46 -0.46 -0.46 -0.46 -0.46 -0.46 -0.46 -0.46 -0.46 -0.46 -0.46 -0.46 -0.46 -0.46
2038.00 -0.50 -0.50 -0.50 -0.50 -0.50 -0.50 -0.50 -0.50 -0.50 -0.50 -0.50 -0.50 -0.50 -0.50 -0.50 -0.50 -0.50 -0.50 -0.50 -0.50 -0.50 -0.50 -0.50
2039.00 -0.46 -0.46 -0.46 -0.46 -0.46 -0.46 -0.46 -0.46 -0.46 -0.46 -0.46 -0.46 -0.46 -0.46 -0.46 -0.46 -0.46 -0.46 -0.46 -0.46 -0.46 -0.46 -0.46
2040.00 -0.40 -0.40 -0.40 -0.40 -0.40 -0.40 -0.40 -0.40 -0.40 -0.40 -0.40 -0.40 -0.40 -0.40 -0.40 -0.40 -0.40 -0.40 -0.40 -0.40 -0.40 -0.40 -0.40
2041.00 -0.46 -0.46 -0.46 -0.46 -0.46 -0.46 -0.46 -0.46 -0.46 -0.46 -0.46 -0.46 -0.46 -0.46 -0.46 -0.46 -0.46 -0.46 -0.46 -0.46 -0.46 -0.46 -0.46
2042.00 -0.42 -0.42 -0.42 -0.42 -0.42 -0.42 -0.42 -0.42 -0.42 -0.42 -0.42 -0.42 -0.42 -0.42 -0.42 -0.42 -0.42 -0.42 -0.42 -0.42 -0.42 -0.42 -0.42
2043.00 -0.36 -0.36 -0.36 -0.36 -0.36 -0.36 -0.36 -0.36 -0.36 -0.36 -0.36 -0.36 -0.36 -0.36 -0.36 -0.36 -0.36 -0.36 -0.36 -0.36 -0.36 -0.36 -0.36
2044.00 -0.35 -0.35 -0.35 -0.35 -0.35 -0.35 -0.35 -0.35 -0.35 -0.35 -0.35 -0.35 -0.35 -0.35 -0.35 -0.35 -0.35 -0.35 -0.35 -0.35 -0.35 -0.35 -0.35
2045.00 -0.29 -0.29 -0.29 -0.29 -0.29 -0.29 -0.29 -0.29 -0.29 -0.29 -0.29 -0.29 -0.29 -0.29 -0.29 -0.29 -0.29 -0.29 -0.29 -0.29 -0.29 -0.29 -0.29
2046.00 -0.21 -0.21 -0.21 -0.21 -0.21 -0.21 -0.21 -0.21 -0.21 -0.21 -0.21 -0.21 -0.21 -0.21 -0.21 -0.21 -0.21 -0.21 -0.21 -0.21 -0.21 -0.21 -0.21
2047.00 -0.28 -0.28 -0.28 -0.28 -0.28 -0.28 -0.28 -0.28 -0.28 -0.28 -0.28 -0.28 -0.28 -0.28 -0.28 -0.28 -0.28 -0.28 -0.28 -0.28 -0.28 -0.28 -0.28
2048.00 -0.30 -0.30 -0.30 -0.30 -0.30 -0.30 -0.30 -0.30 -0.30 -0.30 -0.30 -0.30 -0.30 -0.30 -0.30 -0.30 -0.30 -0.30 -0.30 -0.30 -0.30 -0.30 -0.30
2049.00 -0.32 -0.32 -0.32 -0.32 -0.32 -0.32 -0.32 -0.32 -0.32 -0.32 -0.32 -0.32 -0.32 -0.32 -0.32 -0.32 -0.32 -0.32 -0.32 -0.32 -0.32 -0.32 -0.32
2050.00 -0.32 -0.32 -0.32 -0.32 -0.32 -0.32 -0.32 -0.32 -0.32 -0.32 -0.32 -0.32 -0.32 -0.32 -0.32 -0.32 -0.32 -0.32 -0.32 -0.32 -0.32 -0.32 -0.32
2051.00 -0.39 -0.39 -0.39 -0.39 -0.39 -0.39 -0.39 -0.39 -0.39 -0.39 -0.39 -0.39 -0.39 -0.39 -0.39 -0.39 -0.39 -0.39 -0.39 -0.39 -0.39 -0.39 -0.39
2052.00 -0.33 -0.33 -0.33 -0.33 -0.33 -0.33 -0.33 -0.33 -0.33 -0.33 -0.33 -0.33 -0.33 -0.33 -0.33 -0.33 -0.33 -0.33 -0.33 -0.33 -0.33 -0.33 -0.33
2053.00 -0.44 -0.44 -0.44 -0.44 -0.44 -0.44 -0.44 -0.44 -0.44 -0.44 -0.44 -0.44 -0.44 -0.44 -0.44 -0.44 -0.44 -0.44 -0.44 -0.44 -0.44 -0.44 -0.44
2054.00 -0.45 -0.45 -0.45 -0.45 -0.45 -0.45 -0.45 -0.45 -0.45 -0.45 -0.45 -0.45 -0.45 -0.45 -0.45 -0.45 -0.45 -0.45 -0.45 -0.45 -0.45 -0.45 -0.45
2055.00 -0.51 -0.51 -0.51 -0.51 -0.51 -0.51 -0.51 -0.51 -0.51 -0.51 -0.51 -0.51 -0.51 -0.51 -0.51 -0.51 -0.51 -0.51 -0.51 -0.51 -0.51 -0.51 -0.51
2056.00 -0.59 -0.59 -0.59 -0.59 -0.59 -0.59 -0.59 -0.59 -0.59 -0.59 -0.59 -0.59 -0.59 -0.59 -0.59 -0.59 -0.59 -0.59 -0.59 -0.59 -0.59 -0.59 -0.59
2057.00 -0.66 -0.66 -0.66 -0.66 -0.66 -0.66 -0.66 -0.66 -0.66 -0.66 -0.66 -0.66 -0.66 -0.66 -0.66 -0.66 -0.66 -0.66 -0.66 -0.66 -0.66 -0.66 -0.66
2058.00 -0.69 -0.69 -0.69 -0.69 -0.69 -0.69 -0.69 -0.69 -0.69 -0.69 -0.69 -0.69 -0.69 -0.69 -0.69 -0.69 -0.69 -0.69 -0.69 -0.69 -0.69 -0.69 -0.69
2059.00 -0.88 -0.88 -0.88 -0.88 -0.88 -0.88 -0.88 -0.88 -0.88 -0.88 -0.88 -0.88 -0.88 -0.88 -0.88 -0.88 -0.88 -0.88 -0.88 -0.88 -0.88 -0.88 -0.88
2060.00 -0.90 -0.90 -0.90 -0.90 -0.90 -0.90 -0.90 -0.90 -0.90 -0.90 -0.90 -0.90 -0.90 -0.90 -0.90 -0.90 -0.90 -0.90 -0.90 -0.90 -0.90 -0.90 -0.90
2061.00 -0.87 -0.87 -0.87 -0.87 -0.87 -0.87 -0.87 -0.87 -0.87 -0.87 -0.87 -0.87 -0.87 -0.87 -0.87 -0.87 -0.87 -0.87 -0.87 -0.87 -0.87 -0.87 -0.87
2062.00 -0.88 -0.88 -0.88 -0.88 -0.88 -0.88 -0.88 -0.88 -0.88 -0.88 -0.88 -0.88 -0.88 -0.88 -0.88 -0.88 -0.88 -0.88 -0.88 -0.88 -0.88 -0.88 -0.88
2063.00 -0.78 -0.78 -0.78 -0.78 -0.78 -0.78 -0.78 -0.78 -0.78 -0.78 -0.78 -0.78 -0.78 -0.78 -0.78 -0.78 -0.78 -0.78 -0.78 -0.78 -0.78 -0.78 -0.78
2064.00 -0.74 -0.74 -0.74 -0.74 -0.74 -0.74 -0.74 -0.74 -0.74 -0.74 -0.74 -0.74 -0.74 -0.74 -0.74 -0.74 -0.74 -0.74 -0.74 -0.74 -0.74 -0.74 -0.74
2065.00 -0.77 -0.77 -0.77 -0.77 -0.77 -0.77 -0.77 -0.77 -0.77 -0.77 -0.77 -0.77 -0.77 -0.77 -0.77 -0.77 -0.77 -0.77 -0.77 -0.77 -0.77 -0.77 -0.77
