# yearspad, alpred
# [0.6  0.62 0.64 0.66 0.68 0.7  0.72 0.74 0.76 0.78 0.8  0.82 0.84 0.86
#  0.88 0.9  0.92 0.94 0.96 0.98 1.   1.02 1.04]
1922.00 18.21 18.21 18.21 18.21 18.21 18.21 18.21 18.21 18.21 18.21 18.21 18.21 18.21 18.21 18.21 18.21 18.21 18.21 18.21 18.21 18.21 18.21 18.21
1923.00 18.23 18.23 18.23 18.23 18.23 18.23 18.23 18.23 18.23 18.23 18.23 18.23 18.23 18.23 18.23 18.23 18.23 18.23 18.23 18.23 18.23 18.23 18.23
1924.00 18.59 18.59 18.59 18.59 18.59 18.59 18.59 18.59 18.59 18.59 18.59 18.59 18.59 18.59 18.59 18.59 18.59 18.59 18.59 18.59 18.59 18.59 18.59
1925.00 18.48 18.48 18.48 18.48 18.48 18.48 18.48 18.48 18.48 18.48 18.48 18.48 18.48 18.48 18.48 18.48 18.48 18.48 18.48 18.48 18.48 18.48 18.48
1926.00 17.98 17.98 17.98 17.98 17.98 17.98 17.98 17.98 17.98 17.98 17.98 17.98 17.98 17.98 17.98 17.98 17.98 17.98 17.98 17.98 17.98 17.98 17.98
1927.00 17.55 17.55 17.55 17.55 17.55 17.55 17.55 17.55 17.55 17.55 17.55 17.55 17.55 17.55 17.55 17.55 17.55 17.55 17.55 17.55 17.55 17.55 17.55
1928.00 16.68 16.68 16.68 16.68 16.68 16.68 16.68 16.68 16.68 16.68 16.68 16.68 16.68 16.68 16.68 16.68 16.68 16.68 16.68 16.68 16.68 16.68 16.68
1929.00 16.53 16.53 16.53 16.53 16.53 16.53 16.53 16.53 16.53 16.53 16.53 16.53 16.53 16.53 16.53 16.53 16.53 16.53 16.53 16.53 16.53 16.53 16.53
1930.00 16.47 16.47 16.47 16.47 16.47 16.47 16.47 16.47 16.47 16.47 16.47 16.47 16.47 16.47 16.47 16.47 16.47 16.47 16.47 16.47 16.47 16.47 16.47
1931.00 16.05 16.05 16.05 16.05 16.05 16.05 16.05 16.05 16.05 16.05 16.05 16.05 16.05 16.05 16.05 16.05 16.05 16.05 16.05 16.05 16.05 16.05 16.05
1932.00 15.51 15.51 15.51 15.51 15.51 15.51 15.51 15.51 15.51 15.51 15.51 15.51 15.51 15.51 15.51 15.51 15.51 15.51 15.51 15.51 15.51 15.51 15.51
1933.00 15.09 15.09 15.09 15.09 15.09 15.09 15.09 15.09 15.09 15.09 15.09 15.09 15.09 15.09 15.09 15.09 15.09 15.09 15.09 15.09 15.09 15.09 15.09
1934.00 14.84 14.84 14.84 14.84 14.84 14.84 14.84 14.84 14.84 14.84 14.84 14.84 14.84 14.84 14.84 14.84 14.84 14.84 14.84 14.84 14.84 14.84 14.84
1935.00 14.03 14.03 14.03 14.03 14.03 14.03 14.03 14.03 14.03 14.03 14.03 14.03 14.03 14.03 14.03 14.03 14.03 14.03 14.03 14.03 14.03 14.03 14.03
1936.00 13.22 13.22 13.22 13.22 13.22 13.22 13.22 13.22 13.22 13.22 13.22 13.22 13.22 13.22 13.22 13.22 13.22 13.22 13.22 13.22 13.22 13.22 13.22
1937.00 12.69 12.69 12.69 12.69 12.69 12.69 12.69 12.69 12.69 12.69 12.69 12.69 12.69 12.69 12.69 12.69 12.69 12.69 12.69 12.69 12.69 12.69 12.69
1938.00 12.35 12.35 12.35 12.35 12.35 12.35 12.35 12.35 12.35 12.35 12.35 12.35 12.35 12.35 12.35 12.35 12.35 12.35 12.35 12.35 12.35 12.35 12.35
1939.00 12.04 12.04 12.04 12.04 12.04 12.04 12.04 12.04 12.04 12.04 12.04 12.04 12.04 12.04 12.04 12.04 12.04 12.04 12.04 12.04 12.04 12.04 12.04
1940.00 11.16 11.16 11.16 11.16 11.16 11.16 11.16 11.16 11.16 11.16 11.16 11.16 11.16 11.16 11.16 11.16 11.16 11.16 11.16 11.16 11.16 11.16 11.16
1941.00 10.89 10.89 10.89 10.89 10.89 10.89 10.89 10.89 10.89 10.89 10.89 10.89 10.89 10.89 10.89 10.89 10.89 10.89 10.89 10.89 10.89 10.89 10.89
1942.00 10.26 10.26 10.26 10.26 10.26 10.26 10.26 10.26 10.26 10.26 10.26 10.26 10.26 10.26 10.26 10.26 10.26 10.26 10.26 10.26 10.26 10.26 10.26
1943.00 9.68 9.68 9.68 9.68 9.68 9.68 9.68 9.68 9.68 9.68 9.68 9.68 9.68 9.68 9.68 9.68 9.68 9.68 9.68 9.68 9.68 9.68 9.68
1944.00 8.43 8.43 8.43 8.43 8.43 8.43 8.43 8.43 8.43 8.43 8.43 8.43 8.43 8.43 8.43 8.43 8.43 8.43 8.43 8.43 8.43 8.43 8.43
1945.00 7.08 7.08 7.08 7.08 7.08 7.08 7.08 7.08 7.08 7.08 7.08 7.08 7.08 7.08 7.08 7.08 7.08 7.08 7.08 7.08 7.08 7.08 7.08
1946.00 5.23 5.23 5.23 5.23 5.23 5.23 5.23 5.23 5.23 5.23 5.23 5.23 5.23 5.23 5.23 5.23 5.23 5.23 5.23 5.23 5.23 5.23 5.23
1947.00 4.32 4.32 4.32 4.32 4.32 4.32 4.32 4.32 4.32 4.32 4.32 4.32 4.32 4.32 4.32 4.32 4.32 4.32 4.32 4.32 4.32 4.32 4.32
1948.00 3.52 3.52 3.52 3.52 3.52 3.52 3.52 3.52 3.52 3.52 3.52 3.52 3.52 3.52 3.52 3.52 3.52 3.52 3.52 3.52 3.52 3.52 3.52
1949.00 2.04 2.04 2.04 2.04 2.04 2.04 2.04 2.04 2.04 2.04 2.04 2.04 2.04 2.04 2.04 2.04 2.04 2.04 2.04 2.04 2.04 2.04 2.04
1950.00 0.72 0.72 0.72 0.72 0.72 0.72 0.72 0.72 0.72 0.72 0.72 0.72 0.72 0.72 0.72 0.72 0.72 0.72 0.72 0.72 0.72 0.72 0.72
1951.00 -0.99 -0.99 -0.99 -0.99 -0.99 -0.99 -0.99 -0.99 -0.99 -0.99 -0.99 -0.99 -0.99 -0.99 -0.99 -0.99 -0.99 -0.99 -0.99 -0.99 -0.99 -0.99 -0.99
1952.00 -2.67 -2.67 -2.67 -2.67 -2.67 -2.67 -2.67 -2.67 -2.67 -2.67 -2.67 -2.67 -2.67 -2.67 -2.67 -2.67 -2.67 -2.67 -2.67 -2.67 -2.67 -2.67 -2.67
1953.00 -5.44 -5.44 -5.44 -5.44 -5.44 -5.44 -5.44 -5.44 -5.44 -5.44 -5.44 -5.44 -5.44 -5.44 -5.44 -5.44 -5.44 -5.44 -5.44 -5.44 -5.44 -5.44 -5.44
1954.00 -7.81 -7.81 -7.81 -7.81 -7.81 -7.81 -7.81 -7.81 -7.81 -7.81 -7.81 -7.81 -7.81 -7.81 -7.81 -7.81 -7.81 -7.81 -7.81 -7.81 -7.81 -7.81 -7.81
1955.00 -9.92 -9.92 -9.92 -9.92 -9.92 -9.92 -9.92 -9.92 -9.92 -9.92 -9.92 -9.92 -9.92 -9.92 -9.92 -9.92 -9.92 -9.92 -9.92 -9.92 -9.92 -9.92 -9.92
1956.00 -11.81 -11.81 -11.81 -11.81 -11.81 -11.81 -11.81 -11.81 -11.81 -11.81 -11.81 -11.81 -11.81 -11.81 -11.81 -11.81 -11.81 -11.81 -11.81 -11.81 -11.81 -11.81 -11.81
1957.00 -12.38 -12.38 -12.38 -12.38 -12.38 -12.38 -12.38 -12.38 -12.38 -12.38 -12.38 -12.38 -12.38 -12.38 -12.38 -12.38 -12.38 -12.38 -12.38 -12.38 -12.38 -12.38 -12.38
1958.00 -13.45 -13.45 -13.45 -13.45 -13.45 -13.45 -13.45 -13.45 -13.45 -13.45 -13.45 -13.45 -13.45 -13.45 -13.45 -13.45 -13.45 -13.45 -13.45 -13.45 -13.45 -13.45 -13.45
1959.00 -15.93 -15.93 -15.93 -15.93 -15.93 -15.93 -15.93 -15.93 -15.93 -15.93 -15.93 -15.93 -15.93 -15.93 -15.93 -15.93 -15.93 -15.93 -15.93 -15.93 -15.93 -15.93 -15.93
1960.00 -18.40 -18.40 -18.40 -18.40 -18.40 -18.40 -18.40 -18.40 -18.40 -18.40 -18.40 -18.40 -18.40 -18.40 -18.40 -18.40 -18.40 -18.40 -18.40 -18.40 -18.40 -18.40 -18.40
1961.00 -20.26 -20.26 -20.26 -20.26 -20.26 -20.26 -20.26 -20.26 -20.26 -20.26 -20.26 -20.26 -20.26 -20.26 -20.26 -20.26 -20.26 -20.26 -20.26 -20.26 -20.26 -20.26 -20.26
1962.00 -22.35 -22.35 -22.35 -22.35 -22.35 -22.35 -22.35 -22.35 -22.35 -22.35 -22.35 -22.35 -22.35 -22.35 -22.35 -22.35 -22.35 -22.35 -22.35 -22.35 -22.35 -22.35 -22.35
1963.00 -24.20 -24.20 -24.20 -24.20 -24.20 -24.20 -24.20 -24.20 -24.20 -24.20 -24.20 -24.20 -24.20 -24.20 -24.20 -24.20 -24.20 -24.20 -24.20 -24.20 -24.20 -24.20 -24.20
1964.00 -25.90 -25.90 -25.90 -25.90 -25.90 -25.90 -25.90 -25.90 -25.90 -25.90 -25.90 -25.90 -25.90 -25.90 -25.90 -25.90 -25.90 -25.90 -25.90 -25.90 -25.90 -25.90 -25.90
1965.00 -27.75 -27.75 -27.75 -27.75 -27.75 -27.75 -27.75 -27.75 -27.75 -27.75 -27.75 -27.75 -27.75 -27.75 -27.75 -27.75 -27.75 -27.75 -27.75 -27.75 -27.75 -27.75 -27.75
1966.00 -29.68 -29.68 -29.68 -29.68 -29.68 -29.68 -29.68 -29.68 -29.68 -29.68 -29.68 -29.68 -29.68 -29.68 -29.68 -29.68 -29.68 -29.68 -29.68 -29.68 -29.68 -29.68 -29.68
1967.00 -31.66 -31.66 -31.66 -31.66 -31.66 -31.66 -31.66 -31.66 -31.66 -31.66 -31.66 -31.66 -31.66 -31.66 -31.66 -31.66 -31.66 -31.66 -31.66 -31.66 -31.66 -31.66 -31.66
1968.00 -34.33 -34.33 -34.33 -34.33 -34.33 -34.33 -34.33 -34.33 -34.33 -34.33 -34.33 -34.33 -34.33 -34.33 -34.33 -34.33 -34.33 -34.33 -34.33 -34.33 -34.33 -34.33 -34.33
1969.00 -37.18 -37.18 -37.18 -37.18 -37.18 -37.18 -37.18 -37.18 -37.18 -37.18 -37.18 -37.18 -37.18 -37.18 -37.18 -37.18 -37.18 -37.18 -37.18 -37.18 -37.18 -37.18 -37.18
1970.00 82.13 82.13 82.13 82.13 82.13 82.13 82.13 82.13 82.13 82.13 82.13 82.13 82.13 82.13 82.13 82.13 82.13 82.13 82.13 82.13 82.13 82.13 82.13
1971.00 84.87 84.87 84.87 84.87 84.87 84.87 84.87 84.87 84.87 84.87 84.87 84.87 84.87 84.87 84.87 84.87 84.87 84.87 84.87 84.87 84.87 84.87 84.87
1972.00 81.66 81.66 81.66 81.66 81.66 81.66 81.66 81.66 81.66 81.66 81.66 81.66 81.66 81.66 81.66 81.66 81.66 81.66 81.66 81.66 81.66 81.66 81.66
1973.00 79.37 79.37 79.37 79.37 79.37 79.37 79.37 79.37 79.37 79.37 79.37 79.37 79.37 79.37 79.37 79.37 79.37 79.37 79.37 79.37 79.37 79.37 79.37
1974.00 89.23 89.23 89.23 89.23 89.23 89.23 89.23 89.23 89.23 89.23 89.23 89.23 89.23 89.23 89.23 89.23 89.23 89.23 89.23 89.23 89.23 89.23 89.23
1975.00 92.41 92.41 92.41 92.41 92.41 92.41 92.41 92.41 92.41 92.41 92.41 92.41 92.41 92.41 92.41 92.41 92.41 92.41 92.41 92.41 92.41 92.41 92.41
1976.00 99.30 99.30 99.30 99.30 99.30 99.30 99.30 99.30 99.30 99.30 99.30 99.30 99.30 99.30 99.30 99.30 99.30 99.30 99.30 99.30 99.30 99.30 99.30
1977.00 95.13 95.13 95.13 95.13 95.13 95.13 95.13 95.13 95.13 95.13 95.13 95.13 95.13 95.13 95.13 95.13 95.13 95.13 95.13 95.13 95.13 95.13 95.13
1978.00 93.21 93.21 93.21 93.21 93.21 93.21 93.21 93.21 93.21 93.21 93.21 93.21 93.21 93.21 93.21 93.21 93.21 93.21 93.21 93.21 93.21 93.21 93.21
1979.00 88.83 88.83 88.83 88.83 88.83 88.83 88.83 88.83 88.83 88.83 88.83 88.83 88.83 88.83 88.83 88.83 88.83 88.83 88.83 88.83 88.83 88.83 88.83
1980.00 89.32 89.32 89.32 89.32 89.32 89.32 89.32 89.32 89.32 89.32 89.32 89.32 89.32 89.32 89.32 89.32 89.32 89.32 89.32 89.32 89.32 89.32 89.32
1981.00 85.58 85.58 85.58 85.58 85.58 85.58 85.58 85.58 85.58 85.58 85.58 85.58 85.58 85.58 85.58 85.58 85.58 85.58 85.58 85.58 85.58 85.58 85.58
1982.00 77.90 77.90 77.90 77.90 77.90 77.90 77.90 77.90 77.90 77.90 77.90 77.90 77.90 77.90 77.90 77.90 77.90 77.90 77.90 77.90 77.90 77.90 77.90
1983.00 79.92 79.92 79.92 79.92 79.92 79.92 79.92 79.92 79.92 79.92 79.92 79.92 79.92 79.92 79.92 79.92 79.92 79.92 79.92 79.92 79.92 79.92 79.92
1984.00 75.59 75.59 75.59 75.59 75.59 75.59 75.59 75.59 75.59 75.59 75.59 75.59 75.59 75.59 75.59 75.59 75.59 75.59 75.59 75.59 75.59 75.59 75.59
1985.00 69.77 69.77 69.77 69.77 69.77 69.77 69.77 69.77 69.77 69.77 69.77 69.77 69.77 69.77 69.77 69.77 69.77 69.77 69.77 69.77 69.77 69.77 69.77
1986.00 61.24 61.24 61.24 61.24 61.24 61.24 61.24 61.24 61.24 61.24 61.24 61.24 61.24 61.24 61.24 61.24 61.24 61.24 61.24 61.24 61.24 61.24 61.24
1987.00 54.78 54.78 54.78 54.78 54.78 54.78 54.78 54.78 54.78 54.78 54.78 54.78 54.78 54.78 54.78 54.78 54.78 54.78 54.78 54.78 54.78 54.78 54.78
1988.00 6.70 8.93 11.16 13.39 15.63 17.86 20.09 22.32 24.56 26.79 29.02 31.25 33.48 35.72 37.95 40.18 42.41 44.65 46.88 49.11 51.34 53.58 55.81
1989.00 5.39 7.55 9.70 11.85 14.00 16.16 18.31 20.46 22.61 24.77 26.92 29.07 31.22 33.38 35.53 37.68 39.84 41.99 44.14 46.29 48.45 50.60 52.75
1990.00 5.07 7.13 9.20 11.27 13.34 15.41 17.48 19.55 21.61 23.68 25.75 27.82 29.89 31.96 34.02 36.09 38.16 40.23 42.30 44.37 46.44 48.50 50.57
1991.00 6.01 8.03 10.05 12.07 14.09 16.11 18.13 20.15 22.17 24.19 26.21 28.23 30.25 32.27 34.29 36.31 38.33 40.35 42.37 44.39 46.41 48.43 50.45
1992.00 7.87 9.86 11.86 13.86 15.86 17.85 19.85 21.85 23.85 25.85 27.84 29.84 31.84 33.84 35.84 37.83 39.83 41.83 43.83 45.82 47.82 49.82 51.82
1993.00 10.08 12.04 14.01 15.98 17.95 19.91 21.88 23.85 25.82 27.78 29.75 31.72 33.69 35.65 37.62 39.59 41.56 43.52 45.49 47.46 49.43 51.39 53.36
1994.00 12.02 13.96 15.90 17.84 19.78 21.72 23.66 25.61 27.55 29.49 31.43 33.37 35.31 37.25 39.19 41.14 43.08 45.02 46.96 48.90 50.84 52.78 54.72
1995.00 13.99 15.93 17.87 19.81 21.75 23.69 25.63 27.57 29.51 31.44 33.38 35.32 37.26 39.20 41.14 43.08 45.02 46.96 48.89 50.83 52.77 54.71 56.65
1996.00 15.16 17.06 18.95 20.85 22.74 24.64 26.54 28.43 30.33 32.22 34.12 36.01 37.91 39.80 41.70 43.59 45.49 47.38 49.28 51.18 53.07 54.97 56.86
1997.00 17.00 18.89 20.78 22.66 24.55 26.44 28.32 30.21 32.10 33.98 35.87 37.76 39.64 41.53 43.42 45.30 47.19 49.08 50.96 52.85 54.74 56.62 58.51
1998.00 17.56 19.42 21.29 23.15 25.01 26.88 28.74 30.61 32.47 34.33 36.20 38.06 39.93 41.79 43.65 45.52 47.38 49.25 51.11 52.97 54.84 56.70 58.57
1999.00 17.36 19.16 20.96 22.76 24.56 26.36 28.16 29.96 31.76 33.57 35.37 37.17 38.97 40.77 42.57 44.37 46.17 47.97 49.77 51.58 53.38 55.18 56.98
2000.00 16.98 18.68 20.37 22.07 23.77 25.46 27.16 28.86 30.55 32.25 33.95 35.64 37.34 39.04 40.73 42.43 44.13 45.82 47.52 49.22 50.91 52.61 54.31
2001.00 17.65 19.28 20.92 22.55 24.19 25.82 27.45 29.09 30.72 32.36 33.99 35.62 37.26 38.89 40.53 42.16 43.79 45.43 47.06 48.70 50.33 51.96 53.60
2002.00 19.33 20.92 22.52 24.11 25.71 27.30 28.90 30.50 32.09 33.69 35.28 36.88 38.47 40.07 41.66 43.26 44.85 46.45 48.04 49.64 51.23 52.83 54.42
2003.00 20.15 21.72 23.29 24.85 26.42 27.99 29.55 31.12 32.69 34.26 35.82 37.39 38.96 40.52 42.09 43.66 45.23 46.79 48.36 49.93 51.49 53.06 54.63
2004.00 18.32 19.79 21.26 22.72 24.19 25.65 27.12 28.58 30.05 31.51 32.98 34.44 35.91 37.37 38.84 40.31 41.77 43.24 44.70 46.17 47.63 49.10 50.56
2005.00 19.10 20.54 21.98 23.41 24.85 26.29 27.73 29.17 30.61 32.05 33.49 34.93 36.37 37.81 39.25 40.69 42.13 43.56 45.00 46.44 47.88 49.32 50.76
2006.00 19.98 21.38 22.78 24.18 25.58 26.98 28.38 29.78 31.18 32.58 33.98 35.38 36.79 38.19 39.59 40.99 42.39 43.79 45.19 46.59 47.99 49.39 50.79
2007.00 21.39 22.75 24.11 25.47 26.83 28.19 29.55 30.91 32.27 33.63 34.99 36.35 37.71 39.07 40.43 41.79 43.15 44.51 45.87 47.23 48.59 49.95 51.31
2008.00 20.39 21.65 22.92 24.19 25.45 26.72 27.99 29.26 30.52 31.79 33.06 34.33 35.59 36.86 38.13 39.40 40.66 41.93 43.20 44.46 45.73 47.00 48.27
2009.00 21.25 22.45 23.66 24.86 26.07 27.27 28.48 29.68 30.89 32.09 33.30 34.50 35.71 36.91 38.12 39.32 40.53 41.73 42.94 44.14 45.35 46.55 47.76
2010.00 20.24 21.33 22.42 23.51 24.61 25.70 26.79 27.88 28.98 30.07 31.16 32.25 33.35 34.44 35.53 36.62 37.72 38.81 39.90 40.99 42.09 43.18 44.27
2011.00 21.25 22.31 23.37 24.43 25.49 26.55 27.61 28.67 29.72 30.78 31.84 32.90 33.96 35.02 36.08 37.13 38.19 39.25 40.31 41.37 42.43 43.49 44.54
2012.00 21.70 22.72 23.75 24.77 25.80 26.82 27.85 28.87 29.90 30.92 31.95 32.97 34.00 35.02 36.05 37.07 38.09 39.12 40.14 41.17 42.19 43.22 44.24
2013.00 21.87 22.86 23.84 24.83 25.82 26.80 27.79 28.78 29.77 30.75 31.74 32.73 33.72 34.70 35.69 36.68 37.67 38.65 39.64 40.63 41.62 42.60 43.59
2014.00 21.54 22.48 23.43 24.37 25.31 26.25 27.20 28.14 29.08 30.02 30.97 31.91 32.85 33.79 34.74 35.68 36.62 37.57 38.51 39.45 40.39 41.34 42.28
2015.00 22.95 23.88 24.82 25.75 26.69 27.62 28.56 29.49 30.42 31.36 32.29 33.23 34.16 35.10 36.03 36.97 37.90 38.84 39.77 40.71 41.64 42.58 43.51
2016.00 24.29 25.20 26.11 27.02 27.93 28.84 29.75 30.66 31.57 32.48 33.39 34.30 35.21 36.12 37.03 37.94 38.85 39.76 40.67 41.58 42.49 43.40 44.31
2017.00 24.96 25.84 26.72 27.60 28.48 29.36 30.24 31.12 31.99 32.87 33.75 34.63 35.51 36.39 37.27 38.15 39.03 39.91 40.79 41.67 42.55 43.42 44.30
2018.00 -0.07 -0.07 -0.07 -0.07 -0.07 -0.07 -0.07 -0.07 -0.07 -0.07 -0.07 -0.07 -0.07 -0.07 -0.07 -0.07 -0.07 -0.07 -0.07 -0.07 -0.07 -0.07 -0.07
2019.00 1.05 1.05 1.05 1.05 1.05 1.05 1.05 1.05 1.05 1.05 1.05 1.05 1.05 1.05 1.05 1.05 1.05 1.05 1.05 1.05 1.05 1.05 1.05
2020.00 2.59 2.59 2.59 2.59 2.59 2.59 2.59 2.59 2.59 2.59 2.59 2.59 2.59 2.59 2.59 2.59 2.59 2.59 2.59 2.59 2.59 2.59 2.59
2021.00 3.83 3.83 3.83 3.83 3.83 3.83 3.83 3.83 3.83 3.83 3.83 3.83 3.83 3.83 3.83 3.83 3.83 3.83 3.83 3.83 3.83 3.83 3.83
2022.00 4.54 4.54 4.54 4.54 4.54 4.54 4.54 4.54 4.54 4.54 4.54 4.54 4.54 4.54 4.54 4.54 4.54 4.54 4.54 4.54 4.54 4.54 4.54
2023.00 5.62 5.62 5.62 5.62 5.62 5.62 5.62 5.62 5.62 5.62 5.62 5.62 5.62 5.62 5.62 5.62 5.62 5.62 5.62 5.62 5.62 5.62 5.62
2024.00 6.84 6.84 6.84 6.84 6.84 6.84 6.84 6.84 6.84 6.84 6.84 6.84 6.84 6.84 6.84 6.84 6.84 6.84 6.84 6.84 6.84 6.84 6.84
2025.00 8.18 8.18 8.18 8.18 8.18 8.18 8.18 8.18 8.18 8.18 8.18 8.18 8.18 8.18 8.18 8.18 8.18 8.18 8.18 8.18 8.18 8.18 8.18
2026.00 9.09 9.09 9.09 9.09 9.09 9.09 9.09 9.09 9.09 9.09 9.09 9.09 9.09 9.09 9.09 9.09 9.09 9.09 9.09 9.09 9.09 9.09 9.09
2027.00 10.51 10.51 10.51 10.51 10.51 10.51 10.51 10.51 10.51 10.51 10.51 10.51 10.51 10.51 10.51 10.51 10.51 10.51 10.51 10.51 10.51 10.51 10.51
2028.00 11.86 11.86 11.86 11.86 11.86 11.86 11.86 11.86 11.86 11.86 11.86 11.86 11.86 11.86 11.86 11.86 11.86 11.86 11.86 11.86 11.86 11.86 11.86
2029.00 12.96 12.96 12.96 12.96 12.96 12.96 12.96 12.96 12.96 12.96 12.96 12.96 12.96 12.96 12.96 12.96 12.96 12.96 12.96 12.96 12.96 12.96 12.96
2030.00 14.05 14.05 14.05 14.05 14.05 14.05 14.05 14.05 14.05 14.05 14.05 14.05 14.05 14.05 14.05 14.05 14.05 14.05 14.05 14.05 14.05 14.05 14.05
2031.00 14.50 14.50 14.50 14.50 14.50 14.50 14.50 14.50 14.50 14.50 14.50 14.50 14.50 14.50 14.50 14.50 14.50 14.50 14.50 14.50 14.50 14.50 14.50
2032.00 14.98 14.98 14.98 14.98 14.98 14.98 14.98 14.98 14.98 14.98 14.98 14.98 14.98 14.98 14.98 14.98 14.98 14.98 14.98 14.98 14.98 14.98 14.98
2033.00 15.91 15.91 15.91 15.91 15.91 15.91 15.91 15.91 15.91 15.91 15.91 15.91 15.91 15.91 15.91 15.91 15.91 15.91 15.91 15.91 15.91 15.91 15.91
2034.00 16.84 16.84 16.84 16.84 16.84 16.84 16.84 16.84 16.84 16.84 16.84 16.84 16.84 16.84 16.84 16.84 16.84 16.84 16.84 16.84 16.84 16.84 16.84
2035.00 17.56 17.56 17.56 17.56 17.56 17.56 17.56 17.56 17.56 17.56 17.56 17.56 17.56 17.56 17.56 17.56 17.56 17.56 17.56 17.56 17.56 17.56 17.56
2036.00 17.70 17.70 17.70 17.70 17.70 17.70 17.70 17.70 17.70 17.70 17.70 17.70 17.70 17.70 17.70 17.70 17.70 17.70 17.70 17.70 17.70 17.70 17.70
2037.00 17.92 17.92 17.92 17.92 17.92 17.92 17.92 17.92 17.92 17.92 17.92 17.92 17.92 17.92 17.92 17.92 17.92 17.92 17.92 17.92 17.92 17.92 17.92
2038.00 17.99 17.99 17.99 17.99 17.99 17.99 17.99 17.99 17.99 17.99 17.99 17.99 17.99 17.99 17.99 17.99 17.99 17.99 17.99 17.99 17.99 17.99 17.99
2039.00 18.03 18.03 18.03 18.03 18.03 18.03 18.03 18.03 18.03 18.03 18.03 18.03 18.03 18.03 18.03 18.03 18.03 18.03 18.03 18.03 18.03 18.03 18.03
2040.00 18.12 18.12 18.12 18.12 18.12 18.12 18.12 18.12 18.12 18.12 18.12 18.12 18.12 18.12 18.12 18.12 18.12 18.12 18.12 18.12 18.12 18.12 18.12
2041.00 18.18 18.18 18.18 18.18 18.18 18.18 18.18 18.18 18.18 18.18 18.18 18.18 18.18 18.18 18.18 18.18 18.18 18.18 18.18 18.18 18.18 18.18 18.18
2042.00 18.10 18.10 18.10 18.10 18.10 18.10 18.10 18.10 18.10 18.10 18.10 18.10 18.10 18.10 18.10 18.10 18.10 18.10 18.10 18.10 18.10 18.10 18.10
2043.00 18.29 18.29 18.29 18.29 18.29 18.29 18.29 18.29 18.29 18.29 18.29 18.29 18.29 18.29 18.29 18.29 18.29 18.29 18.29 18.29 18.29 18.29 18.29
2044.00 18.29 18.29 18.29 18.29 18.29 18.29 18.29 18.29 18.29 18.29 18.29 18.29 18.29 18.29 18.29 18.29 18.29 18.29 18.29 18.29 18.29 18.29 18.29
2045.00 18.24 18.24 18.24 18.24 18.24 18.24 18.24 18.24 18.24 18.24 18.24 18.24 18.24 18.24 18.24 18.24 18.24 18.24 18.24 18.24 18.24 18.24 18.24
2046.00 18.20 18.20 18.20 18.20 18.20 18.20 18.20 18.20 18.20 18.20 18.20 18.20 18.20 18.20 18.20 18.20 18.20 18.20 18.20 18.20 18.20 18.20 18.20
2047.00 18.02 18.02 18.02 18.02 18.02 18.02 18.02 18.02 18.02 18.02 18.02 18.02 18.02 18.02 18.02 18.02 18.02 18.02 18.02 18.02 18.02 18.02 18.02
2048.00 17.97 17.97 17.97 17.97 17.97 17.97 17.97 17.97 17.97 17.97 17.97 17.97 17.97 17.97 17.97 17.97 17.97 17.97 17.97 17.97 17.97 17.97 17.97
2049.00 18.03 18.03 18.03 18.03 18.03 18.03 18.03 18.03 18.03 18.03 18.03 18.03 18.03 18.03 18.03 18.03 18.03 18.03 18.03 18.03 18.03 18.03 18.03
2050.00 17.95 17.95 17.95 17.95 17.95 17.95 17.95 17.95 17.95 17.95 17.95 17.95 17.95 17.95 17.95 17.95 17.95 17.95 17.95 17.95 17.95 17.95 17.95
2051.00 17.91 17.91 17.91 17.91 17.91 17.91 17.91 17.91 17.91 17.91 17.91 17.91 17.91 17.91 17.91 17.91 17.91 17.91 17.91 17.91 17.91 17.91 17.91
2052.00 17.99 17.99 17.99 17.99 17.99 17.99 17.99 17.99 17.99 17.99 17.99 17.99 17.99 17.99 17.99 17.99 17.99 17.99 17.99 17.99 17.99 17.99 17.99
2053.00 18.05 18.05 18.05 18.05 18.05 18.05 18.05 18.05 18.05 18.05 18.05 18.05 18.05 18.05 18.05 18.05 18.05 18.05 18.05 18.05 18.05 18.05 18.05
2054.00 18.03 18.03 18.03 18.03 18.03 18.03 18.03 18.03 18.03 18.03 18.03 18.03 18.03 18.03 18.03 18.03 18.03 18.03 18.03 18.03 18.03 18.03 18.03
2055.00 18.25 18.25 18.25 18.25 18.25 18.25 18.25 18.25 18.25 18.25 18.25 18.25 18.25 18.25 18.25 18.25 18.25 18.25 18.25 18.25 18.25 18.25 18.25
2056.00 18.16 18.16 18.16 18.16 18.16 18.16 18.16 18.16 18.16 18.16 18.16 18.16 18.16 18.16 18.16 18.16 18.16 18.16 18.16 18.16 18.16 18.16 18.16
2057.00 18.23 18.23 18.23 18.23 18.23 18.23 18.23 18.23 18.23 18.23 18.23 18.23 18.23 18.23 18.23 18.23 18.23 18.23 18.23 18.23 18.23 18.23 18.23
2058.00 18.36 18.36 18.36 18.36 18.36 18.36 18.36 18.36 18.36 18.36 18.36 18.36 18.36 18.36 18.36 18.36 18.36 18.36 18.36 18.36 18.36 18.36 18.36
2059.00 18.43 18.43 18.43 18.43 18.43 18.43 18.43 18.43 18.43 18.43 18.43 18.43 18.43 18.43 18.43 18.43 18.43 18.43 18.43 18.43 18.43 18.43 18.43
2060.00 18.45 18.45 18.45 18.45 18.45 18.45 18.45 18.45 18.45 18.45 18.45 18.45 18.45 18.45 18.45 18.45 18.45 18.45 18.45 18.45 18.45 18.45 18.45
2061.00 18.49 18.49 18.49 18.49 18.49 18.49 18.49 18.49 18.49 18.49 18.49 18.49 18.49 18.49 18.49 18.49 18.49 18.49 18.49 18.49 18.49 18.49 18.49
2062.00 18.36 18.36 18.36 18.36 18.36 18.36 18.36 18.36 18.36 18.36 18.36 18.36 18.36 18.36 18.36 18.36 18.36 18.36 18.36 18.36 18.36 18.36 18.36
2063.00 18.43 18.43 18.43 18.43 18.43 18.43 18.43 18.43 18.43 18.43 18.43 18.43 18.43 18.43 18.43 18.43 18.43 18.43 18.43 18.43 18.43 18.43 18.43
2064.00 18.40 18.40 18.40 18.40 18.40 18.40 18.40 18.40 18.40 18.40 18.40 18.40 18.40 18.40 18.40 18.40 18.40 18.40 18.40 18.40 18.40 18.40 18.40
2065.00 18.31 18.31 18.31 18.31 18.31 18.31 18.31 18.31 18.31 18.31 18.31 18.31 18.31 18.31 18.31 18.31 18.31 18.31 18.31 18.31 18.31 18.31 18.31
