# yearspad, alpred
# [0.6  0.62 0.64 0.66 0.68 0.7  0.72 0.74 0.76 0.78 0.8  0.82 0.84 0.86
#  0.88 0.9  0.92 0.94 0.96 0.98 1.   1.02 1.04]
1922.00 5.01 5.01 5.01 5.01 5.01 5.01 5.01 5.01 5.01 5.01 5.01 5.01 5.01 5.01 5.01 5.01 5.01 5.01 5.01 5.01 5.01 5.01 5.01
1923.00 5.26 5.26 5.26 5.26 5.26 5.26 5.26 5.26 5.26 5.26 5.26 5.26 5.26 5.26 5.26 5.26 5.26 5.26 5.26 5.26 5.26 5.26 5.26
1924.00 5.79 5.79 5.79 5.79 5.79 5.79 5.79 5.79 5.79 5.79 5.79 5.79 5.79 5.79 5.79 5.79 5.79 5.79 5.79 5.79 5.79 5.79 5.79
1925.00 5.47 5.47 5.47 5.47 5.47 5.47 5.47 5.47 5.47 5.47 5.47 5.47 5.47 5.47 5.47 5.47 5.47 5.47 5.47 5.47 5.47 5.47 5.47
1926.00 5.63 5.63 5.63 5.63 5.63 5.63 5.63 5.63 5.63 5.63 5.63 5.63 5.63 5.63 5.63 5.63 5.63 5.63 5.63 5.63 5.63 5.63 5.63
1927.00 5.21 5.21 5.21 5.21 5.21 5.21 5.21 5.21 5.21 5.21 5.21 5.21 5.21 5.21 5.21 5.21 5.21 5.21 5.21 5.21 5.21 5.21 5.21
1928.00 4.91 4.91 4.91 4.91 4.91 4.91 4.91 4.91 4.91 4.91 4.91 4.91 4.91 4.91 4.91 4.91 4.91 4.91 4.91 4.91 4.91 4.91 4.91
1929.00 4.54 4.54 4.54 4.54 4.54 4.54 4.54 4.54 4.54 4.54 4.54 4.54 4.54 4.54 4.54 4.54 4.54 4.54 4.54 4.54 4.54 4.54 4.54
1930.00 4.46 4.46 4.46 4.46 4.46 4.46 4.46 4.46 4.46 4.46 4.46 4.46 4.46 4.46 4.46 4.46 4.46 4.46 4.46 4.46 4.46 4.46 4.46
1931.00 4.28 4.28 4.28 4.28 4.28 4.28 4.28 4.28 4.28 4.28 4.28 4.28 4.28 4.28 4.28 4.28 4.28 4.28 4.28 4.28 4.28 4.28 4.28
1932.00 3.77 3.77 3.77 3.77 3.77 3.77 3.77 3.77 3.77 3.77 3.77 3.77 3.77 3.77 3.77 3.77 3.77 3.77 3.77 3.77 3.77 3.77 3.77
1933.00 3.12 3.12 3.12 3.12 3.12 3.12 3.12 3.12 3.12 3.12 3.12 3.12 3.12 3.12 3.12 3.12 3.12 3.12 3.12 3.12 3.12 3.12 3.12
1934.00 3.95 3.95 3.95 3.95 3.95 3.95 3.95 3.95 3.95 3.95 3.95 3.95 3.95 3.95 3.95 3.95 3.95 3.95 3.95 3.95 3.95 3.95 3.95
1935.00 3.11 3.11 3.11 3.11 3.11 3.11 3.11 3.11 3.11 3.11 3.11 3.11 3.11 3.11 3.11 3.11 3.11 3.11 3.11 3.11 3.11 3.11 3.11
1936.00 2.91 2.91 2.91 2.91 2.91 2.91 2.91 2.91 2.91 2.91 2.91 2.91 2.91 2.91 2.91 2.91 2.91 2.91 2.91 2.91 2.91 2.91 2.91
1937.00 2.70 2.70 2.70 2.70 2.70 2.70 2.70 2.70 2.70 2.70 2.70 2.70 2.70 2.70 2.70 2.70 2.70 2.70 2.70 2.70 2.70 2.70 2.70
1938.00 1.99 1.99 1.99 1.99 1.99 1.99 1.99 1.99 1.99 1.99 1.99 1.99 1.99 1.99 1.99 1.99 1.99 1.99 1.99 1.99 1.99 1.99 1.99
1939.00 1.60 1.60 1.60 1.60 1.60 1.60 1.60 1.60 1.60 1.60 1.60 1.60 1.60 1.60 1.60 1.60 1.60 1.60 1.60 1.60 1.60 1.60 1.60
1940.00 1.59 1.59 1.59 1.59 1.59 1.59 1.59 1.59 1.59 1.59 1.59 1.59 1.59 1.59 1.59 1.59 1.59 1.59 1.59 1.59 1.59 1.59 1.59
1941.00 1.38 1.38 1.38 1.38 1.38 1.38 1.38 1.38 1.38 1.38 1.38 1.38 1.38 1.38 1.38 1.38 1.38 1.38 1.38 1.38 1.38 1.38 1.38
1942.00 1.60 1.60 1.60 1.60 1.60 1.60 1.60 1.60 1.60 1.60 1.60 1.60 1.60 1.60 1.60 1.60 1.60 1.60 1.60 1.60 1.60 1.60 1.60
1943.00 0.70 0.70 0.70 0.70 0.70 0.70 0.70 0.70 0.70 0.70 0.70 0.70 0.70 0.70 0.70 0.70 0.70 0.70 0.70 0.70 0.70 0.70 0.70
1944.00 0.93 0.93 0.93 0.93 0.93 0.93 0.93 0.93 0.93 0.93 0.93 0.93 0.93 0.93 0.93 0.93 0.93 0.93 0.93 0.93 0.93 0.93 0.93
1945.00 0.31 0.31 0.31 0.31 0.31 0.31 0.31 0.31 0.31 0.31 0.31 0.31 0.31 0.31 0.31 0.31 0.31 0.31 0.31 0.31 0.31 0.31 0.31
1946.00 -0.11 -0.11 -0.11 -0.11 -0.11 -0.11 -0.11 -0.11 -0.11 -0.11 -0.11 -0.11 -0.11 -0.11 -0.11 -0.11 -0.11 -0.11 -0.11 -0.11 -0.11 -0.11 -0.11
1947.00 -0.56 -0.56 -0.56 -0.56 -0.56 -0.56 -0.56 -0.56 -0.56 -0.56 -0.56 -0.56 -0.56 -0.56 -0.56 -0.56 -0.56 -0.56 -0.56 -0.56 -0.56 -0.56 -0.56
1948.00 0.17 0.17 0.17 0.17 0.17 0.17 0.17 0.17 0.17 0.17 0.17 0.17 0.17 0.17 0.17 0.17 0.17 0.17 0.17 0.17 0.17 0.17 0.17
1949.00 -1.24 -1.24 -1.24 -1.24 -1.24 -1.24 -1.24 -1.24 -1.24 -1.24 -1.24 -1.24 -1.24 -1.24 -1.24 -1.24 -1.24 -1.24 -1.24 -1.24 -1.24 -1.24 -1.24
1950.00 -1.35 -1.35 -1.35 -1.35 -1.35 -1.35 -1.35 -1.35 -1.35 -1.35 -1.35 -1.35 -1.35 -1.35 -1.35 -1.35 -1.35 -1.35 -1.35 -1.35 -1.35 -1.35 -1.35
1951.00 -1.88 -1.88 -1.88 -1.88 -1.88 -1.88 -1.88 -1.88 -1.88 -1.88 -1.88 -1.88 -1.88 -1.88 -1.88 -1.88 -1.88 -1.88 -1.88 -1.88 -1.88 -1.88 -1.88
1952.00 -1.73 -1.73 -1.73 -1.73 -1.73 -1.73 -1.73 -1.73 -1.73 -1.73 -1.73 -1.73 -1.73 -1.73 -1.73 -1.73 -1.73 -1.73 -1.73 -1.73 -1.73 -1.73 -1.73
1953.00 -2.90 -2.90 -2.90 -2.90 -2.90 -2.90 -2.90 -2.90 -2.90 -2.90 -2.90 -2.90 -2.90 -2.90 -2.90 -2.90 -2.90 -2.90 -2.90 -2.90 -2.90 -2.90 -2.90
1954.00 -3.78 -3.78 -3.78 -3.78 -3.78 -3.78 -3.78 -3.78 -3.78 -3.78 -3.78 -3.78 -3.78 -3.78 -3.78 -3.78 -3.78 -3.78 -3.78 -3.78 -3.78 -3.78 -3.78
1955.00 -4.43 -4.43 -4.43 -4.43 -4.43 -4.43 -4.43 -4.43 -4.43 -4.43 -4.43 -4.43 -4.43 -4.43 -4.43 -4.43 -4.43 -4.43 -4.43 -4.43 -4.43 -4.43 -4.43
1956.00 -5.46 -5.46 -5.46 -5.46 -5.46 -5.46 -5.46 -5.46 -5.46 -5.46 -5.46 -5.46 -5.46 -5.46 -5.46 -5.46 -5.46 -5.46 -5.46 -5.46 -5.46 -5.46 -5.46
1957.00 -5.67 -5.67 -5.67 -5.67 -5.67 -5.67 -5.67 -5.67 -5.67 -5.67 -5.67 -5.67 -5.67 -5.67 -5.67 -5.67 -5.67 -5.67 -5.67 -5.67 -5.67 -5.67 -5.67
1958.00 -5.62 -5.62 -5.62 -5.62 -5.62 -5.62 -5.62 -5.62 -5.62 -5.62 -5.62 -5.62 -5.62 -5.62 -5.62 -5.62 -5.62 -5.62 -5.62 -5.62 -5.62 -5.62 -5.62
1959.00 -5.85 -5.85 -5.85 -5.85 -5.85 -5.85 -5.85 -5.85 -5.85 -5.85 -5.85 -5.85 -5.85 -5.85 -5.85 -5.85 -5.85 -5.85 -5.85 -5.85 -5.85 -5.85 -5.85
1960.00 -7.10 -7.10 -7.10 -7.10 -7.10 -7.10 -7.10 -7.10 -7.10 -7.10 -7.10 -7.10 -7.10 -7.10 -7.10 -7.10 -7.10 -7.10 -7.10 -7.10 -7.10 -7.10 -7.10
1961.00 -7.31 -7.31 -7.31 -7.31 -7.31 -7.31 -7.31 -7.31 -7.31 -7.31 -7.31 -7.31 -7.31 -7.31 -7.31 -7.31 -7.31 -7.31 -7.31 -7.31 -7.31 -7.31 -7.31
1962.00 -7.48 -7.48 -7.48 -7.48 -7.48 -7.48 -7.48 -7.48 -7.48 -7.48 -7.48 -7.48 -7.48 -7.48 -7.48 -7.48 -7.48 -7.48 -7.48 -7.48 -7.48 -7.48 -7.48
1963.00 -8.07 -8.07 -8.07 -8.07 -8.07 -8.07 -8.07 -8.07 -8.07 -8.07 -8.07 -8.07 -8.07 -8.07 -8.07 -8.07 -8.07 -8.07 -8.07 -8.07 -8.07 -8.07 -8.07
1964.00 -8.42 -8.42 -8.42 -8.42 -8.42 -8.42 -8.42 -8.42 -8.42 -8.42 -8.42 -8.42 -8.42 -8.42 -8.42 -8.42 -8.42 -8.42 -8.42 -8.42 -8.42 -8.42 -8.42
1965.00 -9.16 -9.16 -9.16 -9.16 -9.16 -9.16 -9.16 -9.16 -9.16 -9.16 -9.16 -9.16 -9.16 -9.16 -9.16 -9.16 -9.16 -9.16 -9.16 -9.16 -9.16 -9.16 -9.16
1966.00 -10.29 -10.29 -10.29 -10.29 -10.29 -10.29 -10.29 -10.29 -10.29 -10.29 -10.29 -10.29 -10.29 -10.29 -10.29 -10.29 -10.29 -10.29 -10.29 -10.29 -10.29 -10.29 -10.29
1967.00 -10.46 -10.46 -10.46 -10.46 -10.46 -10.46 -10.46 -10.46 -10.46 -10.46 -10.46 -10.46 -10.46 -10.46 -10.46 -10.46 -10.46 -10.46 -10.46 -10.46 -10.46 -10.46 -10.46
1968.00 -11.10 -11.10 -11.10 -11.10 -11.10 -11.10 -11.10 -11.10 -11.10 -11.10 -11.10 -11.10 -11.10 -11.10 -11.10 -11.10 -11.10 -11.10 -11.10 -11.10 -11.10 -11.10 -11.10
1969.00 -12.57 -12.57 -12.57 -12.57 -12.57 -12.57 -12.57 -12.57 -12.57 -12.57 -12.57 -12.57 -12.57 -12.57 -12.57 -12.57 -12.57 -12.57 -12.57 -12.57 -12.57 -12.57 -12.57
1970.00 108.46 108.46 108.46 108.46 108.46 108.46 108.46 108.46 108.46 108.46 108.46 108.46 108.46 108.46 108.46 108.46 108.46 108.46 108.46 108.46 108.46 108.46 108.46
1971.00 108.39 108.39 108.39 108.39 108.39 108.39 108.39 108.39 108.39 108.39 108.39 108.39 108.39 108.39 108.39 108.39 108.39 108.39 108.39 108.39 108.39 108.39 108.39
1972.00 109.44 109.44 109.44 109.44 109.44 109.44 109.44 109.44 109.44 109.44 109.44 109.44 109.44 109.44 109.44 109.44 109.44 109.44 109.44 109.44 109.44 109.44 109.44
1973.00 110.65 110.65 110.65 110.65 110.65 110.65 110.65 110.65 110.65 110.65 110.65 110.65 110.65 110.65 110.65 110.65 110.65 110.65 110.65 110.65 110.65 110.65 110.65
1974.00 116.09 116.09 116.09 116.09 116.09 116.09 116.09 116.09 116.09 116.09 116.09 116.09 116.09 116.09 116.09 116.09 116.09 116.09 116.09 116.09 116.09 116.09 116.09
1975.00 120.48 120.48 120.48 120.48 120.48 120.48 120.48 120.48 120.48 120.48 120.48 120.48 120.48 120.48 120.48 120.48 120.48 120.48 120.48 120.48 120.48 120.48 120.48
1976.00 124.41 124.41 124.41 124.41 124.41 124.41 124.41 124.41 124.41 124.41 124.41 124.41 124.41 124.41 124.41 124.41 124.41 124.41 124.41 124.41 124.41 124.41 124.41
1977.00 125.51 125.51 125.51 125.51 125.51 125.51 125.51 125.51 125.51 125.51 125.51 125.51 125.51 125.51 125.51 125.51 125.51 125.51 125.51 125.51 125.51 125.51 125.51
1978.00 127.05 127.05 127.05 127.05 127.05 127.05 127.05 127.05 127.05 127.05 127.05 127.05 127.05 127.05 127.05 127.05 127.05 127.05 127.05 127.05 127.05 127.05 127.05
1979.00 124.25 124.25 124.25 124.25 124.25 124.25 124.25 124.25 124.25 124.25 124.25 124.25 124.25 124.25 124.25 124.25 124.25 124.25 124.25 124.25 124.25 124.25 124.25
1980.00 124.68 124.68 124.68 124.68 124.68 124.68 124.68 124.68 124.68 124.68 124.68 124.68 124.68 124.68 124.68 124.68 124.68 124.68 124.68 124.68 124.68 124.68 124.68
1981.00 132.60 132.60 132.60 132.60 132.60 132.60 132.60 132.60 132.60 132.60 132.60 132.60 132.60 132.60 132.60 132.60 132.60 132.60 132.60 132.60 132.60 132.60 132.60
1982.00 116.44 116.44 116.44 116.44 116.44 116.44 116.44 116.44 116.44 116.44 116.44 116.44 116.44 116.44 116.44 116.44 116.44 116.44 116.44 116.44 116.44 116.44 116.44
1983.00 115.60 115.60 115.60 115.60 115.60 115.60 115.60 115.60 115.60 115.60 115.60 115.60 115.60 115.60 115.60 115.60 115.60 115.60 115.60 115.60 115.60 115.60 115.60
1984.00 111.15 111.15 111.15 111.15 111.15 111.15 111.15 111.15 111.15 111.15 111.15 111.15 111.15 111.15 111.15 111.15 111.15 111.15 111.15 111.15 111.15 111.15 111.15
1985.00 109.37 109.37 109.37 109.37 109.37 109.37 109.37 109.37 109.37 109.37 109.37 109.37 109.37 109.37 109.37 109.37 109.37 109.37 109.37 109.37 109.37 109.37 109.37
1986.00 104.13 104.13 104.13 104.13 104.13 104.13 104.13 104.13 104.13 104.13 104.13 104.13 104.13 104.13 104.13 104.13 104.13 104.13 104.13 104.13 104.13 104.13 104.13
1987.00 101.11 101.11 101.11 101.11 101.11 101.11 101.11 101.11 101.11 101.11 101.11 101.11 101.11 101.11 101.11 101.11 101.11 101.11 101.11 101.11 101.11 101.11 101.11
1988.00 52.22 54.43 56.65 58.86 61.08 63.29 65.51 67.72 69.94 72.15 74.36 76.58 78.79 81.01 83.22 85.44 87.65 89.87 92.08 94.29 96.51 98.72 100.94
1989.00 50.28 52.42 54.56 56.70 58.84 60.97 63.11 65.25 67.39 69.52 71.66 73.80 75.94 78.08 80.21 82.35 84.49 86.63 88.76 90.90 93.04 95.18 97.32
1990.00 47.95 50.00 52.05 54.10 56.15 58.20 60.25 62.30 64.35 66.39 68.44 70.49 72.54 74.59 76.64 78.69 80.74 82.79 84.84 86.89 88.94 90.99 93.04
1991.00 47.82 49.82 51.83 53.83 55.83 57.84 59.84 61.84 63.85 65.85 67.86 69.86 71.86 73.87 75.87 77.87 79.88 81.88 83.88 85.89 87.89 89.89 91.90
1992.00 47.70 49.68 51.66 53.64 55.62 57.60 59.58 61.56 63.54 65.52 67.50 69.48 71.46 73.44 75.42 77.41 79.39 81.37 83.35 85.33 87.31 89.29 91.27
1993.00 47.35 49.30 51.25 53.21 55.16 57.11 59.06 61.01 62.96 64.91 66.86 68.82 70.77 72.72 74.67 76.62 78.57 80.52 82.48 84.43 86.38 88.33 90.28
1994.00 47.55 49.47 51.40 53.32 55.24 57.16 59.08 61.00 62.93 64.85 66.77 68.69 70.61 72.53 74.45 76.38 78.30 80.22 82.14 84.06 85.98 87.91 89.83
1995.00 48.05 49.97 51.89 53.81 55.73 57.65 59.57 61.49 63.41 65.33 67.25 69.17 71.09 73.01 74.93 76.85 78.77 80.69 82.61 84.53 86.45 88.37 90.29
1996.00 47.43 49.31 51.19 53.06 54.94 56.82 58.70 60.58 62.46 64.33 66.21 68.09 69.97 71.85 73.73 75.61 77.48 79.36 81.24 83.12 85.00 86.88 88.75
1997.00 48.16 50.03 51.90 53.77 55.64 57.51 59.38 61.25 63.12 64.98 66.85 68.72 70.59 72.46 74.33 76.20 78.07 79.94 81.80 83.67 85.54 87.41 89.28
1998.00 47.18 49.02 50.86 52.71 54.55 56.39 58.23 60.07 61.91 63.75 65.59 67.43 69.27 71.11 72.95 74.79 76.63 78.47 80.31 82.15 83.99 85.84 87.68
1999.00 45.24 47.02 48.80 50.57 52.35 54.13 55.90 57.68 59.46 61.24 63.01 64.79 66.57 68.35 70.12 71.90 73.68 75.46 77.23 79.01 80.79 82.57 84.34
2000.00 42.78 44.45 46.12 47.80 49.47 51.15 52.82 54.49 56.17 57.84 59.52 61.19 62.86 64.54 66.21 67.89 69.56 71.23 72.91 74.58 76.26 77.93 79.60
2001.00 41.59 43.20 44.82 46.43 48.05 49.67 51.28 52.90 54.52 56.13 57.75 59.37 60.98 62.60 64.22 65.83 67.45 69.07 70.68 72.30 73.92 75.53 77.15
2002.00 41.27 42.85 44.43 46.01 47.60 49.18 50.76 52.34 53.92 55.50 57.08 58.67 60.25 61.83 63.41 64.99 66.57 68.15 69.74 71.32 72.90 74.48 76.06
2003.00 41.48 43.03 44.58 46.14 47.69 49.24 50.80 52.35 53.90 55.46 57.01 58.56 60.12 61.67 63.22 64.78 66.33 67.88 69.44 70.99 72.54 74.10 75.65
2004.00 38.17 39.62 41.07 42.52 43.98 45.43 46.88 48.33 49.78 51.23 52.68 54.13 55.58 57.03 58.48 59.94 61.39 62.84 64.29 65.74 67.19 68.64 70.09
2005.00 37.65 39.07 40.49 41.92 43.34 44.77 46.19 47.62 49.04 50.47 51.89 53.32 54.74 56.16 57.59 59.01 60.44 61.86 63.29 64.71 66.14 67.56 68.99
2006.00 37.34 38.72 40.11 41.49 42.88 44.27 45.65 47.04 48.42 49.81 51.19 52.58 53.97 55.35 56.74 58.12 59.51 60.89 62.28 63.67 65.05 66.44 67.82
2007.00 37.34 38.68 40.03 41.38 42.73 44.07 45.42 46.77 48.12 49.46 50.81 52.16 53.50 54.85 56.20 57.55 58.89 60.24 61.59 62.94 64.28 65.63 66.98
2008.00 34.79 36.05 37.31 38.57 39.84 41.10 42.36 43.62 44.88 46.15 47.41 48.67 49.93 51.19 52.46 53.72 54.98 56.24 57.50 58.76 60.03 61.29 62.55
2009.00 33.60 34.80 36.00 37.20 38.40 39.60 40.80 42.00 43.20 44.40 45.60 46.80 48.00 49.20 50.40 51.60 52.80 54.00 55.20 56.40 57.60 58.80 60.00
2010.00 31.06 32.15 33.24 34.32 35.41 36.50 37.58 38.67 39.76 40.84 41.93 43.02 44.10 45.19 46.28 47.36 48.45 49.53 50.62 51.71 52.79 53.88 54.97
2011.00 30.40 31.46 32.51 33.56 34.61 35.67 36.72 37.77 38.82 39.87 40.93 41.98 43.03 44.08 45.13 46.19 47.24 48.29 49.34 50.39 51.45 52.50 53.55
2012.00 30.14 31.16 32.17 33.19 34.21 35.22 36.24 37.26 38.28 39.29 40.31 41.33 42.35 43.36 44.38 45.40 46.41 47.43 48.45 49.47 50.48 51.50 52.52
2013.00 29.29 30.26 31.24 32.22 33.20 34.18 35.16 36.14 37.12 38.09 39.07 40.05 41.03 42.01 42.99 43.97 44.95 45.92 46.90 47.88 48.86 49.84 50.82
2014.00 28.95 29.88 30.81 31.75 32.68 33.62 34.55 35.48 36.42 37.35 38.28 39.22 40.15 41.09 42.02 42.95 43.89 44.82 45.76 46.69 47.62 48.56 49.49
2015.00 27.83 28.76 29.68 30.61 31.54 32.46 33.39 34.32 35.24 36.17 37.10 38.03 38.95 39.88 40.81 41.73 42.66 43.59 44.51 45.44 46.37 47.29 48.22
2016.00 27.87 28.78 29.68 30.58 31.48 32.38 33.28 34.18 35.09 35.99 36.89 37.79 38.69 39.59 40.49 41.40 42.30 43.20 44.10 45.00 45.90 46.80 47.71
2017.00 27.36 28.23 29.10 29.97 30.84 31.71 32.58 33.45 34.33 35.20 36.07 36.94 37.81 38.68 39.55 40.42 41.30 42.17 43.04 43.91 44.78 45.65 46.52
2018.00 1.67 1.67 1.67 1.67 1.67 1.67 1.67 1.67 1.67 1.67 1.67 1.67 1.67 1.67 1.67 1.67 1.67 1.67 1.67 1.67 1.67 1.67 1.67
2019.00 1.61 1.61 1.61 1.61 1.61 1.61 1.61 1.61 1.61 1.61 1.61 1.61 1.61 1.61 1.61 1.61 1.61 1.61 1.61 1.61 1.61 1.61 1.61
2020.00 2.62 2.62 2.62 2.62 2.62 2.62 2.62 2.62 2.62 2.62 2.62 2.62 2.62 2.62 2.62 2.62 2.62 2.62 2.62 2.62 2.62 2.62 2.62
2021.00 2.30 2.30 2.30 2.30 2.30 2.30 2.30 2.30 2.30 2.30 2.30 2.30 2.30 2.30 2.30 2.30 2.30 2.30 2.30 2.30 2.30 2.30 2.30
2022.00 2.58 2.58 2.58 2.58 2.58 2.58 2.58 2.58 2.58 2.58 2.58 2.58 2.58 2.58 2.58 2.58 2.58 2.58 2.58 2.58 2.58 2.58 2.58
2023.00 2.25 2.25 2.25 2.25 2.25 2.25 2.25 2.25 2.25 2.25 2.25 2.25 2.25 2.25 2.25 2.25 2.25 2.25 2.25 2.25 2.25 2.25 2.25
2024.00 2.62 2.62 2.62 2.62 2.62 2.62 2.62 2.62 2.62 2.62 2.62 2.62 2.62 2.62 2.62 2.62 2.62 2.62 2.62 2.62 2.62 2.62 2.62
2025.00 2.88 2.88 2.88 2.88 2.88 2.88 2.88 2.88 2.88 2.88 2.88 2.88 2.88 2.88 2.88 2.88 2.88 2.88 2.88 2.88 2.88 2.88 2.88
2026.00 2.48 2.48 2.48 2.48 2.48 2.48 2.48 2.48 2.48 2.48 2.48 2.48 2.48 2.48 2.48 2.48 2.48 2.48 2.48 2.48 2.48 2.48 2.48
2027.00 2.64 2.64 2.64 2.64 2.64 2.64 2.64 2.64 2.64 2.64 2.64 2.64 2.64 2.64 2.64 2.64 2.64 2.64 2.64 2.64 2.64 2.64 2.64
2028.00 3.30 3.30 3.30 3.30 3.30 3.30 3.30 3.30 3.30 3.30 3.30 3.30 3.30 3.30 3.30 3.30 3.30 3.30 3.30 3.30 3.30 3.30 3.30
2029.00 2.86 2.86 2.86 2.86 2.86 2.86 2.86 2.86 2.86 2.86 2.86 2.86 2.86 2.86 2.86 2.86 2.86 2.86 2.86 2.86 2.86 2.86 2.86
2030.00 3.97 3.97 3.97 3.97 3.97 3.97 3.97 3.97 3.97 3.97 3.97 3.97 3.97 3.97 3.97 3.97 3.97 3.97 3.97 3.97 3.97 3.97 3.97
2031.00 4.07 4.07 4.07 4.07 4.07 4.07 4.07 4.07 4.07 4.07 4.07 4.07 4.07 4.07 4.07 4.07 4.07 4.07 4.07 4.07 4.07 4.07 4.07
2032.00 4.11 4.11 4.11 4.11 4.11 4.11 4.11 4.11 4.11 4.11 4.11 4.11 4.11 4.11 4.11 4.11 4.11 4.11 4.11 4.11 4.11 4.11 4.11
2033.00 4.18 4.18 4.18 4.18 4.18 4.18 4.18 4.18 4.18 4.18 4.18 4.18 4.18 4.18 4.18 4.18 4.18 4.18 4.18 4.18 4.18 4.18 4.18
2034.00 4.62 4.62 4.62 4.62 4.62 4.62 4.62 4.62 4.62 4.62 4.62 4.62 4.62 4.62 4.62 4.62 4.62 4.62 4.62 4.62 4.62 4.62 4.62
2035.00 4.81 4.81 4.81 4.81 4.81 4.81 4.81 4.81 4.81 4.81 4.81 4.81 4.81 4.81 4.81 4.81 4.81 4.81 4.81 4.81 4.81 4.81 4.81
2036.00 4.81 4.81 4.81 4.81 4.81 4.81 4.81 4.81 4.81 4.81 4.81 4.81 4.81 4.81 4.81 4.81 4.81 4.81 4.81 4.81 4.81 4.81 4.81
2037.00 4.55 4.55 4.55 4.55 4.55 4.55 4.55 4.55 4.55 4.55 4.55 4.55 4.55 4.55 4.55 4.55 4.55 4.55 4.55 4.55 4.55 4.55 4.55
2038.00 4.95 4.95 4.95 4.95 4.95 4.95 4.95 4.95 4.95 4.95 4.95 4.95 4.95 4.95 4.95 4.95 4.95 4.95 4.95 4.95 4.95 4.95 4.95
2039.00 4.66 4.66 4.66 4.66 4.66 4.66 4.66 4.66 4.66 4.66 4.66 4.66 4.66 4.66 4.66 4.66 4.66 4.66 4.66 4.66 4.66 4.66 4.66
2040.00 4.82 4.82 4.82 4.82 4.82 4.82 4.82 4.82 4.82 4.82 4.82 4.82 4.82 4.82 4.82 4.82 4.82 4.82 4.82 4.82 4.82 4.82 4.82
2041.00 4.89 4.89 4.89 4.89 4.89 4.89 4.89 4.89 4.89 4.89 4.89 4.89 4.89 4.89 4.89 4.89 4.89 4.89 4.89 4.89 4.89 4.89 4.89
2042.00 5.07 5.07 5.07 5.07 5.07 5.07 5.07 5.07 5.07 5.07 5.07 5.07 5.07 5.07 5.07 5.07 5.07 5.07 5.07 5.07 5.07 5.07 5.07
2043.00 4.88 4.88 4.88 4.88 4.88 4.88 4.88 4.88 4.88 4.88 4.88 4.88 4.88 4.88 4.88 4.88 4.88 4.88 4.88 4.88 4.88 4.88 4.88
2044.00 5.19 5.19 5.19 5.19 5.19 5.19 5.19 5.19 5.19 5.19 5.19 5.19 5.19 5.19 5.19 5.19 5.19 5.19 5.19 5.19 5.19 5.19 5.19
2045.00 5.03 5.03 5.03 5.03 5.03 5.03 5.03 5.03 5.03 5.03 5.03 5.03 5.03 5.03 5.03 5.03 5.03 5.03 5.03 5.03 5.03 5.03 5.03
2046.00 5.27 5.27 5.27 5.27 5.27 5.27 5.27 5.27 5.27 5.27 5.27 5.27 5.27 5.27 5.27 5.27 5.27 5.27 5.27 5.27 5.27 5.27 5.27
2047.00 4.92 4.92 4.92 4.92 4.92 4.92 4.92 4.92 4.92 4.92 4.92 4.92 4.92 4.92 4.92 4.92 4.92 4.92 4.92 4.92 4.92 4.92 4.92
2048.00 4.92 4.92 4.92 4.92 4.92 4.92 4.92 4.92 4.92 4.92 4.92 4.92 4.92 4.92 4.92 4.92 4.92 4.92 4.92 4.92 4.92 4.92 4.92
2049.00 4.75 4.75 4.75 4.75 4.75 4.75 4.75 4.75 4.75 4.75 4.75 4.75 4.75 4.75 4.75 4.75 4.75 4.75 4.75 4.75 4.75 4.75 4.75
2050.00 4.83 4.83 4.83 4.83 4.83 4.83 4.83 4.83 4.83 4.83 4.83 4.83 4.83 4.83 4.83 4.83 4.83 4.83 4.83 4.83 4.83 4.83 4.83
2051.00 4.47 4.47 4.47 4.47 4.47 4.47 4.47 4.47 4.47 4.47 4.47 4.47 4.47 4.47 4.47 4.47 4.47 4.47 4.47 4.47 4.47 4.47 4.47
2052.00 4.70 4.70 4.70 4.70 4.70 4.70 4.70 4.70 4.70 4.70 4.70 4.70 4.70 4.70 4.70 4.70 4.70 4.70 4.70 4.70 4.70 4.70 4.70
2053.00 4.75 4.75 4.75 4.75 4.75 4.75 4.75 4.75 4.75 4.75 4.75 4.75 4.75 4.75 4.75 4.75 4.75 4.75 4.75 4.75 4.75 4.75 4.75
2054.00 4.75 4.75 4.75 4.75 4.75 4.75 4.75 4.75 4.75 4.75 4.75 4.75 4.75 4.75 4.75 4.75 4.75 4.75 4.75 4.75 4.75 4.75 4.75
2055.00 4.65 4.65 4.65 4.65 4.65 4.65 4.65 4.65 4.65 4.65 4.65 4.65 4.65 4.65 4.65 4.65 4.65 4.65 4.65 4.65 4.65 4.65 4.65
2056.00 4.99 4.99 4.99 4.99 4.99 4.99 4.99 4.99 4.99 4.99 4.99 4.99 4.99 4.99 4.99 4.99 4.99 4.99 4.99 4.99 4.99 4.99 4.99
2057.00 4.84 4.84 4.84 4.84 4.84 4.84 4.84 4.84 4.84 4.84 4.84 4.84 4.84 4.84 4.84 4.84 4.84 4.84 4.84 4.84 4.84 4.84 4.84
2058.00 4.96 4.96 4.96 4.96 4.96 4.96 4.96 4.96 4.96 4.96 4.96 4.96 4.96 4.96 4.96 4.96 4.96 4.96 4.96 4.96 4.96 4.96 4.96
2059.00 4.87 4.87 4.87 4.87 4.87 4.87 4.87 4.87 4.87 4.87 4.87 4.87 4.87 4.87 4.87 4.87 4.87 4.87 4.87 4.87 4.87 4.87 4.87
2060.00 5.03 5.03 5.03 5.03 5.03 5.03 5.03 5.03 5.03 5.03 5.03 5.03 5.03 5.03 5.03 5.03 5.03 5.03 5.03 5.03 5.03 5.03 5.03
2061.00 4.72 4.72 4.72 4.72 4.72 4.72 4.72 4.72 4.72 4.72 4.72 4.72 4.72 4.72 4.72 4.72 4.72 4.72 4.72 4.72 4.72 4.72 4.72
2062.00 4.92 4.92 4.92 4.92 4.92 4.92 4.92 4.92 4.92 4.92 4.92 4.92 4.92 4.92 4.92 4.92 4.92 4.92 4.92 4.92 4.92 4.92 4.92
2063.00 4.72 4.72 4.72 4.72 4.72 4.72 4.72 4.72 4.72 4.72 4.72 4.72 4.72 4.72 4.72 4.72 4.72 4.72 4.72 4.72 4.72 4.72 4.72
2064.00 5.10 5.10 5.10 5.10 5.10 5.10 5.10 5.10 5.10 5.10 5.10 5.10 5.10 5.10 5.10 5.10 5.10 5.10 5.10 5.10 5.10 5.10 5.10
2065.00 4.94 4.94 4.94 4.94 4.94 4.94 4.94 4.94 4.94 4.94 4.94 4.94 4.94 4.94 4.94 4.94 4.94 4.94 4.94 4.94 4.94 4.94 4.94
