# yearspad, alpred
# [0.6  0.62 0.64 0.66 0.68 0.7  0.72 0.74 0.76 0.78 0.8  0.82 0.84 0.86
#  0.88 0.9  0.92 0.94 0.96 0.98 1.   1.02 1.04]
1922.00 6.85 6.85 6.85 6.85 6.85 6.85 6.85 6.85 6.85 6.85 6.85 6.85 6.85 6.85 6.85 6.85 6.85 6.85 6.85 6.85 6.85 6.85 6.85
1923.00 6.27 6.27 6.27 6.27 6.27 6.27 6.27 6.27 6.27 6.27 6.27 6.27 6.27 6.27 6.27 6.27 6.27 6.27 6.27 6.27 6.27 6.27 6.27
1924.00 5.08 5.08 5.08 5.08 5.08 5.08 5.08 5.08 5.08 5.08 5.08 5.08 5.08 5.08 5.08 5.08 5.08 5.08 5.08 5.08 5.08 5.08 5.08
1925.00 4.96 4.96 4.96 4.96 4.96 4.96 4.96 4.96 4.96 4.96 4.96 4.96 4.96 4.96 4.96 4.96 4.96 4.96 4.96 4.96 4.96 4.96 4.96
1926.00 4.34 4.34 4.34 4.34 4.34 4.34 4.34 4.34 4.34 4.34 4.34 4.34 4.34 4.34 4.34 4.34 4.34 4.34 4.34 4.34 4.34 4.34 4.34
1927.00 4.36 4.36 4.36 4.36 4.36 4.36 4.36 4.36 4.36 4.36 4.36 4.36 4.36 4.36 4.36 4.36 4.36 4.36 4.36 4.36 4.36 4.36 4.36
1928.00 4.34 4.34 4.34 4.34 4.34 4.34 4.34 4.34 4.34 4.34 4.34 4.34 4.34 4.34 4.34 4.34 4.34 4.34 4.34 4.34 4.34 4.34 4.34
1929.00 3.76 3.76 3.76 3.76 3.76 3.76 3.76 3.76 3.76 3.76 3.76 3.76 3.76 3.76 3.76 3.76 3.76 3.76 3.76 3.76 3.76 3.76 3.76
1930.00 3.38 3.38 3.38 3.38 3.38 3.38 3.38 3.38 3.38 3.38 3.38 3.38 3.38 3.38 3.38 3.38 3.38 3.38 3.38 3.38 3.38 3.38 3.38
1931.00 3.19 3.19 3.19 3.19 3.19 3.19 3.19 3.19 3.19 3.19 3.19 3.19 3.19 3.19 3.19 3.19 3.19 3.19 3.19 3.19 3.19 3.19 3.19
1932.00 2.86 2.86 2.86 2.86 2.86 2.86 2.86 2.86 2.86 2.86 2.86 2.86 2.86 2.86 2.86 2.86 2.86 2.86 2.86 2.86 2.86 2.86 2.86
1933.00 3.04 3.04 3.04 3.04 3.04 3.04 3.04 3.04 3.04 3.04 3.04 3.04 3.04 3.04 3.04 3.04 3.04 3.04 3.04 3.04 3.04 3.04 3.04
1934.00 2.26 2.26 2.26 2.26 2.26 2.26 2.26 2.26 2.26 2.26 2.26 2.26 2.26 2.26 2.26 2.26 2.26 2.26 2.26 2.26 2.26 2.26 2.26
1935.00 1.98 1.98 1.98 1.98 1.98 1.98 1.98 1.98 1.98 1.98 1.98 1.98 1.98 1.98 1.98 1.98 1.98 1.98 1.98 1.98 1.98 1.98 1.98
1936.00 1.71 1.71 1.71 1.71 1.71 1.71 1.71 1.71 1.71 1.71 1.71 1.71 1.71 1.71 1.71 1.71 1.71 1.71 1.71 1.71 1.71 1.71 1.71
1937.00 1.68 1.68 1.68 1.68 1.68 1.68 1.68 1.68 1.68 1.68 1.68 1.68 1.68 1.68 1.68 1.68 1.68 1.68 1.68 1.68 1.68 1.68 1.68
1938.00 1.56 1.56 1.56 1.56 1.56 1.56 1.56 1.56 1.56 1.56 1.56 1.56 1.56 1.56 1.56 1.56 1.56 1.56 1.56 1.56 1.56 1.56 1.56
1939.00 2.30 2.30 2.30 2.30 2.30 2.30 2.30 2.30 2.30 2.30 2.30 2.30 2.30 2.30 2.30 2.30 2.30 2.30 2.30 2.30 2.30 2.30 2.30
1940.00 1.32 1.32 1.32 1.32 1.32 1.32 1.32 1.32 1.32 1.32 1.32 1.32 1.32 1.32 1.32 1.32 1.32 1.32 1.32 1.32 1.32 1.32 1.32
1941.00 0.77 0.77 0.77 0.77 0.77 0.77 0.77 0.77 0.77 0.77 0.77 0.77 0.77 0.77 0.77 0.77 0.77 0.77 0.77 0.77 0.77 0.77 0.77
1942.00 -0.32 -0.32 -0.32 -0.32 -0.32 -0.32 -0.32 -0.32 -0.32 -0.32 -0.32 -0.32 -0.32 -0.32 -0.32 -0.32 -0.32 -0.32 -0.32 -0.32 -0.32 -0.32 -0.32
1943.00 -0.59 -0.59 -0.59 -0.59 -0.59 -0.59 -0.59 -0.59 -0.59 -0.59 -0.59 -0.59 -0.59 -0.59 -0.59 -0.59 -0.59 -0.59 -0.59 -0.59 -0.59 -0.59 -0.59
1944.00 -0.78 -0.78 -0.78 -0.78 -0.78 -0.78 -0.78 -0.78 -0.78 -0.78 -0.78 -0.78 -0.78 -0.78 -0.78 -0.78 -0.78 -0.78 -0.78 -0.78 -0.78 -0.78 -0.78
1945.00 -1.18 -1.18 -1.18 -1.18 -1.18 -1.18 -1.18 -1.18 -1.18 -1.18 -1.18 -1.18 -1.18 -1.18 -1.18 -1.18 -1.18 -1.18 -1.18 -1.18 -1.18 -1.18 -1.18
1946.00 -1.52 -1.52 -1.52 -1.52 -1.52 -1.52 -1.52 -1.52 -1.52 -1.52 -1.52 -1.52 -1.52 -1.52 -1.52 -1.52 -1.52 -1.52 -1.52 -1.52 -1.52 -1.52 -1.52
1947.00 -2.95 -2.95 -2.95 -2.95 -2.95 -2.95 -2.95 -2.95 -2.95 -2.95 -2.95 -2.95 -2.95 -2.95 -2.95 -2.95 -2.95 -2.95 -2.95 -2.95 -2.95 -2.95 -2.95
1948.00 -3.96 -3.96 -3.96 -3.96 -3.96 -3.96 -3.96 -3.96 -3.96 -3.96 -3.96 -3.96 -3.96 -3.96 -3.96 -3.96 -3.96 -3.96 -3.96 -3.96 -3.96 -3.96 -3.96
1949.00 -4.96 -4.96 -4.96 -4.96 -4.96 -4.96 -4.96 -4.96 -4.96 -4.96 -4.96 -4.96 -4.96 -4.96 -4.96 -4.96 -4.96 -4.96 -4.96 -4.96 -4.96 -4.96 -4.96
1950.00 -5.12 -5.12 -5.12 -5.12 -5.12 -5.12 -5.12 -5.12 -5.12 -5.12 -5.12 -5.12 -5.12 -5.12 -5.12 -5.12 -5.12 -5.12 -5.12 -5.12 -5.12 -5.12 -5.12
1951.00 -6.45 -6.45 -6.45 -6.45 -6.45 -6.45 -6.45 -6.45 -6.45 -6.45 -6.45 -6.45 -6.45 -6.45 -6.45 -6.45 -6.45 -6.45 -6.45 -6.45 -6.45 -6.45 -6.45
1952.00 -7.32 -7.32 -7.32 -7.32 -7.32 -7.32 -7.32 -7.32 -7.32 -7.32 -7.32 -7.32 -7.32 -7.32 -7.32 -7.32 -7.32 -7.32 -7.32 -7.32 -7.32 -7.32 -7.32
1953.00 -8.25 -8.25 -8.25 -8.25 -8.25 -8.25 -8.25 -8.25 -8.25 -8.25 -8.25 -8.25 -8.25 -8.25 -8.25 -8.25 -8.25 -8.25 -8.25 -8.25 -8.25 -8.25 -8.25
1954.00 -8.55 -8.55 -8.55 -8.55 -8.55 -8.55 -8.55 -8.55 -8.55 -8.55 -8.55 -8.55 -8.55 -8.55 -8.55 -8.55 -8.55 -8.55 -8.55 -8.55 -8.55 -8.55 -8.55
1955.00 -8.52 -8.52 -8.52 -8.52 -8.52 -8.52 -8.52 -8.52 -8.52 -8.52 -8.52 -8.52 -8.52 -8.52 -8.52 -8.52 -8.52 -8.52 -8.52 -8.52 -8.52 -8.52 -8.52
1956.00 -9.07 -9.07 -9.07 -9.07 -9.07 -9.07 -9.07 -9.07 -9.07 -9.07 -9.07 -9.07 -9.07 -9.07 -9.07 -9.07 -9.07 -9.07 -9.07 -9.07 -9.07 -9.07 -9.07
1957.00 -10.34 -10.34 -10.34 -10.34 -10.34 -10.34 -10.34 -10.34 -10.34 -10.34 -10.34 -10.34 -10.34 -10.34 -10.34 -10.34 -10.34 -10.34 -10.34 -10.34 -10.34 -10.34 -10.34
1958.00 -11.35 -11.35 -11.35 -11.35 -11.35 -11.35 -11.35 -11.35 -11.35 -11.35 -11.35 -11.35 -11.35 -11.35 -11.35 -11.35 -11.35 -11.35 -11.35 -11.35 -11.35 -11.35 -11.35
1959.00 -12.32 -12.32 -12.32 -12.32 -12.32 -12.32 -12.32 -12.32 -12.32 -12.32 -12.32 -12.32 -12.32 -12.32 -12.32 -12.32 -12.32 -12.32 -12.32 -12.32 -12.32 -12.32 -12.32
1960.00 -13.14 -13.14 -13.14 -13.14 -13.14 -13.14 -13.14 -13.14 -13.14 -13.14 -13.14 -13.14 -13.14 -13.14 -13.14 -13.14 -13.14 -13.14 -13.14 -13.14 -13.14 -13.14 -13.14
1961.00 -13.45 -13.45 -13.45 -13.45 -13.45 -13.45 -13.45 -13.45 -13.45 -13.45 -13.45 -13.45 -13.45 -13.45 -13.45 -13.45 -13.45 -13.45 -13.45 -13.45 -13.45 -13.45 -13.45
1962.00 -14.56 -14.56 -14.56 -14.56 -14.56 -14.56 -14.56 -14.56 -14.56 -14.56 -14.56 -14.56 -14.56 -14.56 -14.56 -14.56 -14.56 -14.56 -14.56 -14.56 -14.56 -14.56 -14.56
1963.00 -16.14 -16.14 -16.14 -16.14 -16.14 -16.14 -16.14 -16.14 -16.14 -16.14 -16.14 -16.14 -16.14 -16.14 -16.14 -16.14 -16.14 -16.14 -16.14 -16.14 -16.14 -16.14 -16.14
1964.00 -17.01 -17.01 -17.01 -17.01 -17.01 -17.01 -17.01 -17.01 -17.01 -17.01 -17.01 -17.01 -17.01 -17.01 -17.01 -17.01 -17.01 -17.01 -17.01 -17.01 -17.01 -17.01 -17.01
1965.00 -18.02 -18.02 -18.02 -18.02 -18.02 -18.02 -18.02 -18.02 -18.02 -18.02 -18.02 -18.02 -18.02 -18.02 -18.02 -18.02 -18.02 -18.02 -18.02 -18.02 -18.02 -18.02 -18.02
1966.00 -18.33 -18.33 -18.33 -18.33 -18.33 -18.33 -18.33 -18.33 -18.33 -18.33 -18.33 -18.33 -18.33 -18.33 -18.33 -18.33 -18.33 -18.33 -18.33 -18.33 -18.33 -18.33 -18.33
1967.00 -19.26 -19.26 -19.26 -19.26 -19.26 -19.26 -19.26 -19.26 -19.26 -19.26 -19.26 -19.26 -19.26 -19.26 -19.26 -19.26 -19.26 -19.26 -19.26 -19.26 -19.26 -19.26 -19.26
1968.00 -19.91 -19.91 -19.91 -19.91 -19.91 -19.91 -19.91 -19.91 -19.91 -19.91 -19.91 -19.91 -19.91 -19.91 -19.91 -19.91 -19.91 -19.91 -19.91 -19.91 -19.91 -19.91 -19.91
1969.00 -20.40 -20.40 -20.40 -20.40 -20.40 -20.40 -20.40 -20.40 -20.40 -20.40 -20.40 -20.40 -20.40 -20.40 -20.40 -20.40 -20.40 -20.40 -20.40 -20.40 -20.40 -20.40 -20.40
1970.00 102.46 102.46 102.46 102.46 102.46 102.46 102.46 102.46 102.46 102.46 102.46 102.46 102.46 102.46 102.46 102.46 102.46 102.46 102.46 102.46 102.46 102.46 102.46
1971.00 108.62 108.62 108.62 108.62 108.62 108.62 108.62 108.62 108.62 108.62 108.62 108.62 108.62 108.62 108.62 108.62 108.62 108.62 108.62 108.62 108.62 108.62 108.62
1972.00 125.85 125.85 125.85 125.85 125.85 125.85 125.85 125.85 125.85 125.85 125.85 125.85 125.85 125.85 125.85 125.85 125.85 125.85 125.85 125.85 125.85 125.85 125.85
1973.00 121.87 121.87 121.87 121.87 121.87 121.87 121.87 121.87 121.87 121.87 121.87 121.87 121.87 121.87 121.87 121.87 121.87 121.87 121.87 121.87 121.87 121.87 121.87
1974.00 125.56 125.56 125.56 125.56 125.56 125.56 125.56 125.56 125.56 125.56 125.56 125.56 125.56 125.56 125.56 125.56 125.56 125.56 125.56 125.56 125.56 125.56 125.56
1975.00 123.33 123.33 123.33 123.33 123.33 123.33 123.33 123.33 123.33 123.33 123.33 123.33 123.33 123.33 123.33 123.33 123.33 123.33 123.33 123.33 123.33 123.33 123.33
1976.00 125.14 125.14 125.14 125.14 125.14 125.14 125.14 125.14 125.14 125.14 125.14 125.14 125.14 125.14 125.14 125.14 125.14 125.14 125.14 125.14 125.14 125.14 125.14
1977.00 124.96 124.96 124.96 124.96 124.96 124.96 124.96 124.96 124.96 124.96 124.96 124.96 124.96 124.96 124.96 124.96 124.96 124.96 124.96 124.96 124.96 124.96 124.96
1978.00 122.78 122.78 122.78 122.78 122.78 122.78 122.78 122.78 122.78 122.78 122.78 122.78 122.78 122.78 122.78 122.78 122.78 122.78 122.78 122.78 122.78 122.78 122.78
1979.00 117.51 117.51 117.51 117.51 117.51 117.51 117.51 117.51 117.51 117.51 117.51 117.51 117.51 117.51 117.51 117.51 117.51 117.51 117.51 117.51 117.51 117.51 117.51
1980.00 115.21 115.21 115.21 115.21 115.21 115.21 115.21 115.21 115.21 115.21 115.21 115.21 115.21 115.21 115.21 115.21 115.21 115.21 115.21 115.21 115.21 115.21 115.21
1981.00 114.11 114.11 114.11 114.11 114.11 114.11 114.11 114.11 114.11 114.11 114.11 114.11 114.11 114.11 114.11 114.11 114.11 114.11 114.11 114.11 114.11 114.11 114.11
1982.00 111.57 111.57 111.57 111.57 111.57 111.57 111.57 111.57 111.57 111.57 111.57 111.57 111.57 111.57 111.57 111.57 111.57 111.57 111.57 111.57 111.57 111.57 111.57
1983.00 111.21 111.21 111.21 111.21 111.21 111.21 111.21 111.21 111.21 111.21 111.21 111.21 111.21 111.21 111.21 111.21 111.21 111.21 111.21 111.21 111.21 111.21 111.21
1984.00 103.59 103.59 103.59 103.59 103.59 103.59 103.59 103.59 103.59 103.59 103.59 103.59 103.59 103.59 103.59 103.59 103.59 103.59 103.59 103.59 103.59 103.59 103.59
1985.00 100.72 100.72 100.72 100.72 100.72 100.72 100.72 100.72 100.72 100.72 100.72 100.72 100.72 100.72 100.72 100.72 100.72 100.72 100.72 100.72 100.72 100.72 100.72
1986.00 96.73 96.73 96.73 96.73 96.73 96.73 96.73 96.73 96.73 96.73 96.73 96.73 96.73 96.73 96.73 96.73 96.73 96.73 96.73 96.73 96.73 96.73 96.73
1987.00 94.99 94.99 94.99 94.99 94.99 94.99 94.99 94.99 94.99 94.99 94.99 94.99 94.99 94.99 94.99 94.99 94.99 94.99 94.99 94.99 94.99 94.99 94.99
1988.00 47.89 50.11 52.33 54.55 56.77 59.00 61.22 63.44 65.66 67.88 70.10 72.32 74.54 76.76 78.98 81.20 83.42 85.64 87.86 90.09 92.31 94.53 96.75
1989.00 47.03 49.18 51.32 53.46 55.61 57.75 59.90 62.04 64.19 66.33 68.47 70.62 72.76 74.91 77.05 79.20 81.34 83.48 85.63 87.77 89.92 92.06 94.20
1990.00 45.14 47.19 49.24 51.30 53.35 55.40 57.45 59.50 61.56 63.61 65.66 67.71 69.76 71.82 73.87 75.92 77.97 80.02 82.08 84.13 86.18 88.23 90.28
1991.00 44.58 46.59 48.59 50.60 52.61 54.62 56.63 58.64 60.64 62.65 64.66 66.67 68.68 70.68 72.69 74.70 76.71 78.72 80.72 82.73 84.74 86.75 88.76
1992.00 44.02 46.00 47.99 49.97 51.95 53.94 55.92 57.91 59.89 61.88 63.86 65.84 67.83 69.81 71.80 73.78 75.77 77.75 79.73 81.72 83.70 85.69 87.67
1993.00 43.87 45.83 47.78 49.74 51.69 53.64 55.60 57.55 59.50 61.46 63.41 65.37 67.32 69.27 71.23 73.18 75.13 77.09 79.04 80.99 82.95 84.90 86.86
1994.00 44.17 46.09 48.01 49.93 51.85 53.78 55.70 57.62 59.54 61.46 63.39 65.31 67.23 69.15 71.07 72.99 74.92 76.84 78.76 80.68 82.60 84.52 86.45
1995.00 44.63 46.56 48.49 50.41 52.34 54.26 56.19 58.12 60.04 61.97 63.89 65.82 67.75 69.67 71.60 73.52 75.45 77.38 79.30 81.23 83.15 85.08 87.01
1996.00 43.94 45.83 47.71 49.60 51.49 53.37 55.26 57.15 59.03 60.92 62.81 64.69 66.58 68.47 70.35 72.24 74.13 76.01 77.90 79.79 81.67 83.56 85.45
1997.00 44.33 46.20 48.08 49.96 51.83 53.71 55.59 57.46 59.34 61.22 63.09 64.97 66.84 68.72 70.60 72.47 74.35 76.23 78.10 79.98 81.86 83.73 85.61
1998.00 44.71 46.56 48.40 50.25 52.10 53.94 55.79 57.64 59.48 61.33 63.18 65.02 66.87 68.72 70.56 72.41 74.26 76.10 77.95 79.80 81.64 83.49 85.34
1999.00 44.04 45.82 47.61 49.39 51.17 52.96 54.74 56.53 58.31 60.09 61.88 63.66 65.45 67.23 69.01 70.80 72.58 74.37 76.15 77.93 79.72 81.50 83.29
2000.00 42.16 43.84 45.52 47.21 48.89 50.57 52.25 53.94 55.62 57.30 58.99 60.67 62.35 64.03 65.72 67.40 69.08 70.77 72.45 74.13 75.81 77.50 79.18
2001.00 40.99 42.61 44.24 45.86 47.49 49.11 50.73 52.36 53.98 55.61 57.23 58.86 60.48 62.11 63.73 65.35 66.98 68.60 70.23 71.85 73.48 75.10 76.73
2002.00 40.06 41.65 43.24 44.83 46.42 48.01 49.60 51.19 52.78 54.37 55.96 57.55 59.14 60.73 62.32 63.91 65.50 67.09 68.68 70.27 71.86 73.45 75.05
2003.00 40.17 41.73 43.29 44.86 46.42 47.98 49.54 51.10 52.66 54.23 55.79 57.35 58.91 60.47 62.03 63.60 65.16 66.72 68.28 69.84 71.40 72.97 74.53
2004.00 37.92 39.38 40.84 42.30 43.76 45.22 46.68 48.14 49.61 51.07 52.53 53.99 55.45 56.91 58.37 59.83 61.29 62.75 64.21 65.67 67.13 68.59 70.05
2005.00 39.13 40.57 42.00 43.44 44.87 46.31 47.74 49.17 50.61 52.04 53.48 54.91 56.35 57.78 59.22 60.65 62.09 63.52 64.96 66.39 67.83 69.26 70.70
2006.00 38.06 39.45 40.85 42.24 43.64 45.04 46.43 47.83 49.23 50.62 52.02 53.42 54.81 56.21 57.60 59.00 60.40 61.79 63.19 64.59 65.98 67.38 68.77
2007.00 37.47 38.83 40.18 41.54 42.89 44.25 45.60 46.95 48.31 49.66 51.02 52.37 53.73 55.08 56.43 57.79 59.14 60.50 61.85 63.21 64.56 65.92 67.27
2008.00 34.90 36.16 37.42 38.69 39.95 41.21 42.48 43.74 45.00 46.26 47.53 48.79 50.05 51.31 52.58 53.84 55.10 56.36 57.63 58.89 60.15 61.41 62.68
2009.00 33.95 35.15 36.35 37.55 38.75 39.95 41.15 42.35 43.55 44.75 45.95 47.15 48.35 49.55 50.75 51.95 53.15 54.35 55.55 56.75 57.96 59.16 60.36
2010.00 30.91 32.00 33.08 34.17 35.26 36.35 37.44 38.53 39.62 40.70 41.79 42.88 43.97 45.06 46.15 47.23 48.32 49.41 50.50 51.59 52.68 53.76 54.85
2011.00 30.64 31.70 32.75 33.80 34.86 35.91 36.97 38.02 39.07 40.13 41.18 42.23 43.29 44.34 45.39 46.45 47.50 48.55 49.61 50.66 51.72 52.77 53.82
2012.00 29.56 30.58 31.60 32.62 33.63 34.65 35.67 36.69 37.71 38.73 39.75 40.77 41.79 42.81 43.83 44.85 45.87 46.89 47.90 48.92 49.94 50.96 51.98
2013.00 28.77 29.75 30.73 31.71 32.69 33.67 34.65 35.63 36.62 37.60 38.58 39.56 40.54 41.52 42.50 43.48 44.46 45.44 46.42 47.41 48.39 49.37 50.35
2014.00 27.55 28.49 29.42 30.36 31.30 32.23 33.17 34.10 35.04 35.98 36.91 37.85 38.79 39.72 40.66 41.60 42.53 43.47 44.41 45.34 46.28 47.22 48.15
2015.00 27.83 28.75 29.68 30.61 31.54 32.47 33.40 34.33 35.26 36.19 37.12 38.05 38.97 39.90 40.83 41.76 42.69 43.62 44.55 45.48 46.41 47.34 48.27
2016.00 28.22 29.12 30.03 30.93 31.84 32.74 33.65 34.55 35.45 36.36 37.26 38.17 39.07 39.97 40.88 41.78 42.69 43.59 44.50 45.40 46.30 47.21 48.11
2017.00 27.40 28.27 29.14 30.02 30.89 31.76 32.64 33.51 34.39 35.26 36.13 37.01 37.88 38.75 39.63 40.50 41.37 42.25 43.12 44.00 44.87 45.74 46.62
2018.00 1.32 1.32 1.32 1.32 1.32 1.32 1.32 1.32 1.32 1.32 1.32 1.32 1.32 1.32 1.32 1.32 1.32 1.32 1.32 1.32 1.32 1.32 1.32
2019.00 1.52 1.52 1.52 1.52 1.52 1.52 1.52 1.52 1.52 1.52 1.52 1.52 1.52 1.52 1.52 1.52 1.52 1.52 1.52 1.52 1.52 1.52 1.52
2020.00 1.15 1.15 1.15 1.15 1.15 1.15 1.15 1.15 1.15 1.15 1.15 1.15 1.15 1.15 1.15 1.15 1.15 1.15 1.15 1.15 1.15 1.15 1.15
2021.00 1.94 1.94 1.94 1.94 1.94 1.94 1.94 1.94 1.94 1.94 1.94 1.94 1.94 1.94 1.94 1.94 1.94 1.94 1.94 1.94 1.94 1.94 1.94
2022.00 2.67 2.67 2.67 2.67 2.67 2.67 2.67 2.67 2.67 2.67 2.67 2.67 2.67 2.67 2.67 2.67 2.67 2.67 2.67 2.67 2.67 2.67 2.67
2023.00 3.31 3.31 3.31 3.31 3.31 3.31 3.31 3.31 3.31 3.31 3.31 3.31 3.31 3.31 3.31 3.31 3.31 3.31 3.31 3.31 3.31 3.31 3.31
2024.00 3.91 3.91 3.91 3.91 3.91 3.91 3.91 3.91 3.91 3.91 3.91 3.91 3.91 3.91 3.91 3.91 3.91 3.91 3.91 3.91 3.91 3.91 3.91
2025.00 4.35 4.35 4.35 4.35 4.35 4.35 4.35 4.35 4.35 4.35 4.35 4.35 4.35 4.35 4.35 4.35 4.35 4.35 4.35 4.35 4.35 4.35 4.35
2026.00 4.99 4.99 4.99 4.99 4.99 4.99 4.99 4.99 4.99 4.99 4.99 4.99 4.99 4.99 4.99 4.99 4.99 4.99 4.99 4.99 4.99 4.99 4.99
2027.00 5.82 5.82 5.82 5.82 5.82 5.82 5.82 5.82 5.82 5.82 5.82 5.82 5.82 5.82 5.82 5.82 5.82 5.82 5.82 5.82 5.82 5.82 5.82
2028.00 6.12 6.12 6.12 6.12 6.12 6.12 6.12 6.12 6.12 6.12 6.12 6.12 6.12 6.12 6.12 6.12 6.12 6.12 6.12 6.12 6.12 6.12 6.12
2029.00 6.55 6.55 6.55 6.55 6.55 6.55 6.55 6.55 6.55 6.55 6.55 6.55 6.55 6.55 6.55 6.55 6.55 6.55 6.55 6.55 6.55 6.55 6.55
2030.00 6.60 6.60 6.60 6.60 6.60 6.60 6.60 6.60 6.60 6.60 6.60 6.60 6.60 6.60 6.60 6.60 6.60 6.60 6.60 6.60 6.60 6.60 6.60
2031.00 6.64 6.64 6.64 6.64 6.64 6.64 6.64 6.64 6.64 6.64 6.64 6.64 6.64 6.64 6.64 6.64 6.64 6.64 6.64 6.64 6.64 6.64 6.64
2032.00 6.90 6.90 6.90 6.90 6.90 6.90 6.90 6.90 6.90 6.90 6.90 6.90 6.90 6.90 6.90 6.90 6.90 6.90 6.90 6.90 6.90 6.90 6.90
2033.00 7.23 7.23 7.23 7.23 7.23 7.23 7.23 7.23 7.23 7.23 7.23 7.23 7.23 7.23 7.23 7.23 7.23 7.23 7.23 7.23 7.23 7.23 7.23
2034.00 7.20 7.20 7.20 7.20 7.20 7.20 7.20 7.20 7.20 7.20 7.20 7.20 7.20 7.20 7.20 7.20 7.20 7.20 7.20 7.20 7.20 7.20 7.20
2035.00 7.33 7.33 7.33 7.33 7.33 7.33 7.33 7.33 7.33 7.33 7.33 7.33 7.33 7.33 7.33 7.33 7.33 7.33 7.33 7.33 7.33 7.33 7.33
2036.00 7.24 7.24 7.24 7.24 7.24 7.24 7.24 7.24 7.24 7.24 7.24 7.24 7.24 7.24 7.24 7.24 7.24 7.24 7.24 7.24 7.24 7.24 7.24
2037.00 7.61 7.61 7.61 7.61 7.61 7.61 7.61 7.61 7.61 7.61 7.61 7.61 7.61 7.61 7.61 7.61 7.61 7.61 7.61 7.61 7.61 7.61 7.61
2038.00 7.61 7.61 7.61 7.61 7.61 7.61 7.61 7.61 7.61 7.61 7.61 7.61 7.61 7.61 7.61 7.61 7.61 7.61 7.61 7.61 7.61 7.61 7.61
2039.00 7.61 7.61 7.61 7.61 7.61 7.61 7.61 7.61 7.61 7.61 7.61 7.61 7.61 7.61 7.61 7.61 7.61 7.61 7.61 7.61 7.61 7.61 7.61
2040.00 7.55 7.55 7.55 7.55 7.55 7.55 7.55 7.55 7.55 7.55 7.55 7.55 7.55 7.55 7.55 7.55 7.55 7.55 7.55 7.55 7.55 7.55 7.55
2041.00 7.53 7.53 7.53 7.53 7.53 7.53 7.53 7.53 7.53 7.53 7.53 7.53 7.53 7.53 7.53 7.53 7.53 7.53 7.53 7.53 7.53 7.53 7.53
2042.00 7.23 7.23 7.23 7.23 7.23 7.23 7.23 7.23 7.23 7.23 7.23 7.23 7.23 7.23 7.23 7.23 7.23 7.23 7.23 7.23 7.23 7.23 7.23
2043.00 7.24 7.24 7.24 7.24 7.24 7.24 7.24 7.24 7.24 7.24 7.24 7.24 7.24 7.24 7.24 7.24 7.24 7.24 7.24 7.24 7.24 7.24 7.24
2044.00 7.18 7.18 7.18 7.18 7.18 7.18 7.18 7.18 7.18 7.18 7.18 7.18 7.18 7.18 7.18 7.18 7.18 7.18 7.18 7.18 7.18 7.18 7.18
2045.00 7.01 7.01 7.01 7.01 7.01 7.01 7.01 7.01 7.01 7.01 7.01 7.01 7.01 7.01 7.01 7.01 7.01 7.01 7.01 7.01 7.01 7.01 7.01
2046.00 6.88 6.88 6.88 6.88 6.88 6.88 6.88 6.88 6.88 6.88 6.88 6.88 6.88 6.88 6.88 6.88 6.88 6.88 6.88 6.88 6.88 6.88 6.88
2047.00 7.01 7.01 7.01 7.01 7.01 7.01 7.01 7.01 7.01 7.01 7.01 7.01 7.01 7.01 7.01 7.01 7.01 7.01 7.01 7.01 7.01 7.01 7.01
2048.00 7.05 7.05 7.05 7.05 7.05 7.05 7.05 7.05 7.05 7.05 7.05 7.05 7.05 7.05 7.05 7.05 7.05 7.05 7.05 7.05 7.05 7.05 7.05
2049.00 7.26 7.26 7.26 7.26 7.26 7.26 7.26 7.26 7.26 7.26 7.26 7.26 7.26 7.26 7.26 7.26 7.26 7.26 7.26 7.26 7.26 7.26 7.26
2050.00 7.32 7.32 7.32 7.32 7.32 7.32 7.32 7.32 7.32 7.32 7.32 7.32 7.32 7.32 7.32 7.32 7.32 7.32 7.32 7.32 7.32 7.32 7.32
2051.00 7.51 7.51 7.51 7.51 7.51 7.51 7.51 7.51 7.51 7.51 7.51 7.51 7.51 7.51 7.51 7.51 7.51 7.51 7.51 7.51 7.51 7.51 7.51
2052.00 7.43 7.43 7.43 7.43 7.43 7.43 7.43 7.43 7.43 7.43 7.43 7.43 7.43 7.43 7.43 7.43 7.43 7.43 7.43 7.43 7.43 7.43 7.43
2053.00 7.50 7.50 7.50 7.50 7.50 7.50 7.50 7.50 7.50 7.50 7.50 7.50 7.50 7.50 7.50 7.50 7.50 7.50 7.50 7.50 7.50 7.50 7.50
2054.00 7.30 7.30 7.30 7.30 7.30 7.30 7.30 7.30 7.30 7.30 7.30 7.30 7.30 7.30 7.30 7.30 7.30 7.30 7.30 7.30 7.30 7.30 7.30
2055.00 7.55 7.55 7.55 7.55 7.55 7.55 7.55 7.55 7.55 7.55 7.55 7.55 7.55 7.55 7.55 7.55 7.55 7.55 7.55 7.55 7.55 7.55 7.55
2056.00 7.49 7.49 7.49 7.49 7.49 7.49 7.49 7.49 7.49 7.49 7.49 7.49 7.49 7.49 7.49 7.49 7.49 7.49 7.49 7.49 7.49 7.49 7.49
2057.00 7.39 7.39 7.39 7.39 7.39 7.39 7.39 7.39 7.39 7.39 7.39 7.39 7.39 7.39 7.39 7.39 7.39 7.39 7.39 7.39 7.39 7.39 7.39
2058.00 7.34 7.34 7.34 7.34 7.34 7.34 7.34 7.34 7.34 7.34 7.34 7.34 7.34 7.34 7.34 7.34 7.34 7.34 7.34 7.34 7.34 7.34 7.34
2059.00 7.49 7.49 7.49 7.49 7.49 7.49 7.49 7.49 7.49 7.49 7.49 7.49 7.49 7.49 7.49 7.49 7.49 7.49 7.49 7.49 7.49 7.49 7.49
2060.00 7.32 7.32 7.32 7.32 7.32 7.32 7.32 7.32 7.32 7.32 7.32 7.32 7.32 7.32 7.32 7.32 7.32 7.32 7.32 7.32 7.32 7.32 7.32
2061.00 7.59 7.59 7.59 7.59 7.59 7.59 7.59 7.59 7.59 7.59 7.59 7.59 7.59 7.59 7.59 7.59 7.59 7.59 7.59 7.59 7.59 7.59 7.59
2062.00 7.58 7.58 7.58 7.58 7.58 7.58 7.58 7.58 7.58 7.58 7.58 7.58 7.58 7.58 7.58 7.58 7.58 7.58 7.58 7.58 7.58 7.58 7.58
2063.00 7.45 7.45 7.45 7.45 7.45 7.45 7.45 7.45 7.45 7.45 7.45 7.45 7.45 7.45 7.45 7.45 7.45 7.45 7.45 7.45 7.45 7.45 7.45
2064.00 7.26 7.26 7.26 7.26 7.26 7.26 7.26 7.26 7.26 7.26 7.26 7.26 7.26 7.26 7.26 7.26 7.26 7.26 7.26 7.26 7.26 7.26 7.26
2065.00 7.04 7.04 7.04 7.04 7.04 7.04 7.04 7.04 7.04 7.04 7.04 7.04 7.04 7.04 7.04 7.04 7.04 7.04 7.04 7.04 7.04 7.04 7.04
