# yearspad, alpred
# [0.6  0.62 0.64 0.66 0.68 0.7  0.72 0.74 0.76 0.78 0.8  0.82 0.84 0.86
#  0.88 0.9  0.92 0.94 0.96 0.98 1.   1.02 1.04]
1922.00 0.52 0.52 0.52 0.52 0.52 0.52 0.52 0.52 0.52 0.52 0.52 0.52 0.52 0.52 0.52 0.52 0.52 0.52 0.52 0.52 0.52 0.52 0.52
1923.00 0.92 0.92 0.92 0.92 0.92 0.92 0.92 0.92 0.92 0.92 0.92 0.92 0.92 0.92 0.92 0.92 0.92 0.92 0.92 0.92 0.92 0.92 0.92
1924.00 1.32 1.32 1.32 1.32 1.32 1.32 1.32 1.32 1.32 1.32 1.32 1.32 1.32 1.32 1.32 1.32 1.32 1.32 1.32 1.32 1.32 1.32 1.32
1925.00 1.78 1.78 1.78 1.78 1.78 1.78 1.78 1.78 1.78 1.78 1.78 1.78 1.78 1.78 1.78 1.78 1.78 1.78 1.78 1.78 1.78 1.78 1.78
1926.00 1.58 1.58 1.58 1.58 1.58 1.58 1.58 1.58 1.58 1.58 1.58 1.58 1.58 1.58 1.58 1.58 1.58 1.58 1.58 1.58 1.58 1.58 1.58
1927.00 1.92 1.92 1.92 1.92 1.92 1.92 1.92 1.92 1.92 1.92 1.92 1.92 1.92 1.92 1.92 1.92 1.92 1.92 1.92 1.92 1.92 1.92 1.92
1928.00 1.93 1.93 1.93 1.93 1.93 1.93 1.93 1.93 1.93 1.93 1.93 1.93 1.93 1.93 1.93 1.93 1.93 1.93 1.93 1.93 1.93 1.93 1.93
1929.00 2.13 2.13 2.13 2.13 2.13 2.13 2.13 2.13 2.13 2.13 2.13 2.13 2.13 2.13 2.13 2.13 2.13 2.13 2.13 2.13 2.13 2.13 2.13
1930.00 2.13 2.13 2.13 2.13 2.13 2.13 2.13 2.13 2.13 2.13 2.13 2.13 2.13 2.13 2.13 2.13 2.13 2.13 2.13 2.13 2.13 2.13 2.13
1931.00 2.24 2.24 2.24 2.24 2.24 2.24 2.24 2.24 2.24 2.24 2.24 2.24 2.24 2.24 2.24 2.24 2.24 2.24 2.24 2.24 2.24 2.24 2.24
1932.00 2.14 2.14 2.14 2.14 2.14 2.14 2.14 2.14 2.14 2.14 2.14 2.14 2.14 2.14 2.14 2.14 2.14 2.14 2.14 2.14 2.14 2.14 2.14
1933.00 2.45 2.45 2.45 2.45 2.45 2.45 2.45 2.45 2.45 2.45 2.45 2.45 2.45 2.45 2.45 2.45 2.45 2.45 2.45 2.45 2.45 2.45 2.45
1934.00 2.54 2.54 2.54 2.54 2.54 2.54 2.54 2.54 2.54 2.54 2.54 2.54 2.54 2.54 2.54 2.54 2.54 2.54 2.54 2.54 2.54 2.54 2.54
1935.00 2.70 2.70 2.70 2.70 2.70 2.70 2.70 2.70 2.70 2.70 2.70 2.70 2.70 2.70 2.70 2.70 2.70 2.70 2.70 2.70 2.70 2.70 2.70
1936.00 2.31 2.31 2.31 2.31 2.31 2.31 2.31 2.31 2.31 2.31 2.31 2.31 2.31 2.31 2.31 2.31 2.31 2.31 2.31 2.31 2.31 2.31 2.31
1937.00 2.35 2.35 2.35 2.35 2.35 2.35 2.35 2.35 2.35 2.35 2.35 2.35 2.35 2.35 2.35 2.35 2.35 2.35 2.35 2.35 2.35 2.35 2.35
1938.00 2.29 2.29 2.29 2.29 2.29 2.29 2.29 2.29 2.29 2.29 2.29 2.29 2.29 2.29 2.29 2.29 2.29 2.29 2.29 2.29 2.29 2.29 2.29
1939.00 2.71 2.71 2.71 2.71 2.71 2.71 2.71 2.71 2.71 2.71 2.71 2.71 2.71 2.71 2.71 2.71 2.71 2.71 2.71 2.71 2.71 2.71 2.71
1940.00 2.42 2.42 2.42 2.42 2.42 2.42 2.42 2.42 2.42 2.42 2.42 2.42 2.42 2.42 2.42 2.42 2.42 2.42 2.42 2.42 2.42 2.42 2.42
1941.00 3.11 3.11 3.11 3.11 3.11 3.11 3.11 3.11 3.11 3.11 3.11 3.11 3.11 3.11 3.11 3.11 3.11 3.11 3.11 3.11 3.11 3.11 3.11
1942.00 3.17 3.17 3.17 3.17 3.17 3.17 3.17 3.17 3.17 3.17 3.17 3.17 3.17 3.17 3.17 3.17 3.17 3.17 3.17 3.17 3.17 3.17 3.17
1943.00 3.28 3.28 3.28 3.28 3.28 3.28 3.28 3.28 3.28 3.28 3.28 3.28 3.28 3.28 3.28 3.28 3.28 3.28 3.28 3.28 3.28 3.28 3.28
1944.00 3.17 3.17 3.17 3.17 3.17 3.17 3.17 3.17 3.17 3.17 3.17 3.17 3.17 3.17 3.17 3.17 3.17 3.17 3.17 3.17 3.17 3.17 3.17
1945.00 3.54 3.54 3.54 3.54 3.54 3.54 3.54 3.54 3.54 3.54 3.54 3.54 3.54 3.54 3.54 3.54 3.54 3.54 3.54 3.54 3.54 3.54 3.54
1946.00 3.47 3.47 3.47 3.47 3.47 3.47 3.47 3.47 3.47 3.47 3.47 3.47 3.47 3.47 3.47 3.47 3.47 3.47 3.47 3.47 3.47 3.47 3.47
1947.00 3.67 3.67 3.67 3.67 3.67 3.67 3.67 3.67 3.67 3.67 3.67 3.67 3.67 3.67 3.67 3.67 3.67 3.67 3.67 3.67 3.67 3.67 3.67
1948.00 3.76 3.76 3.76 3.76 3.76 3.76 3.76 3.76 3.76 3.76 3.76 3.76 3.76 3.76 3.76 3.76 3.76 3.76 3.76 3.76 3.76 3.76 3.76
1949.00 4.07 4.07 4.07 4.07 4.07 4.07 4.07 4.07 4.07 4.07 4.07 4.07 4.07 4.07 4.07 4.07 4.07 4.07 4.07 4.07 4.07 4.07 4.07
1950.00 4.23 4.23 4.23 4.23 4.23 4.23 4.23 4.23 4.23 4.23 4.23 4.23 4.23 4.23 4.23 4.23 4.23 4.23 4.23 4.23 4.23 4.23 4.23
1951.00 4.71 4.71 4.71 4.71 4.71 4.71 4.71 4.71 4.71 4.71 4.71 4.71 4.71 4.71 4.71 4.71 4.71 4.71 4.71 4.71 4.71 4.71 4.71
1952.00 5.09 5.09 5.09 5.09 5.09 5.09 5.09 5.09 5.09 5.09 5.09 5.09 5.09 5.09 5.09 5.09 5.09 5.09 5.09 5.09 5.09 5.09 5.09
1953.00 4.85 4.85 4.85 4.85 4.85 4.85 4.85 4.85 4.85 4.85 4.85 4.85 4.85 4.85 4.85 4.85 4.85 4.85 4.85 4.85 4.85 4.85 4.85
1954.00 3.97 3.97 3.97 3.97 3.97 3.97 3.97 3.97 3.97 3.97 3.97 3.97 3.97 3.97 3.97 3.97 3.97 3.97 3.97 3.97 3.97 3.97 3.97
1955.00 3.78 3.78 3.78 3.78 3.78 3.78 3.78 3.78 3.78 3.78 3.78 3.78 3.78 3.78 3.78 3.78 3.78 3.78 3.78 3.78 3.78 3.78 3.78
1956.00 3.75 3.75 3.75 3.75 3.75 3.75 3.75 3.75 3.75 3.75 3.75 3.75 3.75 3.75 3.75 3.75 3.75 3.75 3.75 3.75 3.75 3.75 3.75
1957.00 4.28 4.28 4.28 4.28 4.28 4.28 4.28 4.28 4.28 4.28 4.28 4.28 4.28 4.28 4.28 4.28 4.28 4.28 4.28 4.28 4.28 4.28 4.28
1958.00 4.46 4.46 4.46 4.46 4.46 4.46 4.46 4.46 4.46 4.46 4.46 4.46 4.46 4.46 4.46 4.46 4.46 4.46 4.46 4.46 4.46 4.46 4.46
1959.00 4.20 4.20 4.20 4.20 4.20 4.20 4.20 4.20 4.20 4.20 4.20 4.20 4.20 4.20 4.20 4.20 4.20 4.20 4.20 4.20 4.20 4.20 4.20
1960.00 4.09 4.09 4.09 4.09 4.09 4.09 4.09 4.09 4.09 4.09 4.09 4.09 4.09 4.09 4.09 4.09 4.09 4.09 4.09 4.09 4.09 4.09 4.09
1961.00 4.12 4.12 4.12 4.12 4.12 4.12 4.12 4.12 4.12 4.12 4.12 4.12 4.12 4.12 4.12 4.12 4.12 4.12 4.12 4.12 4.12 4.12 4.12
1962.00 4.19 4.19 4.19 4.19 4.19 4.19 4.19 4.19 4.19 4.19 4.19 4.19 4.19 4.19 4.19 4.19 4.19 4.19 4.19 4.19 4.19 4.19 4.19
1963.00 4.29 4.29 4.29 4.29 4.29 4.29 4.29 4.29 4.29 4.29 4.29 4.29 4.29 4.29 4.29 4.29 4.29 4.29 4.29 4.29 4.29 4.29 4.29
1964.00 4.46 4.46 4.46 4.46 4.46 4.46 4.46 4.46 4.46 4.46 4.46 4.46 4.46 4.46 4.46 4.46 4.46 4.46 4.46 4.46 4.46 4.46 4.46
1965.00 4.30 4.30 4.30 4.30 4.30 4.30 4.30 4.30 4.30 4.30 4.30 4.30 4.30 4.30 4.30 4.30 4.30 4.30 4.30 4.30 4.30 4.30 4.30
1966.00 4.65 4.65 4.65 4.65 4.65 4.65 4.65 4.65 4.65 4.65 4.65 4.65 4.65 4.65 4.65 4.65 4.65 4.65 4.65 4.65 4.65 4.65 4.65
1967.00 4.90 4.90 4.90 4.90 4.90 4.90 4.90 4.90 4.90 4.90 4.90 4.90 4.90 4.90 4.90 4.90 4.90 4.90 4.90 4.90 4.90 4.90 4.90
1968.00 4.91 4.91 4.91 4.91 4.91 4.91 4.91 4.91 4.91 4.91 4.91 4.91 4.91 4.91 4.91 4.91 4.91 4.91 4.91 4.91 4.91 4.91 4.91
1969.00 4.18 4.18 4.18 4.18 4.18 4.18 4.18 4.18 4.18 4.18 4.18 4.18 4.18 4.18 4.18 4.18 4.18 4.18 4.18 4.18 4.18 4.18 4.18
1970.00 124.78 124.78 124.78 124.78 124.78 124.78 124.78 124.78 124.78 124.78 124.78 124.78 124.78 124.78 124.78 124.78 124.78 124.78 124.78 124.78 124.78 124.78 124.78
1971.00 125.56 125.56 125.56 125.56 125.56 125.56 125.56 125.56 125.56 125.56 125.56 125.56 125.56 125.56 125.56 125.56 125.56 125.56 125.56 125.56 125.56 125.56 125.56
1972.00 126.61 126.61 126.61 126.61 126.61 126.61 126.61 126.61 126.61 126.61 126.61 126.61 126.61 126.61 126.61 126.61 126.61 126.61 126.61 126.61 126.61 126.61 126.61
1973.00 124.52 124.52 124.52 124.52 124.52 124.52 124.52 124.52 124.52 124.52 124.52 124.52 124.52 124.52 124.52 124.52 124.52 124.52 124.52 124.52 124.52 124.52 124.52
1974.00 131.81 131.81 131.81 131.81 131.81 131.81 131.81 131.81 131.81 131.81 131.81 131.81 131.81 131.81 131.81 131.81 131.81 131.81 131.81 131.81 131.81 131.81 131.81
1975.00 131.80 131.80 131.80 131.80 131.80 131.80 131.80 131.80 131.80 131.80 131.80 131.80 131.80 131.80 131.80 131.80 131.80 131.80 131.80 131.80 131.80 131.80 131.80
1976.00 134.43 134.43 134.43 134.43 134.43 134.43 134.43 134.43 134.43 134.43 134.43 134.43 134.43 134.43 134.43 134.43 134.43 134.43 134.43 134.43 134.43 134.43 134.43
1977.00 134.04 134.04 134.04 134.04 134.04 134.04 134.04 134.04 134.04 134.04 134.04 134.04 134.04 134.04 134.04 134.04 134.04 134.04 134.04 134.04 134.04 134.04 134.04
1978.00 136.67 136.67 136.67 136.67 136.67 136.67 136.67 136.67 136.67 136.67 136.67 136.67 136.67 136.67 136.67 136.67 136.67 136.67 136.67 136.67 136.67 136.67 136.67
1979.00 135.27 135.27 135.27 135.27 135.27 135.27 135.27 135.27 135.27 135.27 135.27 135.27 135.27 135.27 135.27 135.27 135.27 135.27 135.27 135.27 135.27 135.27 135.27
1980.00 135.18 135.18 135.18 135.18 135.18 135.18 135.18 135.18 135.18 135.18 135.18 135.18 135.18 135.18 135.18 135.18 135.18 135.18 135.18 135.18 135.18 135.18 135.18
1981.00 133.03 133.03 133.03 133.03 133.03 133.03 133.03 133.03 133.03 133.03 133.03 133.03 133.03 133.03 133.03 133.03 133.03 133.03 133.03 133.03 133.03 133.03 133.03
1982.00 130.75 130.75 130.75 130.75 130.75 130.75 130.75 130.75 130.75 130.75 130.75 130.75 130.75 130.75 130.75 130.75 130.75 130.75 130.75 130.75 130.75 130.75 130.75
1983.00 127.89 127.89 127.89 127.89 127.89 127.89 127.89 127.89 127.89 127.89 127.89 127.89 127.89 127.89 127.89 127.89 127.89 127.89 127.89 127.89 127.89 127.89 127.89
1984.00 123.97 123.97 123.97 123.97 123.97 123.97 123.97 123.97 123.97 123.97 123.97 123.97 123.97 123.97 123.97 123.97 123.97 123.97 123.97 123.97 123.97 123.97 123.97
1985.00 121.59 121.59 121.59 121.59 121.59 121.59 121.59 121.59 121.59 121.59 121.59 121.59 121.59 121.59 121.59 121.59 121.59 121.59 121.59 121.59 121.59 121.59 121.59
1986.00 118.13 118.13 118.13 118.13 118.13 118.13 118.13 118.13 118.13 118.13 118.13 118.13 118.13 118.13 118.13 118.13 118.13 118.13 118.13 118.13 118.13 118.13 118.13
1987.00 109.58 109.58 109.58 109.58 109.58 109.58 109.58 109.58 109.58 109.58 109.58 109.58 109.58 109.58 109.58 109.58 109.58 109.58 109.58 109.58 109.58 109.58 109.58
1988.00 60.97 63.18 65.39 67.60 69.81 72.02 74.23 76.45 78.66 80.87 83.08 85.29 87.50 89.71 91.93 94.14 96.35 98.56 100.77 102.98 105.20 107.41 109.62
1989.00 57.71 59.84 61.98 64.11 66.24 68.38 70.51 72.65 74.78 76.91 79.05 81.18 83.31 85.45 87.58 89.72 91.85 93.98 96.12 98.25 100.38 102.52 104.65
1990.00 55.23 57.28 59.33 61.38 63.43 65.48 67.53 69.58 71.63 73.68 75.73 77.78 79.83 81.88 83.93 85.98 88.04 90.09 92.14 94.19 96.24 98.29 100.34
1991.00 53.76 55.76 57.77 59.77 61.78 63.78 65.78 67.79 69.79 71.79 73.80 75.80 77.81 79.81 81.81 83.82 85.82 87.82 89.83 91.83 93.84 95.84 97.84
1992.00 53.11 55.09 57.07 59.05 61.03 63.01 64.99 66.97 68.95 70.93 72.91 74.89 76.87 78.85 80.83 82.81 84.79 86.78 88.76 90.74 92.72 94.70 96.68
1993.00 52.31 54.26 56.21 58.16 60.11 62.07 64.02 65.97 67.92 69.87 71.82 73.77 75.72 77.67 79.62 81.57 83.52 85.47 87.42 89.37 91.32 93.27 95.22
1994.00 51.93 53.85 55.78 57.70 59.63 61.55 63.48 65.40 67.32 69.25 71.17 73.10 75.02 76.95 78.87 80.80 82.72 84.65 86.57 88.50 90.42 92.34 94.27
1995.00 52.24 54.16 56.09 58.01 59.93 61.86 63.78 65.70 67.63 69.55 71.47 73.40 75.32 77.25 79.17 81.09 83.02 84.94 86.86 88.79 90.71 92.63 94.56
1996.00 51.76 53.65 55.53 57.41 59.30 61.18 63.06 64.95 66.83 68.71 70.60 72.48 74.36 76.25 78.13 80.01 81.90 83.78 85.66 87.55 89.43 91.31 93.20
1997.00 51.41 53.28 55.16 57.03 58.90 60.78 62.65 64.53 66.40 68.28 70.15 72.03 73.90 75.78 77.65 79.52 81.40 83.27 85.15 87.02 88.90 90.77 92.65
1998.00 50.00 51.85 53.70 55.54 57.39 59.23 61.08 62.93 64.77 66.62 68.46 70.31 72.16 74.00 75.85 77.69 79.54 81.39 83.23 85.08 86.92 88.77 90.62
1999.00 47.96 49.75 51.53 53.32 55.10 56.89 58.67 60.46 62.24 64.03 65.81 67.60 69.38 71.17 72.95 74.74 76.52 78.31 80.09 81.88 83.66 85.45 87.23
2000.00 45.25 46.93 48.61 50.29 51.97 53.66 55.34 57.02 58.70 60.38 62.06 63.74 65.43 67.11 68.79 70.47 72.15 73.83 75.52 77.20 78.88 80.56 82.24
2001.00 43.86 45.49 47.11 48.73 50.36 51.98 53.61 55.23 56.86 58.48 60.10 61.73 63.35 64.98 66.60 68.23 69.85 71.47 73.10 74.72 76.35 77.97 79.60
2002.00 43.04 44.63 46.21 47.80 49.39 50.97 52.56 54.15 55.74 57.32 58.91 60.50 62.09 63.67 65.26 66.85 68.44 70.02 71.61 73.20 74.78 76.37 77.96
2003.00 42.41 43.98 45.54 47.11 48.68 50.25 51.81 53.38 54.95 56.51 58.08 59.65 61.21 62.78 64.35 65.92 67.48 69.05 70.62 72.18 73.75 75.32 76.88
2004.00 38.87 40.33 41.79 43.25 44.71 46.17 47.63 49.09 50.55 52.01 53.47 54.93 56.39 57.85 59.31 60.77 62.23 63.69 65.15 66.61 68.08 69.54 71.00
2005.00 38.16 39.60 41.04 42.48 43.91 45.35 46.79 48.22 49.66 51.10 52.54 53.97 55.41 56.85 58.29 59.72 61.16 62.60 64.03 65.47 66.91 68.35 69.78
2006.00 36.91 38.31 39.71 41.11 42.51 43.91 45.31 46.71 48.10 49.50 50.90 52.30 53.70 55.10 56.50 57.90 59.30 60.70 62.10 63.50 64.90 66.30 67.69
2007.00 36.15 37.51 38.86 40.22 41.58 42.94 44.30 45.66 47.01 48.37 49.73 51.09 52.45 53.81 55.16 56.52 57.88 59.24 60.60 61.96 63.31 64.67 66.03
2008.00 33.21 34.48 35.74 37.01 38.27 39.54 40.81 42.07 43.34 44.60 45.87 47.13 48.40 49.67 50.93 52.20 53.46 54.73 56.00 57.26 58.53 59.79 61.06
2009.00 31.50 32.71 33.91 35.11 36.32 37.52 38.72 39.93 41.13 42.33 43.54 44.74 45.94 47.15 48.35 49.55 50.76 51.96 53.16 54.37 55.57 56.77 57.98
2010.00 28.60 29.69 30.78 31.87 32.96 34.05 35.14 36.23 37.32 38.41 39.49 40.58 41.67 42.76 43.85 44.94 46.03 47.12 48.21 49.30 50.39 51.48 52.57
2011.00 28.37 29.42 30.48 31.53 32.58 33.64 34.69 35.75 36.80 37.85 38.91 39.96 41.01 42.07 43.12 44.17 45.23 46.28 47.34 48.39 49.44 50.50 51.55
2012.00 27.46 28.47 29.49 30.51 31.53 32.55 33.57 34.58 35.60 36.62 37.64 38.66 39.67 40.69 41.71 42.73 43.75 44.76 45.78 46.80 47.82 48.84 49.85
2013.00 26.57 27.56 28.54 29.53 30.51 31.50 32.49 33.47 34.46 35.44 36.43 37.41 38.40 39.38 40.37 41.35 42.34 43.33 44.31 45.30 46.28 47.27 48.25
2014.00 25.01 25.95 26.89 27.83 28.77 29.71 30.64 31.58 32.52 33.46 34.40 35.34 36.28 37.22 38.16 39.10 40.04 40.98 41.92 42.86 43.80 44.73 45.67
2015.00 25.02 25.95 26.88 27.81 28.74 29.68 30.61 31.54 32.47 33.40 34.34 35.27 36.20 37.13 38.06 39.00 39.93 40.86 41.79 42.72 43.66 44.59 45.52
2016.00 24.36 25.27 26.18 27.09 28.00 28.90 29.81 30.72 31.63 32.53 33.44 34.35 35.26 36.17 37.07 37.98 38.89 39.80 40.71 41.61 42.52 43.43 44.34
2017.00 23.96 24.84 25.72 26.60 27.47 28.35 29.23 30.10 30.98 31.86 32.73 33.61 34.49 35.37 36.24 37.12 38.00 38.87 39.75 40.63 41.50 42.38 43.26
2018.00 -2.02 -2.02 -2.02 -2.02 -2.02 -2.02 -2.02 -2.02 -2.02 -2.02 -2.02 -2.02 -2.02 -2.02 -2.02 -2.02 -2.02 -2.02 -2.02 -2.02 -2.02 -2.02 -2.02
2019.00 -1.62 -1.62 -1.62 -1.62 -1.62 -1.62 -1.62 -1.62 -1.62 -1.62 -1.62 -1.62 -1.62 -1.62 -1.62 -1.62 -1.62 -1.62 -1.62 -1.62 -1.62 -1.62 -1.62
2020.00 -1.85 -1.85 -1.85 -1.85 -1.85 -1.85 -1.85 -1.85 -1.85 -1.85 -1.85 -1.85 -1.85 -1.85 -1.85 -1.85 -1.85 -1.85 -1.85 -1.85 -1.85 -1.85 -1.85
2021.00 -1.39 -1.39 -1.39 -1.39 -1.39 -1.39 -1.39 -1.39 -1.39 -1.39 -1.39 -1.39 -1.39 -1.39 -1.39 -1.39 -1.39 -1.39 -1.39 -1.39 -1.39 -1.39 -1.39
2022.00 -1.66 -1.66 -1.66 -1.66 -1.66 -1.66 -1.66 -1.66 -1.66 -1.66 -1.66 -1.66 -1.66 -1.66 -1.66 -1.66 -1.66 -1.66 -1.66 -1.66 -1.66 -1.66 -1.66
2023.00 -1.44 -1.44 -1.44 -1.44 -1.44 -1.44 -1.44 -1.44 -1.44 -1.44 -1.44 -1.44 -1.44 -1.44 -1.44 -1.44 -1.44 -1.44 -1.44 -1.44 -1.44 -1.44 -1.44
2024.00 -1.42 -1.42 -1.42 -1.42 -1.42 -1.42 -1.42 -1.42 -1.42 -1.42 -1.42 -1.42 -1.42 -1.42 -1.42 -1.42 -1.42 -1.42 -1.42 -1.42 -1.42 -1.42 -1.42
2025.00 -1.27 -1.27 -1.27 -1.27 -1.27 -1.27 -1.27 -1.27 -1.27 -1.27 -1.27 -1.27 -1.27 -1.27 -1.27 -1.27 -1.27 -1.27 -1.27 -1.27 -1.27 -1.27 -1.27
2026.00 -1.68 -1.68 -1.68 -1.68 -1.68 -1.68 -1.68 -1.68 -1.68 -1.68 -1.68 -1.68 -1.68 -1.68 -1.68 -1.68 -1.68 -1.68 -1.68 -1.68 -1.68 -1.68 -1.68
2027.00 -1.49 -1.49 -1.49 -1.49 -1.49 -1.49 -1.49 -1.49 -1.49 -1.49 -1.49 -1.49 -1.49 -1.49 -1.49 -1.49 -1.49 -1.49 -1.49 -1.49 -1.49 -1.49 -1.49
2028.00 -1.31 -1.31 -1.31 -1.31 -1.31 -1.31 -1.31 -1.31 -1.31 -1.31 -1.31 -1.31 -1.31 -1.31 -1.31 -1.31 -1.31 -1.31 -1.31 -1.31 -1.31 -1.31 -1.31
2029.00 -0.91 -0.91 -0.91 -0.91 -0.91 -0.91 -0.91 -0.91 -0.91 -0.91 -0.91 -0.91 -0.91 -0.91 -0.91 -0.91 -0.91 -0.91 -0.91 -0.91 -0.91 -0.91 -0.91
2030.00 -0.88 -0.88 -0.88 -0.88 -0.88 -0.88 -0.88 -0.88 -0.88 -0.88 -0.88 -0.88 -0.88 -0.88 -0.88 -0.88 -0.88 -0.88 -0.88 -0.88 -0.88 -0.88 -0.88
2031.00 -0.87 -0.87 -0.87 -0.87 -0.87 -0.87 -0.87 -0.87 -0.87 -0.87 -0.87 -0.87 -0.87 -0.87 -0.87 -0.87 -0.87 -0.87 -0.87 -0.87 -0.87 -0.87 -0.87
2032.00 -0.93 -0.93 -0.93 -0.93 -0.93 -0.93 -0.93 -0.93 -0.93 -0.93 -0.93 -0.93 -0.93 -0.93 -0.93 -0.93 -0.93 -0.93 -0.93 -0.93 -0.93 -0.93 -0.93
2033.00 -0.60 -0.60 -0.60 -0.60 -0.60 -0.60 -0.60 -0.60 -0.60 -0.60 -0.60 -0.60 -0.60 -0.60 -0.60 -0.60 -0.60 -0.60 -0.60 -0.60 -0.60 -0.60 -0.60
2034.00 -0.48 -0.48 -0.48 -0.48 -0.48 -0.48 -0.48 -0.48 -0.48 -0.48 -0.48 -0.48 -0.48 -0.48 -0.48 -0.48 -0.48 -0.48 -0.48 -0.48 -0.48 -0.48 -0.48
2035.00 0.13 0.13 0.13 0.13 0.13 0.13 0.13 0.13 0.13 0.13 0.13 0.13 0.13 0.13 0.13 0.13 0.13 0.13 0.13 0.13 0.13 0.13 0.13
2036.00 0.08 0.08 0.08 0.08 0.08 0.08 0.08 0.08 0.08 0.08 0.08 0.08 0.08 0.08 0.08 0.08 0.08 0.08 0.08 0.08 0.08 0.08 0.08
2037.00 0.20 0.20 0.20 0.20 0.20 0.20 0.20 0.20 0.20 0.20 0.20 0.20 0.20 0.20 0.20 0.20 0.20 0.20 0.20 0.20 0.20 0.20 0.20
2038.00 0.15 0.15 0.15 0.15 0.15 0.15 0.15 0.15 0.15 0.15 0.15 0.15 0.15 0.15 0.15 0.15 0.15 0.15 0.15 0.15 0.15 0.15 0.15
2039.00 0.34 0.34 0.34 0.34 0.34 0.34 0.34 0.34 0.34 0.34 0.34 0.34 0.34 0.34 0.34 0.34 0.34 0.34 0.34 0.34 0.34 0.34 0.34
2040.00 0.26 0.26 0.26 0.26 0.26 0.26 0.26 0.26 0.26 0.26 0.26 0.26 0.26 0.26 0.26 0.26 0.26 0.26 0.26 0.26 0.26 0.26 0.26
2041.00 0.30 0.30 0.30 0.30 0.30 0.30 0.30 0.30 0.30 0.30 0.30 0.30 0.30 0.30 0.30 0.30 0.30 0.30 0.30 0.30 0.30 0.30 0.30
2042.00 0.20 0.20 0.20 0.20 0.20 0.20 0.20 0.20 0.20 0.20 0.20 0.20 0.20 0.20 0.20 0.20 0.20 0.20 0.20 0.20 0.20 0.20 0.20
2043.00 0.49 0.49 0.49 0.49 0.49 0.49 0.49 0.49 0.49 0.49 0.49 0.49 0.49 0.49 0.49 0.49 0.49 0.49 0.49 0.49 0.49 0.49 0.49
2044.00 0.40 0.40 0.40 0.40 0.40 0.40 0.40 0.40 0.40 0.40 0.40 0.40 0.40 0.40 0.40 0.40 0.40 0.40 0.40 0.40 0.40 0.40 0.40
2045.00 0.55 0.55 0.55 0.55 0.55 0.55 0.55 0.55 0.55 0.55 0.55 0.55 0.55 0.55 0.55 0.55 0.55 0.55 0.55 0.55 0.55 0.55 0.55
2046.00 0.57 0.57 0.57 0.57 0.57 0.57 0.57 0.57 0.57 0.57 0.57 0.57 0.57 0.57 0.57 0.57 0.57 0.57 0.57 0.57 0.57 0.57 0.57
2047.00 0.60 0.60 0.60 0.60 0.60 0.60 0.60 0.60 0.60 0.60 0.60 0.60 0.60 0.60 0.60 0.60 0.60 0.60 0.60 0.60 0.60 0.60 0.60
2048.00 0.39 0.39 0.39 0.39 0.39 0.39 0.39 0.39 0.39 0.39 0.39 0.39 0.39 0.39 0.39 0.39 0.39 0.39 0.39 0.39 0.39 0.39 0.39
2049.00 0.53 0.53 0.53 0.53 0.53 0.53 0.53 0.53 0.53 0.53 0.53 0.53 0.53 0.53 0.53 0.53 0.53 0.53 0.53 0.53 0.53 0.53 0.53
2050.00 0.38 0.38 0.38 0.38 0.38 0.38 0.38 0.38 0.38 0.38 0.38 0.38 0.38 0.38 0.38 0.38 0.38 0.38 0.38 0.38 0.38 0.38 0.38
2051.00 0.43 0.43 0.43 0.43 0.43 0.43 0.43 0.43 0.43 0.43 0.43 0.43 0.43 0.43 0.43 0.43 0.43 0.43 0.43 0.43 0.43 0.43 0.43
2052.00 0.23 0.23 0.23 0.23 0.23 0.23 0.23 0.23 0.23 0.23 0.23 0.23 0.23 0.23 0.23 0.23 0.23 0.23 0.23 0.23 0.23 0.23 0.23
2053.00 0.34 0.34 0.34 0.34 0.34 0.34 0.34 0.34 0.34 0.34 0.34 0.34 0.34 0.34 0.34 0.34 0.34 0.34 0.34 0.34 0.34 0.34 0.34
2054.00 0.21 0.21 0.21 0.21 0.21 0.21 0.21 0.21 0.21 0.21 0.21 0.21 0.21 0.21 0.21 0.21 0.21 0.21 0.21 0.21 0.21 0.21 0.21
2055.00 0.32 0.32 0.32 0.32 0.32 0.32 0.32 0.32 0.32 0.32 0.32 0.32 0.32 0.32 0.32 0.32 0.32 0.32 0.32 0.32 0.32 0.32 0.32
2056.00 0.16 0.16 0.16 0.16 0.16 0.16 0.16 0.16 0.16 0.16 0.16 0.16 0.16 0.16 0.16 0.16 0.16 0.16 0.16 0.16 0.16 0.16 0.16
2057.00 0.36 0.36 0.36 0.36 0.36 0.36 0.36 0.36 0.36 0.36 0.36 0.36 0.36 0.36 0.36 0.36 0.36 0.36 0.36 0.36 0.36 0.36 0.36
2058.00 0.36 0.36 0.36 0.36 0.36 0.36 0.36 0.36 0.36 0.36 0.36 0.36 0.36 0.36 0.36 0.36 0.36 0.36 0.36 0.36 0.36 0.36 0.36
2059.00 0.40 0.40 0.40 0.40 0.40 0.40 0.40 0.40 0.40 0.40 0.40 0.40 0.40 0.40 0.40 0.40 0.40 0.40 0.40 0.40 0.40 0.40 0.40
2060.00 0.30 0.30 0.30 0.30 0.30 0.30 0.30 0.30 0.30 0.30 0.30 0.30 0.30 0.30 0.30 0.30 0.30 0.30 0.30 0.30 0.30 0.30 0.30
2061.00 0.53 0.53 0.53 0.53 0.53 0.53 0.53 0.53 0.53 0.53 0.53 0.53 0.53 0.53 0.53 0.53 0.53 0.53 0.53 0.53 0.53 0.53 0.53
2062.00 0.38 0.38 0.38 0.38 0.38 0.38 0.38 0.38 0.38 0.38 0.38 0.38 0.38 0.38 0.38 0.38 0.38 0.38 0.38 0.38 0.38 0.38 0.38
2063.00 0.51 0.51 0.51 0.51 0.51 0.51 0.51 0.51 0.51 0.51 0.51 0.51 0.51 0.51 0.51 0.51 0.51 0.51 0.51 0.51 0.51 0.51 0.51
2064.00 0.48 0.48 0.48 0.48 0.48 0.48 0.48 0.48 0.48 0.48 0.48 0.48 0.48 0.48 0.48 0.48 0.48 0.48 0.48 0.48 0.48 0.48 0.48
2065.00 0.58 0.58 0.58 0.58 0.58 0.58 0.58 0.58 0.58 0.58 0.58 0.58 0.58 0.58 0.58 0.58 0.58 0.58 0.58 0.58 0.58 0.58 0.58
