# yearspad, alpred
# [0.6  0.62 0.64 0.66 0.68 0.7  0.72 0.74 0.76 0.78 0.8  0.82 0.84 0.86
#  0.88 0.9  0.92 0.94 0.96 0.98 1.   1.02 1.04]
1922.00 -5.78 -5.78 -5.78 -5.78 -5.78 -5.78 -5.78 -5.78 -5.78 -5.78 -5.78 -5.78 -5.78 -5.78 -5.78 -5.78 -5.78 -5.78 -5.78 -5.78 -5.78 -5.78 -5.78
1923.00 -6.15 -6.15 -6.15 -6.15 -6.15 -6.15 -6.15 -6.15 -6.15 -6.15 -6.15 -6.15 -6.15 -6.15 -6.15 -6.15 -6.15 -6.15 -6.15 -6.15 -6.15 -6.15 -6.15
1924.00 -6.83 -6.83 -6.83 -6.83 -6.83 -6.83 -6.83 -6.83 -6.83 -6.83 -6.83 -6.83 -6.83 -6.83 -6.83 -6.83 -6.83 -6.83 -6.83 -6.83 -6.83 -6.83 -6.83
1925.00 -7.33 -7.33 -7.33 -7.33 -7.33 -7.33 -7.33 -7.33 -7.33 -7.33 -7.33 -7.33 -7.33 -7.33 -7.33 -7.33 -7.33 -7.33 -7.33 -7.33 -7.33 -7.33 -7.33
1926.00 -7.46 -7.46 -7.46 -7.46 -7.46 -7.46 -7.46 -7.46 -7.46 -7.46 -7.46 -7.46 -7.46 -7.46 -7.46 -7.46 -7.46 -7.46 -7.46 -7.46 -7.46 -7.46 -7.46
1927.00 -7.68 -7.68 -7.68 -7.68 -7.68 -7.68 -7.68 -7.68 -7.68 -7.68 -7.68 -7.68 -7.68 -7.68 -7.68 -7.68 -7.68 -7.68 -7.68 -7.68 -7.68 -7.68 -7.68
1928.00 -7.93 -7.93 -7.93 -7.93 -7.93 -7.93 -7.93 -7.93 -7.93 -7.93 -7.93 -7.93 -7.93 -7.93 -7.93 -7.93 -7.93 -7.93 -7.93 -7.93 -7.93 -7.93 -7.93
1929.00 -8.14 -8.14 -8.14 -8.14 -8.14 -8.14 -8.14 -8.14 -8.14 -8.14 -8.14 -8.14 -8.14 -8.14 -8.14 -8.14 -8.14 -8.14 -8.14 -8.14 -8.14 -8.14 -8.14
1930.00 -6.89 -6.89 -6.89 -6.89 -6.89 -6.89 -6.89 -6.89 -6.89 -6.89 -6.89 -6.89 -6.89 -6.89 -6.89 -6.89 -6.89 -6.89 -6.89 -6.89 -6.89 -6.89 -6.89
1931.00 -6.95 -6.95 -6.95 -6.95 -6.95 -6.95 -6.95 -6.95 -6.95 -6.95 -6.95 -6.95 -6.95 -6.95 -6.95 -6.95 -6.95 -6.95 -6.95 -6.95 -6.95 -6.95 -6.95
1932.00 -6.27 -6.27 -6.27 -6.27 -6.27 -6.27 -6.27 -6.27 -6.27 -6.27 -6.27 -6.27 -6.27 -6.27 -6.27 -6.27 -6.27 -6.27 -6.27 -6.27 -6.27 -6.27 -6.27
1933.00 -6.02 -6.02 -6.02 -6.02 -6.02 -6.02 -6.02 -6.02 -6.02 -6.02 -6.02 -6.02 -6.02 -6.02 -6.02 -6.02 -6.02 -6.02 -6.02 -6.02 -6.02 -6.02 -6.02
1934.00 -6.46 -6.46 -6.46 -6.46 -6.46 -6.46 -6.46 -6.46 -6.46 -6.46 -6.46 -6.46 -6.46 -6.46 -6.46 -6.46 -6.46 -6.46 -6.46 -6.46 -6.46 -6.46 -6.46
1935.00 -6.28 -6.28 -6.28 -6.28 -6.28 -6.28 -6.28 -6.28 -6.28 -6.28 -6.28 -6.28 -6.28 -6.28 -6.28 -6.28 -6.28 -6.28 -6.28 -6.28 -6.28 -6.28 -6.28
1936.00 -5.69 -5.69 -5.69 -5.69 -5.69 -5.69 -5.69 -5.69 -5.69 -5.69 -5.69 -5.69 -5.69 -5.69 -5.69 -5.69 -5.69 -5.69 -5.69 -5.69 -5.69 -5.69 -5.69
1937.00 -5.49 -5.49 -5.49 -5.49 -5.49 -5.49 -5.49 -5.49 -5.49 -5.49 -5.49 -5.49 -5.49 -5.49 -5.49 -5.49 -5.49 -5.49 -5.49 -5.49 -5.49 -5.49 -5.49
1938.00 -5.02 -5.02 -5.02 -5.02 -5.02 -5.02 -5.02 -5.02 -5.02 -5.02 -5.02 -5.02 -5.02 -5.02 -5.02 -5.02 -5.02 -5.02 -5.02 -5.02 -5.02 -5.02 -5.02
1939.00 -4.96 -4.96 -4.96 -4.96 -4.96 -4.96 -4.96 -4.96 -4.96 -4.96 -4.96 -4.96 -4.96 -4.96 -4.96 -4.96 -4.96 -4.96 -4.96 -4.96 -4.96 -4.96 -4.96
1940.00 -3.70 -3.70 -3.70 -3.70 -3.70 -3.70 -3.70 -3.70 -3.70 -3.70 -3.70 -3.70 -3.70 -3.70 -3.70 -3.70 -3.70 -3.70 -3.70 -3.70 -3.70 -3.70 -3.70
1941.00 -3.58 -3.58 -3.58 -3.58 -3.58 -3.58 -3.58 -3.58 -3.58 -3.58 -3.58 -3.58 -3.58 -3.58 -3.58 -3.58 -3.58 -3.58 -3.58 -3.58 -3.58 -3.58 -3.58
1942.00 -3.12 -3.12 -3.12 -3.12 -3.12 -3.12 -3.12 -3.12 -3.12 -3.12 -3.12 -3.12 -3.12 -3.12 -3.12 -3.12 -3.12 -3.12 -3.12 -3.12 -3.12 -3.12 -3.12
1943.00 -3.11 -3.11 -3.11 -3.11 -3.11 -3.11 -3.11 -3.11 -3.11 -3.11 -3.11 -3.11 -3.11 -3.11 -3.11 -3.11 -3.11 -3.11 -3.11 -3.11 -3.11 -3.11 -3.11
1944.00 -1.96 -1.96 -1.96 -1.96 -1.96 -1.96 -1.96 -1.96 -1.96 -1.96 -1.96 -1.96 -1.96 -1.96 -1.96 -1.96 -1.96 -1.96 -1.96 -1.96 -1.96 -1.96 -1.96
1945.00 -3.05 -3.05 -3.05 -3.05 -3.05 -3.05 -3.05 -3.05 -3.05 -3.05 -3.05 -3.05 -3.05 -3.05 -3.05 -3.05 -3.05 -3.05 -3.05 -3.05 -3.05 -3.05 -3.05
1946.00 -2.42 -2.42 -2.42 -2.42 -2.42 -2.42 -2.42 -2.42 -2.42 -2.42 -2.42 -2.42 -2.42 -2.42 -2.42 -2.42 -2.42 -2.42 -2.42 -2.42 -2.42 -2.42 -2.42
1947.00 -2.11 -2.11 -2.11 -2.11 -2.11 -2.11 -2.11 -2.11 -2.11 -2.11 -2.11 -2.11 -2.11 -2.11 -2.11 -2.11 -2.11 -2.11 -2.11 -2.11 -2.11 -2.11 -2.11
1948.00 -1.04 -1.04 -1.04 -1.04 -1.04 -1.04 -1.04 -1.04 -1.04 -1.04 -1.04 -1.04 -1.04 -1.04 -1.04 -1.04 -1.04 -1.04 -1.04 -1.04 -1.04 -1.04 -1.04
1949.00 -0.75 -0.75 -0.75 -0.75 -0.75 -0.75 -0.75 -0.75 -0.75 -0.75 -0.75 -0.75 -0.75 -0.75 -0.75 -0.75 -0.75 -0.75 -0.75 -0.75 -0.75 -0.75 -0.75
1950.00 -0.29 -0.29 -0.29 -0.29 -0.29 -0.29 -0.29 -0.29 -0.29 -0.29 -0.29 -0.29 -0.29 -0.29 -0.29 -0.29 -0.29 -0.29 -0.29 -0.29 -0.29 -0.29 -0.29
1951.00 0.11 0.11 0.11 0.11 0.11 0.11 0.11 0.11 0.11 0.11 0.11 0.11 0.11 0.11 0.11 0.11 0.11 0.11 0.11 0.11 0.11 0.11 0.11
1952.00 -0.89 -0.89 -0.89 -0.89 -0.89 -0.89 -0.89 -0.89 -0.89 -0.89 -0.89 -0.89 -0.89 -0.89 -0.89 -0.89 -0.89 -0.89 -0.89 -0.89 -0.89 -0.89 -0.89
1953.00 0.25 0.25 0.25 0.25 0.25 0.25 0.25 0.25 0.25 0.25 0.25 0.25 0.25 0.25 0.25 0.25 0.25 0.25 0.25 0.25 0.25 0.25 0.25
1954.00 1.37 1.37 1.37 1.37 1.37 1.37 1.37 1.37 1.37 1.37 1.37 1.37 1.37 1.37 1.37 1.37 1.37 1.37 1.37 1.37 1.37 1.37 1.37
1955.00 2.93 2.93 2.93 2.93 2.93 2.93 2.93 2.93 2.93 2.93 2.93 2.93 2.93 2.93 2.93 2.93 2.93 2.93 2.93 2.93 2.93 2.93 2.93
1956.00 3.08 3.08 3.08 3.08 3.08 3.08 3.08 3.08 3.08 3.08 3.08 3.08 3.08 3.08 3.08 3.08 3.08 3.08 3.08 3.08 3.08 3.08 3.08
1957.00 4.27 4.27 4.27 4.27 4.27 4.27 4.27 4.27 4.27 4.27 4.27 4.27 4.27 4.27 4.27 4.27 4.27 4.27 4.27 4.27 4.27 4.27 4.27
1958.00 5.18 5.18 5.18 5.18 5.18 5.18 5.18 5.18 5.18 5.18 5.18 5.18 5.18 5.18 5.18 5.18 5.18 5.18 5.18 5.18 5.18 5.18 5.18
1959.00 5.81 5.81 5.81 5.81 5.81 5.81 5.81 5.81 5.81 5.81 5.81 5.81 5.81 5.81 5.81 5.81 5.81 5.81 5.81 5.81 5.81 5.81 5.81
1960.00 6.64 6.64 6.64 6.64 6.64 6.64 6.64 6.64 6.64 6.64 6.64 6.64 6.64 6.64 6.64 6.64 6.64 6.64 6.64 6.64 6.64 6.64 6.64
1961.00 6.39 6.39 6.39 6.39 6.39 6.39 6.39 6.39 6.39 6.39 6.39 6.39 6.39 6.39 6.39 6.39 6.39 6.39 6.39 6.39 6.39 6.39 6.39
1962.00 6.07 6.07 6.07 6.07 6.07 6.07 6.07 6.07 6.07 6.07 6.07 6.07 6.07 6.07 6.07 6.07 6.07 6.07 6.07 6.07 6.07 6.07 6.07
1963.00 7.04 7.04 7.04 7.04 7.04 7.04 7.04 7.04 7.04 7.04 7.04 7.04 7.04 7.04 7.04 7.04 7.04 7.04 7.04 7.04 7.04 7.04 7.04
1964.00 8.02 8.02 8.02 8.02 8.02 8.02 8.02 8.02 8.02 8.02 8.02 8.02 8.02 8.02 8.02 8.02 8.02 8.02 8.02 8.02 8.02 8.02 8.02
1965.00 8.38 8.38 8.38 8.38 8.38 8.38 8.38 8.38 8.38 8.38 8.38 8.38 8.38 8.38 8.38 8.38 8.38 8.38 8.38 8.38 8.38 8.38 8.38
1966.00 9.36 9.36 9.36 9.36 9.36 9.36 9.36 9.36 9.36 9.36 9.36 9.36 9.36 9.36 9.36 9.36 9.36 9.36 9.36 9.36 9.36 9.36 9.36
1967.00 9.81 9.81 9.81 9.81 9.81 9.81 9.81 9.81 9.81 9.81 9.81 9.81 9.81 9.81 9.81 9.81 9.81 9.81 9.81 9.81 9.81 9.81 9.81
1968.00 10.10 10.10 10.10 10.10 10.10 10.10 10.10 10.10 10.10 10.10 10.10 10.10 10.10 10.10 10.10 10.10 10.10 10.10 10.10 10.10 10.10 10.10 10.10
1969.00 11.68 11.68 11.68 11.68 11.68 11.68 11.68 11.68 11.68 11.68 11.68 11.68 11.68 11.68 11.68 11.68 11.68 11.68 11.68 11.68 11.68 11.68 11.68
1970.00 134.60 134.60 134.60 134.60 134.60 134.60 134.60 134.60 134.60 134.60 134.60 134.60 134.60 134.60 134.60 134.60 134.60 134.60 134.60 134.60 134.60 134.60 134.60
1971.00 139.37 139.37 139.37 139.37 139.37 139.37 139.37 139.37 139.37 139.37 139.37 139.37 139.37 139.37 139.37 139.37 139.37 139.37 139.37 139.37 139.37 139.37 139.37
1972.00 149.19 149.19 149.19 149.19 149.19 149.19 149.19 149.19 149.19 149.19 149.19 149.19 149.19 149.19 149.19 149.19 149.19 149.19 149.19 149.19 149.19 149.19 149.19
1973.00 155.94 155.94 155.94 155.94 155.94 155.94 155.94 155.94 155.94 155.94 155.94 155.94 155.94 155.94 155.94 155.94 155.94 155.94 155.94 155.94 155.94 155.94 155.94
1974.00 159.59 159.59 159.59 159.59 159.59 159.59 159.59 159.59 159.59 159.59 159.59 159.59 159.59 159.59 159.59 159.59 159.59 159.59 159.59 159.59 159.59 159.59 159.59
1975.00 162.45 162.45 162.45 162.45 162.45 162.45 162.45 162.45 162.45 162.45 162.45 162.45 162.45 162.45 162.45 162.45 162.45 162.45 162.45 162.45 162.45 162.45 162.45
1976.00 166.65 166.65 166.65 166.65 166.65 166.65 166.65 166.65 166.65 166.65 166.65 166.65 166.65 166.65 166.65 166.65 166.65 166.65 166.65 166.65 166.65 166.65 166.65
1977.00 172.61 172.61 172.61 172.61 172.61 172.61 172.61 172.61 172.61 172.61 172.61 172.61 172.61 172.61 172.61 172.61 172.61 172.61 172.61 172.61 172.61 172.61 172.61
1978.00 151.18 151.18 151.18 151.18 151.18 151.18 151.18 151.18 151.18 151.18 151.18 151.18 151.18 151.18 151.18 151.18 151.18 151.18 151.18 151.18 151.18 151.18 151.18
1979.00 148.92 148.92 148.92 148.92 148.92 148.92 148.92 148.92 148.92 148.92 148.92 148.92 148.92 148.92 148.92 148.92 148.92 148.92 148.92 148.92 148.92 148.92 148.92
1980.00 146.93 146.93 146.93 146.93 146.93 146.93 146.93 146.93 146.93 146.93 146.93 146.93 146.93 146.93 146.93 146.93 146.93 146.93 146.93 146.93 146.93 146.93 146.93
1981.00 148.49 148.49 148.49 148.49 148.49 148.49 148.49 148.49 148.49 148.49 148.49 148.49 148.49 148.49 148.49 148.49 148.49 148.49 148.49 148.49 148.49 148.49 148.49
1982.00 147.67 147.67 147.67 147.67 147.67 147.67 147.67 147.67 147.67 147.67 147.67 147.67 147.67 147.67 147.67 147.67 147.67 147.67 147.67 147.67 147.67 147.67 147.67
1983.00 143.01 143.01 143.01 143.01 143.01 143.01 143.01 143.01 143.01 143.01 143.01 143.01 143.01 143.01 143.01 143.01 143.01 143.01 143.01 143.01 143.01 143.01 143.01
1984.00 137.78 137.78 137.78 137.78 137.78 137.78 137.78 137.78 137.78 137.78 137.78 137.78 137.78 137.78 137.78 137.78 137.78 137.78 137.78 137.78 137.78 137.78 137.78
1985.00 135.38 135.38 135.38 135.38 135.38 135.38 135.38 135.38 135.38 135.38 135.38 135.38 135.38 135.38 135.38 135.38 135.38 135.38 135.38 135.38 135.38 135.38 135.38
1986.00 137.52 137.52 137.52 137.52 137.52 137.52 137.52 137.52 137.52 137.52 137.52 137.52 137.52 137.52 137.52 137.52 137.52 137.52 137.52 137.52 137.52 137.52 137.52
1987.00 134.01 134.01 134.01 134.01 134.01 134.01 134.01 134.01 134.01 134.01 134.01 134.01 134.01 134.01 134.01 134.01 134.01 134.01 134.01 134.01 134.01 134.01 134.01
1988.00 85.48 87.68 89.88 92.08 94.28 96.48 98.68 100.88 103.08 105.28 107.48 109.69 111.89 114.09 116.29 118.49 120.69 122.89 125.09 127.29 129.49 131.69 133.90
1989.00 82.28 84.40 86.52 88.65 90.77 92.89 95.01 97.14 99.26 101.38 103.50 105.63 107.75 109.87 111.99 114.12 116.24 118.36 120.48 122.61 124.73 126.85 128.97
1990.00 79.50 81.54 83.58 85.62 87.65 89.69 91.73 93.76 95.80 97.84 99.87 101.91 103.95 105.98 108.02 110.06 112.09 114.13 116.17 118.20 120.24 122.28 124.31
1991.00 77.06 79.05 81.04 83.04 85.03 87.02 89.01 91.00 92.99 94.98 96.98 98.97 100.96 102.95 104.94 106.93 108.92 110.91 112.91 114.90 116.89 118.88 120.87
1992.00 75.85 77.81 79.78 81.75 83.71 85.68 87.65 89.61 91.58 93.55 95.52 97.48 99.45 101.42 103.38 105.35 107.32 109.28 111.25 113.22 115.19 117.15 119.12
1993.00 74.73 76.67 78.60 80.54 82.48 84.42 86.35 88.29 90.23 92.17 94.10 96.04 97.98 99.92 101.85 103.79 105.73 107.67 109.61 111.54 113.48 115.42 117.36
1994.00 72.62 74.53 76.44 78.35 80.25 82.16 84.07 85.98 87.89 89.79 91.70 93.61 95.52 97.42 99.33 101.24 103.15 105.05 106.96 108.87 110.78 112.68 114.59
1995.00 70.79 72.70 74.60 76.50 78.40 80.31 82.21 84.11 86.02 87.92 89.82 91.73 93.63 95.53 97.44 99.34 101.24 103.14 105.05 106.95 108.85 110.76 112.66
1996.00 68.31 70.17 72.03 73.89 75.75 77.62 79.48 81.34 83.20 85.06 86.93 88.79 90.65 92.51 94.37 96.24 98.10 99.96 101.82 103.68 105.55 107.41 109.27
1997.00 66.72 68.57 70.42 72.27 74.13 75.98 77.83 79.68 81.54 83.39 85.24 87.09 88.94 90.80 92.65 94.50 96.35 98.21 100.06 101.91 103.76 105.62 107.47
1998.00 65.55 67.38 69.20 71.03 72.85 74.67 76.50 78.32 80.15 81.97 83.79 85.62 87.44 89.26 91.09 92.91 94.74 96.56 98.38 100.21 102.03 103.85 105.68
1999.00 64.10 65.86 67.62 69.38 71.14 72.90 74.66 76.42 78.18 79.94 81.70 83.47 85.23 86.99 88.75 90.51 92.27 94.03 95.79 97.55 99.31 101.07 102.83
2000.00 59.96 61.61 63.27 64.93 66.59 68.25 69.91 71.57 73.23 74.89 76.55 78.21 79.87 81.53 83.19 84.85 86.51 88.16 89.82 91.48 93.14 94.80 96.46
2001.00 57.71 59.31 60.91 62.52 64.12 65.72 67.32 68.93 70.53 72.13 73.73 75.34 76.94 78.54 80.15 81.75 83.35 84.95 86.56 88.16 89.76 91.36 92.97
2002.00 56.52 58.09 59.65 61.22 62.79 64.35 65.92 67.49 69.06 70.62 72.19 73.76 75.32 76.89 78.46 80.03 81.59 83.16 84.73 86.29 87.86 89.43 91.00
2003.00 56.05 57.59 59.14 60.69 62.23 63.78 65.33 66.88 68.42 69.97 71.52 73.06 74.61 76.16 77.71 79.25 80.80 82.35 83.89 85.44 86.99 88.53 90.08
2004.00 51.55 53.00 54.44 55.89 57.33 58.78 60.23 61.67 63.12 64.56 66.01 67.45 68.90 70.34 71.79 73.23 74.68 76.12 77.57 79.01 80.46 81.91 83.35
2005.00 50.09 51.51 52.93 54.35 55.77 57.19 58.61 60.03 61.45 62.87 64.29 65.71 67.13 68.55 69.97 71.39 72.81 74.23 75.65 77.07 78.49 79.90 81.32
2006.00 48.13 49.51 50.89 52.27 53.65 55.03 56.41 57.79 59.17 60.55 61.93 63.31 64.69 66.08 67.46 68.84 70.22 71.60 72.98 74.36 75.74 77.12 78.50
2007.00 45.49 46.83 48.16 49.50 50.84 52.17 53.51 54.85 56.18 57.52 58.86 60.19 61.53 62.87 64.20 65.54 66.88 68.22 69.55 70.89 72.23 73.56 74.90
2008.00 43.28 44.54 45.79 47.04 48.29 49.55 50.80 52.05 53.30 54.56 55.81 57.06 58.31 59.56 60.82 62.07 63.32 64.57 65.83 67.08 68.33 69.58 70.83
2009.00 40.69 41.88 43.07 44.26 45.45 46.64 47.83 49.02 50.21 51.40 52.59 53.78 54.97 56.16 57.35 58.54 59.73 60.92 62.11 63.30 64.49 65.68 66.87
2010.00 37.15 38.23 39.31 40.39 41.46 42.54 43.62 44.70 45.78 46.86 47.93 49.01 50.09 51.17 52.25 53.33 54.40 55.48 56.56 57.64 58.72 59.80 60.87
2011.00 33.50 34.54 35.58 36.63 37.67 38.72 39.76 40.80 41.85 42.89 43.94 44.98 46.02 47.07 48.11 49.16 50.20 51.24 52.29 53.33 54.38 55.42 56.46
2012.00 32.30 33.31 34.32 35.34 36.35 37.36 38.37 39.38 40.39 41.40 42.41 43.42 44.43 45.44 46.45 47.46 48.47 49.48 50.49 51.50 52.51 53.52 54.53
2013.00 30.14 31.11 32.08 33.05 34.02 34.99 35.97 36.94 37.91 38.88 39.85 40.82 41.79 42.77 43.74 44.71 45.68 46.65 47.62 48.59 49.57 50.54 51.51
2014.00 28.34 29.27 30.20 31.12 32.05 32.98 33.91 34.83 35.76 36.69 37.62 38.54 39.47 40.40 41.32 42.25 43.18 44.11 45.03 45.96 46.89 47.82 48.74
2015.00 27.19 28.11 29.03 29.95 30.87 31.79 32.71 33.63 34.55 35.48 36.40 37.32 38.24 39.16 40.08 41.00 41.92 42.84 43.76 44.68 45.60 46.52 47.44
2016.00 26.48 27.37 28.27 29.16 30.06 30.95 31.85 32.75 33.64 34.54 35.43 36.33 37.22 38.12 39.01 39.91 40.81 41.70 42.60 43.49 44.39 45.28 46.18
2017.00 24.64 25.50 26.37 27.23 28.10 28.96 29.83 30.69 31.56 32.42 33.29 34.15 35.02 35.88 36.75 37.61 38.48 39.34 40.21 41.07 41.94 42.80 43.66
2018.00 -1.59 -1.59 -1.59 -1.59 -1.59 -1.59 -1.59 -1.59 -1.59 -1.59 -1.59 -1.59 -1.59 -1.59 -1.59 -1.59 -1.59 -1.59 -1.59 -1.59 -1.59 -1.59 -1.59
2019.00 -2.03 -2.03 -2.03 -2.03 -2.03 -2.03 -2.03 -2.03 -2.03 -2.03 -2.03 -2.03 -2.03 -2.03 -2.03 -2.03 -2.03 -2.03 -2.03 -2.03 -2.03 -2.03 -2.03
2020.00 -2.52 -2.52 -2.52 -2.52 -2.52 -2.52 -2.52 -2.52 -2.52 -2.52 -2.52 -2.52 -2.52 -2.52 -2.52 -2.52 -2.52 -2.52 -2.52 -2.52 -2.52 -2.52 -2.52
2021.00 -2.81 -2.81 -2.81 -2.81 -2.81 -2.81 -2.81 -2.81 -2.81 -2.81 -2.81 -2.81 -2.81 -2.81 -2.81 -2.81 -2.81 -2.81 -2.81 -2.81 -2.81 -2.81 -2.81
2022.00 -3.68 -3.68 -3.68 -3.68 -3.68 -3.68 -3.68 -3.68 -3.68 -3.68 -3.68 -3.68 -3.68 -3.68 -3.68 -3.68 -3.68 -3.68 -3.68 -3.68 -3.68 -3.68 -3.68
2023.00 -3.97 -3.97 -3.97 -3.97 -3.97 -3.97 -3.97 -3.97 -3.97 -3.97 -3.97 -3.97 -3.97 -3.97 -3.97 -3.97 -3.97 -3.97 -3.97 -3.97 -3.97 -3.97 -3.97
2024.00 -4.06 -4.06 -4.06 -4.06 -4.06 -4.06 -4.06 -4.06 -4.06 -4.06 -4.06 -4.06 -4.06 -4.06 -4.06 -4.06 -4.06 -4.06 -4.06 -4.06 -4.06 -4.06 -4.06
2025.00 -4.61 -4.61 -4.61 -4.61 -4.61 -4.61 -4.61 -4.61 -4.61 -4.61 -4.61 -4.61 -4.61 -4.61 -4.61 -4.61 -4.61 -4.61 -4.61 -4.61 -4.61 -4.61 -4.61
2026.00 -3.43 -3.43 -3.43 -3.43 -3.43 -3.43 -3.43 -3.43 -3.43 -3.43 -3.43 -3.43 -3.43 -3.43 -3.43 -3.43 -3.43 -3.43 -3.43 -3.43 -3.43 -3.43 -3.43
2027.00 -3.35 -3.35 -3.35 -3.35 -3.35 -3.35 -3.35 -3.35 -3.35 -3.35 -3.35 -3.35 -3.35 -3.35 -3.35 -3.35 -3.35 -3.35 -3.35 -3.35 -3.35 -3.35 -3.35
2028.00 -3.62 -3.62 -3.62 -3.62 -3.62 -3.62 -3.62 -3.62 -3.62 -3.62 -3.62 -3.62 -3.62 -3.62 -3.62 -3.62 -3.62 -3.62 -3.62 -3.62 -3.62 -3.62 -3.62
2029.00 -4.05 -4.05 -4.05 -4.05 -4.05 -4.05 -4.05 -4.05 -4.05 -4.05 -4.05 -4.05 -4.05 -4.05 -4.05 -4.05 -4.05 -4.05 -4.05 -4.05 -4.05 -4.05 -4.05
2030.00 -4.10 -4.10 -4.10 -4.10 -4.10 -4.10 -4.10 -4.10 -4.10 -4.10 -4.10 -4.10 -4.10 -4.10 -4.10 -4.10 -4.10 -4.10 -4.10 -4.10 -4.10 -4.10 -4.10
2031.00 -4.38 -4.38 -4.38 -4.38 -4.38 -4.38 -4.38 -4.38 -4.38 -4.38 -4.38 -4.38 -4.38 -4.38 -4.38 -4.38 -4.38 -4.38 -4.38 -4.38 -4.38 -4.38 -4.38
2032.00 -4.82 -4.82 -4.82 -4.82 -4.82 -4.82 -4.82 -4.82 -4.82 -4.82 -4.82 -4.82 -4.82 -4.82 -4.82 -4.82 -4.82 -4.82 -4.82 -4.82 -4.82 -4.82 -4.82
2033.00 -5.25 -5.25 -5.25 -5.25 -5.25 -5.25 -5.25 -5.25 -5.25 -5.25 -5.25 -5.25 -5.25 -5.25 -5.25 -5.25 -5.25 -5.25 -5.25 -5.25 -5.25 -5.25 -5.25
2034.00 -5.41 -5.41 -5.41 -5.41 -5.41 -5.41 -5.41 -5.41 -5.41 -5.41 -5.41 -5.41 -5.41 -5.41 -5.41 -5.41 -5.41 -5.41 -5.41 -5.41 -5.41 -5.41 -5.41
2035.00 -5.93 -5.93 -5.93 -5.93 -5.93 -5.93 -5.93 -5.93 -5.93 -5.93 -5.93 -5.93 -5.93 -5.93 -5.93 -5.93 -5.93 -5.93 -5.93 -5.93 -5.93 -5.93 -5.93
2036.00 -5.77 -5.77 -5.77 -5.77 -5.77 -5.77 -5.77 -5.77 -5.77 -5.77 -5.77 -5.77 -5.77 -5.77 -5.77 -5.77 -5.77 -5.77 -5.77 -5.77 -5.77 -5.77 -5.77
2037.00 -5.74 -5.74 -5.74 -5.74 -5.74 -5.74 -5.74 -5.74 -5.74 -5.74 -5.74 -5.74 -5.74 -5.74 -5.74 -5.74 -5.74 -5.74 -5.74 -5.74 -5.74 -5.74 -5.74
2038.00 -5.63 -5.63 -5.63 -5.63 -5.63 -5.63 -5.63 -5.63 -5.63 -5.63 -5.63 -5.63 -5.63 -5.63 -5.63 -5.63 -5.63 -5.63 -5.63 -5.63 -5.63 -5.63 -5.63
2039.00 -5.91 -5.91 -5.91 -5.91 -5.91 -5.91 -5.91 -5.91 -5.91 -5.91 -5.91 -5.91 -5.91 -5.91 -5.91 -5.91 -5.91 -5.91 -5.91 -5.91 -5.91 -5.91 -5.91
2040.00 -5.59 -5.59 -5.59 -5.59 -5.59 -5.59 -5.59 -5.59 -5.59 -5.59 -5.59 -5.59 -5.59 -5.59 -5.59 -5.59 -5.59 -5.59 -5.59 -5.59 -5.59 -5.59 -5.59
2041.00 -5.69 -5.69 -5.69 -5.69 -5.69 -5.69 -5.69 -5.69 -5.69 -5.69 -5.69 -5.69 -5.69 -5.69 -5.69 -5.69 -5.69 -5.69 -5.69 -5.69 -5.69 -5.69 -5.69
2042.00 -5.54 -5.54 -5.54 -5.54 -5.54 -5.54 -5.54 -5.54 -5.54 -5.54 -5.54 -5.54 -5.54 -5.54 -5.54 -5.54 -5.54 -5.54 -5.54 -5.54 -5.54 -5.54 -5.54
2043.00 -5.96 -5.96 -5.96 -5.96 -5.96 -5.96 -5.96 -5.96 -5.96 -5.96 -5.96 -5.96 -5.96 -5.96 -5.96 -5.96 -5.96 -5.96 -5.96 -5.96 -5.96 -5.96 -5.96
2044.00 -6.02 -6.02 -6.02 -6.02 -6.02 -6.02 -6.02 -6.02 -6.02 -6.02 -6.02 -6.02 -6.02 -6.02 -6.02 -6.02 -6.02 -6.02 -6.02 -6.02 -6.02 -6.02 -6.02
2045.00 -6.29 -6.29 -6.29 -6.29 -6.29 -6.29 -6.29 -6.29 -6.29 -6.29 -6.29 -6.29 -6.29 -6.29 -6.29 -6.29 -6.29 -6.29 -6.29 -6.29 -6.29 -6.29 -6.29
2046.00 -6.30 -6.30 -6.30 -6.30 -6.30 -6.30 -6.30 -6.30 -6.30 -6.30 -6.30 -6.30 -6.30 -6.30 -6.30 -6.30 -6.30 -6.30 -6.30 -6.30 -6.30 -6.30 -6.30
2047.00 -6.55 -6.55 -6.55 -6.55 -6.55 -6.55 -6.55 -6.55 -6.55 -6.55 -6.55 -6.55 -6.55 -6.55 -6.55 -6.55 -6.55 -6.55 -6.55 -6.55 -6.55 -6.55 -6.55
2048.00 -6.29 -6.29 -6.29 -6.29 -6.29 -6.29 -6.29 -6.29 -6.29 -6.29 -6.29 -6.29 -6.29 -6.29 -6.29 -6.29 -6.29 -6.29 -6.29 -6.29 -6.29 -6.29 -6.29
2049.00 -6.13 -6.13 -6.13 -6.13 -6.13 -6.13 -6.13 -6.13 -6.13 -6.13 -6.13 -6.13 -6.13 -6.13 -6.13 -6.13 -6.13 -6.13 -6.13 -6.13 -6.13 -6.13 -6.13
2050.00 -6.07 -6.07 -6.07 -6.07 -6.07 -6.07 -6.07 -6.07 -6.07 -6.07 -6.07 -6.07 -6.07 -6.07 -6.07 -6.07 -6.07 -6.07 -6.07 -6.07 -6.07 -6.07 -6.07
2051.00 -5.88 -5.88 -5.88 -5.88 -5.88 -5.88 -5.88 -5.88 -5.88 -5.88 -5.88 -5.88 -5.88 -5.88 -5.88 -5.88 -5.88 -5.88 -5.88 -5.88 -5.88 -5.88 -5.88
2052.00 -5.48 -5.48 -5.48 -5.48 -5.48 -5.48 -5.48 -5.48 -5.48 -5.48 -5.48 -5.48 -5.48 -5.48 -5.48 -5.48 -5.48 -5.48 -5.48 -5.48 -5.48 -5.48 -5.48
2053.00 -5.60 -5.60 -5.60 -5.60 -5.60 -5.60 -5.60 -5.60 -5.60 -5.60 -5.60 -5.60 -5.60 -5.60 -5.60 -5.60 -5.60 -5.60 -5.60 -5.60 -5.60 -5.60 -5.60
2054.00 -5.54 -5.54 -5.54 -5.54 -5.54 -5.54 -5.54 -5.54 -5.54 -5.54 -5.54 -5.54 -5.54 -5.54 -5.54 -5.54 -5.54 -5.54 -5.54 -5.54 -5.54 -5.54 -5.54
2055.00 -5.68 -5.68 -5.68 -5.68 -5.68 -5.68 -5.68 -5.68 -5.68 -5.68 -5.68 -5.68 -5.68 -5.68 -5.68 -5.68 -5.68 -5.68 -5.68 -5.68 -5.68 -5.68 -5.68
2056.00 -5.61 -5.61 -5.61 -5.61 -5.61 -5.61 -5.61 -5.61 -5.61 -5.61 -5.61 -5.61 -5.61 -5.61 -5.61 -5.61 -5.61 -5.61 -5.61 -5.61 -5.61 -5.61 -5.61
2057.00 -6.06 -6.06 -6.06 -6.06 -6.06 -6.06 -6.06 -6.06 -6.06 -6.06 -6.06 -6.06 -6.06 -6.06 -6.06 -6.06 -6.06 -6.06 -6.06 -6.06 -6.06 -6.06 -6.06
2058.00 -5.95 -5.95 -5.95 -5.95 -5.95 -5.95 -5.95 -5.95 -5.95 -5.95 -5.95 -5.95 -5.95 -5.95 -5.95 -5.95 -5.95 -5.95 -5.95 -5.95 -5.95 -5.95 -5.95
2059.00 -6.16 -6.16 -6.16 -6.16 -6.16 -6.16 -6.16 -6.16 -6.16 -6.16 -6.16 -6.16 -6.16 -6.16 -6.16 -6.16 -6.16 -6.16 -6.16 -6.16 -6.16 -6.16 -6.16
2060.00 -5.83 -5.83 -5.83 -5.83 -5.83 -5.83 -5.83 -5.83 -5.83 -5.83 -5.83 -5.83 -5.83 -5.83 -5.83 -5.83 -5.83 -5.83 -5.83 -5.83 -5.83 -5.83 -5.83
2061.00 -6.00 -6.00 -6.00 -6.00 -6.00 -6.00 -6.00 -6.00 -6.00 -6.00 -6.00 -6.00 -6.00 -6.00 -6.00 -6.00 -6.00 -6.00 -6.00 -6.00 -6.00 -6.00 -6.00
2062.00 -5.94 -5.94 -5.94 -5.94 -5.94 -5.94 -5.94 -5.94 -5.94 -5.94 -5.94 -5.94 -5.94 -5.94 -5.94 -5.94 -5.94 -5.94 -5.94 -5.94 -5.94 -5.94 -5.94
2063.00 -5.89 -5.89 -5.89 -5.89 -5.89 -5.89 -5.89 -5.89 -5.89 -5.89 -5.89 -5.89 -5.89 -5.89 -5.89 -5.89 -5.89 -5.89 -5.89 -5.89 -5.89 -5.89 -5.89
2064.00 -5.67 -5.67 -5.67 -5.67 -5.67 -5.67 -5.67 -5.67 -5.67 -5.67 -5.67 -5.67 -5.67 -5.67 -5.67 -5.67 -5.67 -5.67 -5.67 -5.67 -5.67 -5.67 -5.67
2065.00 -6.02 -6.02 -6.02 -6.02 -6.02 -6.02 -6.02 -6.02 -6.02 -6.02 -6.02 -6.02 -6.02 -6.02 -6.02 -6.02 -6.02 -6.02 -6.02 -6.02 -6.02 -6.02 -6.02
