# yearspad, alpred
# [0.6  0.62 0.64 0.66 0.68 0.7  0.72 0.74 0.76 0.78 0.8  0.82 0.84 0.86
#  0.88 0.9  0.92 0.94 0.96 0.98 1.   1.02 1.04]
1922.00 3.57 3.57 3.57 3.57 3.57 3.57 3.57 3.57 3.57 3.57 3.57 3.57 3.57 3.57 3.57 3.57 3.57 3.57 3.57 3.57 3.57 3.57 3.57
1923.00 4.65 4.65 4.65 4.65 4.65 4.65 4.65 4.65 4.65 4.65 4.65 4.65 4.65 4.65 4.65 4.65 4.65 4.65 4.65 4.65 4.65 4.65 4.65
1924.00 4.51 4.51 4.51 4.51 4.51 4.51 4.51 4.51 4.51 4.51 4.51 4.51 4.51 4.51 4.51 4.51 4.51 4.51 4.51 4.51 4.51 4.51 4.51
1925.00 4.66 4.66 4.66 4.66 4.66 4.66 4.66 4.66 4.66 4.66 4.66 4.66 4.66 4.66 4.66 4.66 4.66 4.66 4.66 4.66 4.66 4.66 4.66
1926.00 4.72 4.72 4.72 4.72 4.72 4.72 4.72 4.72 4.72 4.72 4.72 4.72 4.72 4.72 4.72 4.72 4.72 4.72 4.72 4.72 4.72 4.72 4.72
1927.00 4.28 4.28 4.28 4.28 4.28 4.28 4.28 4.28 4.28 4.28 4.28 4.28 4.28 4.28 4.28 4.28 4.28 4.28 4.28 4.28 4.28 4.28 4.28
1928.00 4.37 4.37 4.37 4.37 4.37 4.37 4.37 4.37 4.37 4.37 4.37 4.37 4.37 4.37 4.37 4.37 4.37 4.37 4.37 4.37 4.37 4.37 4.37
1929.00 4.53 4.53 4.53 4.53 4.53 4.53 4.53 4.53 4.53 4.53 4.53 4.53 4.53 4.53 4.53 4.53 4.53 4.53 4.53 4.53 4.53 4.53 4.53
1930.00 4.25 4.25 4.25 4.25 4.25 4.25 4.25 4.25 4.25 4.25 4.25 4.25 4.25 4.25 4.25 4.25 4.25 4.25 4.25 4.25 4.25 4.25 4.25
1931.00 4.26 4.26 4.26 4.26 4.26 4.26 4.26 4.26 4.26 4.26 4.26 4.26 4.26 4.26 4.26 4.26 4.26 4.26 4.26 4.26 4.26 4.26 4.26
1932.00 3.63 3.63 3.63 3.63 3.63 3.63 3.63 3.63 3.63 3.63 3.63 3.63 3.63 3.63 3.63 3.63 3.63 3.63 3.63 3.63 3.63 3.63 3.63
1933.00 3.53 3.53 3.53 3.53 3.53 3.53 3.53 3.53 3.53 3.53 3.53 3.53 3.53 3.53 3.53 3.53 3.53 3.53 3.53 3.53 3.53 3.53 3.53
1934.00 3.00 3.00 3.00 3.00 3.00 3.00 3.00 3.00 3.00 3.00 3.00 3.00 3.00 3.00 3.00 3.00 3.00 3.00 3.00 3.00 3.00 3.00 3.00
1935.00 2.50 2.50 2.50 2.50 2.50 2.50 2.50 2.50 2.50 2.50 2.50 2.50 2.50 2.50 2.50 2.50 2.50 2.50 2.50 2.50 2.50 2.50 2.50
1936.00 2.05 2.05 2.05 2.05 2.05 2.05 2.05 2.05 2.05 2.05 2.05 2.05 2.05 2.05 2.05 2.05 2.05 2.05 2.05 2.05 2.05 2.05 2.05
1937.00 2.36 2.36 2.36 2.36 2.36 2.36 2.36 2.36 2.36 2.36 2.36 2.36 2.36 2.36 2.36 2.36 2.36 2.36 2.36 2.36 2.36 2.36 2.36
1938.00 1.33 1.33 1.33 1.33 1.33 1.33 1.33 1.33 1.33 1.33 1.33 1.33 1.33 1.33 1.33 1.33 1.33 1.33 1.33 1.33 1.33 1.33 1.33
1939.00 1.54 1.54 1.54 1.54 1.54 1.54 1.54 1.54 1.54 1.54 1.54 1.54 1.54 1.54 1.54 1.54 1.54 1.54 1.54 1.54 1.54 1.54 1.54
1940.00 1.74 1.74 1.74 1.74 1.74 1.74 1.74 1.74 1.74 1.74 1.74 1.74 1.74 1.74 1.74 1.74 1.74 1.74 1.74 1.74 1.74 1.74 1.74
1941.00 1.88 1.88 1.88 1.88 1.88 1.88 1.88 1.88 1.88 1.88 1.88 1.88 1.88 1.88 1.88 1.88 1.88 1.88 1.88 1.88 1.88 1.88 1.88
1942.00 1.69 1.69 1.69 1.69 1.69 1.69 1.69 1.69 1.69 1.69 1.69 1.69 1.69 1.69 1.69 1.69 1.69 1.69 1.69 1.69 1.69 1.69 1.69
1943.00 1.27 1.27 1.27 1.27 1.27 1.27 1.27 1.27 1.27 1.27 1.27 1.27 1.27 1.27 1.27 1.27 1.27 1.27 1.27 1.27 1.27 1.27 1.27
1944.00 1.07 1.07 1.07 1.07 1.07 1.07 1.07 1.07 1.07 1.07 1.07 1.07 1.07 1.07 1.07 1.07 1.07 1.07 1.07 1.07 1.07 1.07 1.07
1945.00 0.27 0.27 0.27 0.27 0.27 0.27 0.27 0.27 0.27 0.27 0.27 0.27 0.27 0.27 0.27 0.27 0.27 0.27 0.27 0.27 0.27 0.27 0.27
1946.00 0.62 0.62 0.62 0.62 0.62 0.62 0.62 0.62 0.62 0.62 0.62 0.62 0.62 0.62 0.62 0.62 0.62 0.62 0.62 0.62 0.62 0.62 0.62
1947.00 1.04 1.04 1.04 1.04 1.04 1.04 1.04 1.04 1.04 1.04 1.04 1.04 1.04 1.04 1.04 1.04 1.04 1.04 1.04 1.04 1.04 1.04 1.04
1948.00 1.57 1.57 1.57 1.57 1.57 1.57 1.57 1.57 1.57 1.57 1.57 1.57 1.57 1.57 1.57 1.57 1.57 1.57 1.57 1.57 1.57 1.57 1.57
1949.00 1.08 1.08 1.08 1.08 1.08 1.08 1.08 1.08 1.08 1.08 1.08 1.08 1.08 1.08 1.08 1.08 1.08 1.08 1.08 1.08 1.08 1.08 1.08
1950.00 1.30 1.30 1.30 1.30 1.30 1.30 1.30 1.30 1.30 1.30 1.30 1.30 1.30 1.30 1.30 1.30 1.30 1.30 1.30 1.30 1.30 1.30 1.30
1951.00 1.02 1.02 1.02 1.02 1.02 1.02 1.02 1.02 1.02 1.02 1.02 1.02 1.02 1.02 1.02 1.02 1.02 1.02 1.02 1.02 1.02 1.02 1.02
1952.00 0.00 0.00 0.00 0.00 0.00 0.00 0.00 0.00 0.00 0.00 0.00 0.00 0.00 0.00 0.00 0.00 0.00 0.00 0.00 0.00 0.00 0.00 0.00
1953.00 -0.74 -0.74 -0.74 -0.74 -0.74 -0.74 -0.74 -0.74 -0.74 -0.74 -0.74 -0.74 -0.74 -0.74 -0.74 -0.74 -0.74 -0.74 -0.74 -0.74 -0.74 -0.74 -0.74
1954.00 -1.43 -1.43 -1.43 -1.43 -1.43 -1.43 -1.43 -1.43 -1.43 -1.43 -1.43 -1.43 -1.43 -1.43 -1.43 -1.43 -1.43 -1.43 -1.43 -1.43 -1.43 -1.43 -1.43
1955.00 -1.68 -1.68 -1.68 -1.68 -1.68 -1.68 -1.68 -1.68 -1.68 -1.68 -1.68 -1.68 -1.68 -1.68 -1.68 -1.68 -1.68 -1.68 -1.68 -1.68 -1.68 -1.68 -1.68
1956.00 -1.31 -1.31 -1.31 -1.31 -1.31 -1.31 -1.31 -1.31 -1.31 -1.31 -1.31 -1.31 -1.31 -1.31 -1.31 -1.31 -1.31 -1.31 -1.31 -1.31 -1.31 -1.31 -1.31
1957.00 -1.44 -1.44 -1.44 -1.44 -1.44 -1.44 -1.44 -1.44 -1.44 -1.44 -1.44 -1.44 -1.44 -1.44 -1.44 -1.44 -1.44 -1.44 -1.44 -1.44 -1.44 -1.44 -1.44
1958.00 -2.07 -2.07 -2.07 -2.07 -2.07 -2.07 -2.07 -2.07 -2.07 -2.07 -2.07 -2.07 -2.07 -2.07 -2.07 -2.07 -2.07 -2.07 -2.07 -2.07 -2.07 -2.07 -2.07
1959.00 -2.45 -2.45 -2.45 -2.45 -2.45 -2.45 -2.45 -2.45 -2.45 -2.45 -2.45 -2.45 -2.45 -2.45 -2.45 -2.45 -2.45 -2.45 -2.45 -2.45 -2.45 -2.45 -2.45
1960.00 -3.29 -3.29 -3.29 -3.29 -3.29 -3.29 -3.29 -3.29 -3.29 -3.29 -3.29 -3.29 -3.29 -3.29 -3.29 -3.29 -3.29 -3.29 -3.29 -3.29 -3.29 -3.29 -3.29
1961.00 -3.86 -3.86 -3.86 -3.86 -3.86 -3.86 -3.86 -3.86 -3.86 -3.86 -3.86 -3.86 -3.86 -3.86 -3.86 -3.86 -3.86 -3.86 -3.86 -3.86 -3.86 -3.86 -3.86
1962.00 -3.46 -3.46 -3.46 -3.46 -3.46 -3.46 -3.46 -3.46 -3.46 -3.46 -3.46 -3.46 -3.46 -3.46 -3.46 -3.46 -3.46 -3.46 -3.46 -3.46 -3.46 -3.46 -3.46
1963.00 -3.58 -3.58 -3.58 -3.58 -3.58 -3.58 -3.58 -3.58 -3.58 -3.58 -3.58 -3.58 -3.58 -3.58 -3.58 -3.58 -3.58 -3.58 -3.58 -3.58 -3.58 -3.58 -3.58
1964.00 -3.41 -3.41 -3.41 -3.41 -3.41 -3.41 -3.41 -3.41 -3.41 -3.41 -3.41 -3.41 -3.41 -3.41 -3.41 -3.41 -3.41 -3.41 -3.41 -3.41 -3.41 -3.41 -3.41
1965.00 -3.70 -3.70 -3.70 -3.70 -3.70 -3.70 -3.70 -3.70 -3.70 -3.70 -3.70 -3.70 -3.70 -3.70 -3.70 -3.70 -3.70 -3.70 -3.70 -3.70 -3.70 -3.70 -3.70
1966.00 -3.88 -3.88 -3.88 -3.88 -3.88 -3.88 -3.88 -3.88 -3.88 -3.88 -3.88 -3.88 -3.88 -3.88 -3.88 -3.88 -3.88 -3.88 -3.88 -3.88 -3.88 -3.88 -3.88
1967.00 -4.87 -4.87 -4.87 -4.87 -4.87 -4.87 -4.87 -4.87 -4.87 -4.87 -4.87 -4.87 -4.87 -4.87 -4.87 -4.87 -4.87 -4.87 -4.87 -4.87 -4.87 -4.87 -4.87
1968.00 -5.73 -5.73 -5.73 -5.73 -5.73 -5.73 -5.73 -5.73 -5.73 -5.73 -5.73 -5.73 -5.73 -5.73 -5.73 -5.73 -5.73 -5.73 -5.73 -5.73 -5.73 -5.73 -5.73
1969.00 -8.10 -8.10 -8.10 -8.10 -8.10 -8.10 -8.10 -8.10 -8.10 -8.10 -8.10 -8.10 -8.10 -8.10 -8.10 -8.10 -8.10 -8.10 -8.10 -8.10 -8.10 -8.10 -8.10
1970.00 113.80 113.80 113.80 113.80 113.80 113.80 113.80 113.80 113.80 113.80 113.80 113.80 113.80 113.80 113.80 113.80 113.80 113.80 113.80 113.80 113.80 113.80 113.80
1971.00 103.04 103.04 103.04 103.04 103.04 103.04 103.04 103.04 103.04 103.04 103.04 103.04 103.04 103.04 103.04 103.04 103.04 103.04 103.04 103.04 103.04 103.04 103.04
1972.00 111.01 111.01 111.01 111.01 111.01 111.01 111.01 111.01 111.01 111.01 111.01 111.01 111.01 111.01 111.01 111.01 111.01 111.01 111.01 111.01 111.01 111.01 111.01
1973.00 115.15 115.15 115.15 115.15 115.15 115.15 115.15 115.15 115.15 115.15 115.15 115.15 115.15 115.15 115.15 115.15 115.15 115.15 115.15 115.15 115.15 115.15 115.15
1974.00 118.63 118.63 118.63 118.63 118.63 118.63 118.63 118.63 118.63 118.63 118.63 118.63 118.63 118.63 118.63 118.63 118.63 118.63 118.63 118.63 118.63 118.63 118.63
1975.00 123.37 123.37 123.37 123.37 123.37 123.37 123.37 123.37 123.37 123.37 123.37 123.37 123.37 123.37 123.37 123.37 123.37 123.37 123.37 123.37 123.37 123.37 123.37
1976.00 127.70 127.70 127.70 127.70 127.70 127.70 127.70 127.70 127.70 127.70 127.70 127.70 127.70 127.70 127.70 127.70 127.70 127.70 127.70 127.70 127.70 127.70 127.70
1977.00 127.88 127.88 127.88 127.88 127.88 127.88 127.88 127.88 127.88 127.88 127.88 127.88 127.88 127.88 127.88 127.88 127.88 127.88 127.88 127.88 127.88 127.88 127.88
1978.00 127.12 127.12 127.12 127.12 127.12 127.12 127.12 127.12 127.12 127.12 127.12 127.12 127.12 127.12 127.12 127.12 127.12 127.12 127.12 127.12 127.12 127.12 127.12
1979.00 126.40 126.40 126.40 126.40 126.40 126.40 126.40 126.40 126.40 126.40 126.40 126.40 126.40 126.40 126.40 126.40 126.40 126.40 126.40 126.40 126.40 126.40 126.40
1980.00 127.16 127.16 127.16 127.16 127.16 127.16 127.16 127.16 127.16 127.16 127.16 127.16 127.16 127.16 127.16 127.16 127.16 127.16 127.16 127.16 127.16 127.16 127.16
1981.00 131.95 131.95 131.95 131.95 131.95 131.95 131.95 131.95 131.95 131.95 131.95 131.95 131.95 131.95 131.95 131.95 131.95 131.95 131.95 131.95 131.95 131.95 131.95
1982.00 130.90 130.90 130.90 130.90 130.90 130.90 130.90 130.90 130.90 130.90 130.90 130.90 130.90 130.90 130.90 130.90 130.90 130.90 130.90 130.90 130.90 130.90 130.90
1983.00 127.59 127.59 127.59 127.59 127.59 127.59 127.59 127.59 127.59 127.59 127.59 127.59 127.59 127.59 127.59 127.59 127.59 127.59 127.59 127.59 127.59 127.59 127.59
1984.00 121.63 121.63 121.63 121.63 121.63 121.63 121.63 121.63 121.63 121.63 121.63 121.63 121.63 121.63 121.63 121.63 121.63 121.63 121.63 121.63 121.63 121.63 121.63
1985.00 115.71 115.71 115.71 115.71 115.71 115.71 115.71 115.71 115.71 115.71 115.71 115.71 115.71 115.71 115.71 115.71 115.71 115.71 115.71 115.71 115.71 115.71 115.71
1986.00 109.45 109.45 109.45 109.45 109.45 109.45 109.45 109.45 109.45 109.45 109.45 109.45 109.45 109.45 109.45 109.45 109.45 109.45 109.45 109.45 109.45 109.45 109.45
1987.00 105.21 105.21 105.21 105.21 105.21 105.21 105.21 105.21 105.21 105.21 105.21 105.21 105.21 105.21 105.21 105.21 105.21 105.21 105.21 105.21 105.21 105.21 105.21
1988.00 55.87 58.08 60.29 62.51 64.72 66.93 69.15 71.36 73.57 75.79 78.00 80.21 82.43 84.64 86.85 89.07 91.28 93.49 95.71 97.92 100.13 102.35 104.56
1989.00 53.62 55.75 57.89 60.03 62.16 64.30 66.44 68.58 70.71 72.85 74.99 77.12 79.26 81.40 83.53 85.67 87.81 89.94 92.08 94.22 96.36 98.49 100.63
1990.00 51.21 53.26 55.31 57.36 59.41 61.46 63.51 65.56 67.61 69.66 71.71 73.76 75.81 77.86 79.91 81.96 84.01 86.06 88.11 90.16 92.21 94.26 96.31
1991.00 50.70 52.70 54.71 56.72 58.72 60.73 62.73 64.74 66.74 68.75 70.75 72.76 74.77 76.77 78.78 80.78 82.79 84.79 86.80 88.80 90.81 92.82 94.82
1992.00 51.06 53.04 55.02 57.00 58.99 60.97 62.95 64.93 66.92 68.90 70.88 72.86 74.85 76.83 78.81 80.79 82.77 84.76 86.74 88.72 90.70 92.69 94.67
1993.00 50.35 52.31 54.26 56.21 58.16 60.11 62.07 64.02 65.97 67.92 69.88 71.83 73.78 75.73 77.69 79.64 81.59 83.54 85.50 87.45 89.40 91.35 93.31
1994.00 50.31 52.24 54.16 56.08 58.01 59.93 61.85 63.78 65.70 67.62 69.55 71.47 73.39 75.32 77.24 79.16 81.09 83.01 84.93 86.86 88.78 90.70 92.63
1995.00 50.92 52.84 54.76 56.68 58.60 60.52 62.44 64.36 66.29 68.21 70.13 72.05 73.97 75.89 77.81 79.73 81.65 83.58 85.50 87.42 89.34 91.26 93.18
1996.00 49.75 51.63 53.51 55.39 57.27 59.15 61.04 62.92 64.80 66.68 68.56 70.44 72.32 74.20 76.08 77.96 79.84 81.72 83.60 85.48 87.36 89.24 91.12
1997.00 49.18 51.05 52.92 54.79 56.66 58.53 60.40 62.27 64.14 66.01 67.88 69.75 71.63 73.50 75.37 77.24 79.11 80.98 82.85 84.72 86.59 88.46 90.33
1998.00 48.69 50.54 52.38 54.22 56.07 57.91 59.75 61.60 63.44 65.28 67.13 68.97 70.81 72.65 74.50 76.34 78.18 80.03 81.87 83.71 85.56 87.40 89.24
1999.00 47.45 49.23 51.01 52.79 54.57 56.35 58.13 59.91 61.69 63.47 65.25 67.04 68.82 70.60 72.38 74.16 75.94 77.72 79.50 81.28 83.06 84.84 86.62
2000.00 44.83 46.50 48.18 49.86 51.54 53.21 54.89 56.57 58.25 59.93 61.60 63.28 64.96 66.64 68.31 69.99 71.67 73.35 75.02 76.70 78.38 80.06 81.73
2001.00 44.07 45.69 47.31 48.93 50.55 52.17 53.79 55.41 57.03 58.65 60.27 61.89 63.51 65.13 66.75 68.37 69.99 71.61 73.23 74.85 76.47 78.09 79.71
2002.00 42.86 44.44 46.03 47.61 49.20 50.78 52.37 53.95 55.54 57.12 58.71 60.29 61.88 63.46 65.04 66.63 68.21 69.80 71.38 72.97 74.55 76.14 77.72
2003.00 42.46 44.03 45.59 47.15 48.71 50.28 51.84 53.40 54.97 56.53 58.09 59.66 61.22 62.78 64.35 65.91 67.47 69.04 70.60 72.16 73.73 75.29 76.85
2004.00 38.39 39.85 41.31 42.78 44.24 45.70 47.16 48.62 50.08 51.55 53.01 54.47 55.93 57.39 58.86 60.32 61.78 63.24 64.70 66.17 67.63 69.09 70.55
2005.00 38.25 39.68 41.12 42.55 43.99 45.43 46.86 48.30 49.74 51.17 52.61 54.04 55.48 56.92 58.35 59.79 61.22 62.66 64.10 65.53 66.97 68.40 69.84
2006.00 37.61 39.01 40.41 41.81 43.20 44.60 46.00 47.40 48.80 50.19 51.59 52.99 54.39 55.78 57.18 58.58 59.98 61.37 62.77 64.17 65.57 66.96 68.36
2007.00 37.08 38.44 39.80 41.15 42.51 43.87 45.22 46.58 47.94 49.29 50.65 52.01 53.36 54.72 56.08 57.43 58.79 60.15 61.50 62.86 64.22 65.57 66.93
2008.00 35.00 36.27 37.53 38.79 40.06 41.32 42.59 43.85 45.12 46.38 47.64 48.91 50.17 51.44 52.70 53.97 55.23 56.49 57.76 59.02 60.29 61.55 62.82
2009.00 34.38 35.58 36.78 37.99 39.19 40.39 41.59 42.79 43.99 45.20 46.40 47.60 48.80 50.00 51.21 52.41 53.61 54.81 56.01 57.21 58.42 59.62 60.82
2010.00 31.36 32.45 33.54 34.63 35.72 36.81 37.89 38.98 40.07 41.16 42.25 43.34 44.43 45.52 46.61 47.69 48.78 49.87 50.96 52.05 53.14 54.23 55.32
2011.00 30.62 31.68 32.73 33.79 34.84 35.90 36.95 38.01 39.06 40.12 41.18 42.23 43.29 44.34 45.40 46.45 47.51 48.56 49.62 50.67 51.73 52.78 53.84
2012.00 29.67 30.69 31.71 32.73 33.75 34.77 35.79 36.81 37.83 38.84 39.86 40.88 41.90 42.92 43.94 44.96 45.98 47.00 48.02 49.04 50.06 51.08 52.10
2013.00 28.81 29.79 30.78 31.76 32.74 33.72 34.70 35.68 36.67 37.65 38.63 39.61 40.59 41.57 42.56 43.54 44.52 45.50 46.48 47.46 48.45 49.43 50.41
2014.00 28.14 29.08 30.02 30.96 31.89 32.83 33.77 34.70 35.64 36.58 37.51 38.45 39.39 40.33 41.26 42.20 43.14 44.07 45.01 45.95 46.88 47.82 48.76
2015.00 27.97 28.90 29.83 30.76 31.69 32.62 33.55 34.48 35.41 36.34 37.26 38.19 39.12 40.05 40.98 41.91 42.84 43.77 44.70 45.63 46.56 47.49 48.42
2016.00 27.89 28.79 29.70 30.61 31.51 32.42 33.32 34.23 35.14 36.04 36.95 37.85 38.76 39.67 40.57 41.48 42.38 43.29 44.20 45.10 46.01 46.91 47.82
2017.00 27.62 28.50 29.37 30.25 31.12 32.00 32.87 33.75 34.62 35.50 36.38 37.25 38.13 39.00 39.88 40.75 41.63 42.50 43.38 44.25 45.13 46.01 46.88
2018.00 1.09 1.09 1.09 1.09 1.09 1.09 1.09 1.09 1.09 1.09 1.09 1.09 1.09 1.09 1.09 1.09 1.09 1.09 1.09 1.09 1.09 1.09 1.09
2019.00 1.79 1.79 1.79 1.79 1.79 1.79 1.79 1.79 1.79 1.79 1.79 1.79 1.79 1.79 1.79 1.79 1.79 1.79 1.79 1.79 1.79 1.79 1.79
2020.00 1.74 1.74 1.74 1.74 1.74 1.74 1.74 1.74 1.74 1.74 1.74 1.74 1.74 1.74 1.74 1.74 1.74 1.74 1.74 1.74 1.74 1.74 1.74
2021.00 1.31 1.31 1.31 1.31 1.31 1.31 1.31 1.31 1.31 1.31 1.31 1.31 1.31 1.31 1.31 1.31 1.31 1.31 1.31 1.31 1.31 1.31 1.31
2022.00 1.19 1.19 1.19 1.19 1.19 1.19 1.19 1.19 1.19 1.19 1.19 1.19 1.19 1.19 1.19 1.19 1.19 1.19 1.19 1.19 1.19 1.19 1.19
2023.00 1.14 1.14 1.14 1.14 1.14 1.14 1.14 1.14 1.14 1.14 1.14 1.14 1.14 1.14 1.14 1.14 1.14 1.14 1.14 1.14 1.14 1.14 1.14
2024.00 1.02 1.02 1.02 1.02 1.02 1.02 1.02 1.02 1.02 1.02 1.02 1.02 1.02 1.02 1.02 1.02 1.02 1.02 1.02 1.02 1.02 1.02 1.02
2025.00 1.01 1.01 1.01 1.01 1.01 1.01 1.01 1.01 1.01 1.01 1.01 1.01 1.01 1.01 1.01 1.01 1.01 1.01 1.01 1.01 1.01 1.01 1.01
2026.00 0.97 0.97 0.97 0.97 0.97 0.97 0.97 0.97 0.97 0.97 0.97 0.97 0.97 0.97 0.97 0.97 0.97 0.97 0.97 0.97 0.97 0.97 0.97
2027.00 1.25 1.25 1.25 1.25 1.25 1.25 1.25 1.25 1.25 1.25 1.25 1.25 1.25 1.25 1.25 1.25 1.25 1.25 1.25 1.25 1.25 1.25 1.25
2028.00 1.21 1.21 1.21 1.21 1.21 1.21 1.21 1.21 1.21 1.21 1.21 1.21 1.21 1.21 1.21 1.21 1.21 1.21 1.21 1.21 1.21 1.21 1.21
2029.00 1.12 1.12 1.12 1.12 1.12 1.12 1.12 1.12 1.12 1.12 1.12 1.12 1.12 1.12 1.12 1.12 1.12 1.12 1.12 1.12 1.12 1.12 1.12
2030.00 1.18 1.18 1.18 1.18 1.18 1.18 1.18 1.18 1.18 1.18 1.18 1.18 1.18 1.18 1.18 1.18 1.18 1.18 1.18 1.18 1.18 1.18 1.18
2031.00 1.37 1.37 1.37 1.37 1.37 1.37 1.37 1.37 1.37 1.37 1.37 1.37 1.37 1.37 1.37 1.37 1.37 1.37 1.37 1.37 1.37 1.37 1.37
2032.00 1.47 1.47 1.47 1.47 1.47 1.47 1.47 1.47 1.47 1.47 1.47 1.47 1.47 1.47 1.47 1.47 1.47 1.47 1.47 1.47 1.47 1.47 1.47
2033.00 2.16 2.16 2.16 2.16 2.16 2.16 2.16 2.16 2.16 2.16 2.16 2.16 2.16 2.16 2.16 2.16 2.16 2.16 2.16 2.16 2.16 2.16 2.16
2034.00 2.51 2.51 2.51 2.51 2.51 2.51 2.51 2.51 2.51 2.51 2.51 2.51 2.51 2.51 2.51 2.51 2.51 2.51 2.51 2.51 2.51 2.51 2.51
2035.00 2.82 2.82 2.82 2.82 2.82 2.82 2.82 2.82 2.82 2.82 2.82 2.82 2.82 2.82 2.82 2.82 2.82 2.82 2.82 2.82 2.82 2.82 2.82
2036.00 2.77 2.77 2.77 2.77 2.77 2.77 2.77 2.77 2.77 2.77 2.77 2.77 2.77 2.77 2.77 2.77 2.77 2.77 2.77 2.77 2.77 2.77 2.77
2037.00 2.86 2.86 2.86 2.86 2.86 2.86 2.86 2.86 2.86 2.86 2.86 2.86 2.86 2.86 2.86 2.86 2.86 2.86 2.86 2.86 2.86 2.86 2.86
2038.00 2.94 2.94 2.94 2.94 2.94 2.94 2.94 2.94 2.94 2.94 2.94 2.94 2.94 2.94 2.94 2.94 2.94 2.94 2.94 2.94 2.94 2.94 2.94
2039.00 2.97 2.97 2.97 2.97 2.97 2.97 2.97 2.97 2.97 2.97 2.97 2.97 2.97 2.97 2.97 2.97 2.97 2.97 2.97 2.97 2.97 2.97 2.97
2040.00 2.87 2.87 2.87 2.87 2.87 2.87 2.87 2.87 2.87 2.87 2.87 2.87 2.87 2.87 2.87 2.87 2.87 2.87 2.87 2.87 2.87 2.87 2.87
2041.00 3.15 3.15 3.15 3.15 3.15 3.15 3.15 3.15 3.15 3.15 3.15 3.15 3.15 3.15 3.15 3.15 3.15 3.15 3.15 3.15 3.15 3.15 3.15
2042.00 3.25 3.25 3.25 3.25 3.25 3.25 3.25 3.25 3.25 3.25 3.25 3.25 3.25 3.25 3.25 3.25 3.25 3.25 3.25 3.25 3.25 3.25 3.25
2043.00 3.20 3.20 3.20 3.20 3.20 3.20 3.20 3.20 3.20 3.20 3.20 3.20 3.20 3.20 3.20 3.20 3.20 3.20 3.20 3.20 3.20 3.20 3.20
2044.00 3.31 3.31 3.31 3.31 3.31 3.31 3.31 3.31 3.31 3.31 3.31 3.31 3.31 3.31 3.31 3.31 3.31 3.31 3.31 3.31 3.31 3.31 3.31
2045.00 3.45 3.45 3.45 3.45 3.45 3.45 3.45 3.45 3.45 3.45 3.45 3.45 3.45 3.45 3.45 3.45 3.45 3.45 3.45 3.45 3.45 3.45 3.45
2046.00 3.26 3.26 3.26 3.26 3.26 3.26 3.26 3.26 3.26 3.26 3.26 3.26 3.26 3.26 3.26 3.26 3.26 3.26 3.26 3.26 3.26 3.26 3.26
2047.00 3.28 3.28 3.28 3.28 3.28 3.28 3.28 3.28 3.28 3.28 3.28 3.28 3.28 3.28 3.28 3.28 3.28 3.28 3.28 3.28 3.28 3.28 3.28
2048.00 3.20 3.20 3.20 3.20 3.20 3.20 3.20 3.20 3.20 3.20 3.20 3.20 3.20 3.20 3.20 3.20 3.20 3.20 3.20 3.20 3.20 3.20 3.20
2049.00 3.17 3.17 3.17 3.17 3.17 3.17 3.17 3.17 3.17 3.17 3.17 3.17 3.17 3.17 3.17 3.17 3.17 3.17 3.17 3.17 3.17 3.17 3.17
2050.00 2.91 2.91 2.91 2.91 2.91 2.91 2.91 2.91 2.91 2.91 2.91 2.91 2.91 2.91 2.91 2.91 2.91 2.91 2.91 2.91 2.91 2.91 2.91
2051.00 2.94 2.94 2.94 2.94 2.94 2.94 2.94 2.94 2.94 2.94 2.94 2.94 2.94 2.94 2.94 2.94 2.94 2.94 2.94 2.94 2.94 2.94 2.94
2052.00 2.78 2.78 2.78 2.78 2.78 2.78 2.78 2.78 2.78 2.78 2.78 2.78 2.78 2.78 2.78 2.78 2.78 2.78 2.78 2.78 2.78 2.78 2.78
2053.00 2.91 2.91 2.91 2.91 2.91 2.91 2.91 2.91 2.91 2.91 2.91 2.91 2.91 2.91 2.91 2.91 2.91 2.91 2.91 2.91 2.91 2.91 2.91
2054.00 2.71 2.71 2.71 2.71 2.71 2.71 2.71 2.71 2.71 2.71 2.71 2.71 2.71 2.71 2.71 2.71 2.71 2.71 2.71 2.71 2.71 2.71 2.71
2055.00 2.67 2.67 2.67 2.67 2.67 2.67 2.67 2.67 2.67 2.67 2.67 2.67 2.67 2.67 2.67 2.67 2.67 2.67 2.67 2.67 2.67 2.67 2.67
2056.00 2.82 2.82 2.82 2.82 2.82 2.82 2.82 2.82 2.82 2.82 2.82 2.82 2.82 2.82 2.82 2.82 2.82 2.82 2.82 2.82 2.82 2.82 2.82
2057.00 2.95 2.95 2.95 2.95 2.95 2.95 2.95 2.95 2.95 2.95 2.95 2.95 2.95 2.95 2.95 2.95 2.95 2.95 2.95 2.95 2.95 2.95 2.95
2058.00 2.82 2.82 2.82 2.82 2.82 2.82 2.82 2.82 2.82 2.82 2.82 2.82 2.82 2.82 2.82 2.82 2.82 2.82 2.82 2.82 2.82 2.82 2.82
2059.00 3.14 3.14 3.14 3.14 3.14 3.14 3.14 3.14 3.14 3.14 3.14 3.14 3.14 3.14 3.14 3.14 3.14 3.14 3.14 3.14 3.14 3.14 3.14
2060.00 3.09 3.09 3.09 3.09 3.09 3.09 3.09 3.09 3.09 3.09 3.09 3.09 3.09 3.09 3.09 3.09 3.09 3.09 3.09 3.09 3.09 3.09 3.09
2061.00 2.99 2.99 2.99 2.99 2.99 2.99 2.99 2.99 2.99 2.99 2.99 2.99 2.99 2.99 2.99 2.99 2.99 2.99 2.99 2.99 2.99 2.99 2.99
2062.00 3.09 3.09 3.09 3.09 3.09 3.09 3.09 3.09 3.09 3.09 3.09 3.09 3.09 3.09 3.09 3.09 3.09 3.09 3.09 3.09 3.09 3.09 3.09
2063.00 3.18 3.18 3.18 3.18 3.18 3.18 3.18 3.18 3.18 3.18 3.18 3.18 3.18 3.18 3.18 3.18 3.18 3.18 3.18 3.18 3.18 3.18 3.18
2064.00 3.23 3.23 3.23 3.23 3.23 3.23 3.23 3.23 3.23 3.23 3.23 3.23 3.23 3.23 3.23 3.23 3.23 3.23 3.23 3.23 3.23 3.23 3.23
2065.00 3.33 3.33 3.33 3.33 3.33 3.33 3.33 3.33 3.33 3.33 3.33 3.33 3.33 3.33 3.33 3.33 3.33 3.33 3.33 3.33 3.33 3.33 3.33
