# yearspad, alpred
# [0.6  0.62 0.64 0.66 0.68 0.7  0.72 0.74 0.76 0.78 0.8  0.82 0.84 0.86
#  0.88 0.9  0.92 0.94 0.96 0.98 1.   1.02 1.04]
1922.00 -16.62 -16.62 -16.62 -16.62 -16.62 -16.62 -16.62 -16.62 -16.62 -16.62 -16.62 -16.62 -16.62 -16.62 -16.62 -16.62 -16.62 -16.62 -16.62 -16.62 -16.62 -16.62 -16.62
1923.00 -17.11 -17.11 -17.11 -17.11 -17.11 -17.11 -17.11 -17.11 -17.11 -17.11 -17.11 -17.11 -17.11 -17.11 -17.11 -17.11 -17.11 -17.11 -17.11 -17.11 -17.11 -17.11 -17.11
1924.00 -18.46 -18.46 -18.46 -18.46 -18.46 -18.46 -18.46 -18.46 -18.46 -18.46 -18.46 -18.46 -18.46 -18.46 -18.46 -18.46 -18.46 -18.46 -18.46 -18.46 -18.46 -18.46 -18.46
1925.00 -19.93 -19.93 -19.93 -19.93 -19.93 -19.93 -19.93 -19.93 -19.93 -19.93 -19.93 -19.93 -19.93 -19.93 -19.93 -19.93 -19.93 -19.93 -19.93 -19.93 -19.93 -19.93 -19.93
1926.00 -21.10 -21.10 -21.10 -21.10 -21.10 -21.10 -21.10 -21.10 -21.10 -21.10 -21.10 -21.10 -21.10 -21.10 -21.10 -21.10 -21.10 -21.10 -21.10 -21.10 -21.10 -21.10 -21.10
1927.00 -22.52 -22.52 -22.52 -22.52 -22.52 -22.52 -22.52 -22.52 -22.52 -22.52 -22.52 -22.52 -22.52 -22.52 -22.52 -22.52 -22.52 -22.52 -22.52 -22.52 -22.52 -22.52 -22.52
1928.00 -23.03 -23.03 -23.03 -23.03 -23.03 -23.03 -23.03 -23.03 -23.03 -23.03 -23.03 -23.03 -23.03 -23.03 -23.03 -23.03 -23.03 -23.03 -23.03 -23.03 -23.03 -23.03 -23.03
1929.00 -23.34 -23.34 -23.34 -23.34 -23.34 -23.34 -23.34 -23.34 -23.34 -23.34 -23.34 -23.34 -23.34 -23.34 -23.34 -23.34 -23.34 -23.34 -23.34 -23.34 -23.34 -23.34 -23.34
1930.00 -23.77 -23.77 -23.77 -23.77 -23.77 -23.77 -23.77 -23.77 -23.77 -23.77 -23.77 -23.77 -23.77 -23.77 -23.77 -23.77 -23.77 -23.77 -23.77 -23.77 -23.77 -23.77 -23.77
1931.00 -23.69 -23.69 -23.69 -23.69 -23.69 -23.69 -23.69 -23.69 -23.69 -23.69 -23.69 -23.69 -23.69 -23.69 -23.69 -23.69 -23.69 -23.69 -23.69 -23.69 -23.69 -23.69 -23.69
1932.00 -23.84 -23.84 -23.84 -23.84 -23.84 -23.84 -23.84 -23.84 -23.84 -23.84 -23.84 -23.84 -23.84 -23.84 -23.84 -23.84 -23.84 -23.84 -23.84 -23.84 -23.84 -23.84 -23.84
1933.00 -23.83 -23.83 -23.83 -23.83 -23.83 -23.83 -23.83 -23.83 -23.83 -23.83 -23.83 -23.83 -23.83 -23.83 -23.83 -23.83 -23.83 -23.83 -23.83 -23.83 -23.83 -23.83 -23.83
1934.00 -24.06 -24.06 -24.06 -24.06 -24.06 -24.06 -24.06 -24.06 -24.06 -24.06 -24.06 -24.06 -24.06 -24.06 -24.06 -24.06 -24.06 -24.06 -24.06 -24.06 -24.06 -24.06 -24.06
1935.00 -23.89 -23.89 -23.89 -23.89 -23.89 -23.89 -23.89 -23.89 -23.89 -23.89 -23.89 -23.89 -23.89 -23.89 -23.89 -23.89 -23.89 -23.89 -23.89 -23.89 -23.89 -23.89 -23.89
1936.00 -22.58 -22.58 -22.58 -22.58 -22.58 -22.58 -22.58 -22.58 -22.58 -22.58 -22.58 -22.58 -22.58 -22.58 -22.58 -22.58 -22.58 -22.58 -22.58 -22.58 -22.58 -22.58 -22.58
1937.00 -21.77 -21.77 -21.77 -21.77 -21.77 -21.77 -21.77 -21.77 -21.77 -21.77 -21.77 -21.77 -21.77 -21.77 -21.77 -21.77 -21.77 -21.77 -21.77 -21.77 -21.77 -21.77 -21.77
1938.00 -20.53 -20.53 -20.53 -20.53 -20.53 -20.53 -20.53 -20.53 -20.53 -20.53 -20.53 -20.53 -20.53 -20.53 -20.53 -20.53 -20.53 -20.53 -20.53 -20.53 -20.53 -20.53 -20.53
1939.00 -18.93 -18.93 -18.93 -18.93 -18.93 -18.93 -18.93 -18.93 -18.93 -18.93 -18.93 -18.93 -18.93 -18.93 -18.93 -18.93 -18.93 -18.93 -18.93 -18.93 -18.93 -18.93 -18.93
1940.00 -16.89 -16.89 -16.89 -16.89 -16.89 -16.89 -16.89 -16.89 -16.89 -16.89 -16.89 -16.89 -16.89 -16.89 -16.89 -16.89 -16.89 -16.89 -16.89 -16.89 -16.89 -16.89 -16.89
1941.00 -14.92 -14.92 -14.92 -14.92 -14.92 -14.92 -14.92 -14.92 -14.92 -14.92 -14.92 -14.92 -14.92 -14.92 -14.92 -14.92 -14.92 -14.92 -14.92 -14.92 -14.92 -14.92 -14.92
1942.00 -13.85 -13.85 -13.85 -13.85 -13.85 -13.85 -13.85 -13.85 -13.85 -13.85 -13.85 -13.85 -13.85 -13.85 -13.85 -13.85 -13.85 -13.85 -13.85 -13.85 -13.85 -13.85 -13.85
1943.00 -13.00 -13.00 -13.00 -13.00 -13.00 -13.00 -13.00 -13.00 -13.00 -13.00 -13.00 -13.00 -13.00 -13.00 -13.00 -13.00 -13.00 -13.00 -13.00 -13.00 -13.00 -13.00 -13.00
1944.00 -11.76 -11.76 -11.76 -11.76 -11.76 -11.76 -11.76 -11.76 -11.76 -11.76 -11.76 -11.76 -11.76 -11.76 -11.76 -11.76 -11.76 -11.76 -11.76 -11.76 -11.76 -11.76 -11.76
1945.00 -10.51 -10.51 -10.51 -10.51 -10.51 -10.51 -10.51 -10.51 -10.51 -10.51 -10.51 -10.51 -10.51 -10.51 -10.51 -10.51 -10.51 -10.51 -10.51 -10.51 -10.51 -10.51 -10.51
1946.00 -8.77 -8.77 -8.77 -8.77 -8.77 -8.77 -8.77 -8.77 -8.77 -8.77 -8.77 -8.77 -8.77 -8.77 -8.77 -8.77 -8.77 -8.77 -8.77 -8.77 -8.77 -8.77 -8.77
1947.00 -6.40 -6.40 -6.40 -6.40 -6.40 -6.40 -6.40 -6.40 -6.40 -6.40 -6.40 -6.40 -6.40 -6.40 -6.40 -6.40 -6.40 -6.40 -6.40 -6.40 -6.40 -6.40 -6.40
1948.00 -5.51 -5.51 -5.51 -5.51 -5.51 -5.51 -5.51 -5.51 -5.51 -5.51 -5.51 -5.51 -5.51 -5.51 -5.51 -5.51 -5.51 -5.51 -5.51 -5.51 -5.51 -5.51 -5.51
1949.00 -3.84 -3.84 -3.84 -3.84 -3.84 -3.84 -3.84 -3.84 -3.84 -3.84 -3.84 -3.84 -3.84 -3.84 -3.84 -3.84 -3.84 -3.84 -3.84 -3.84 -3.84 -3.84 -3.84
1950.00 -3.15 -3.15 -3.15 -3.15 -3.15 -3.15 -3.15 -3.15 -3.15 -3.15 -3.15 -3.15 -3.15 -3.15 -3.15 -3.15 -3.15 -3.15 -3.15 -3.15 -3.15 -3.15 -3.15
1951.00 -2.87 -2.87 -2.87 -2.87 -2.87 -2.87 -2.87 -2.87 -2.87 -2.87 -2.87 -2.87 -2.87 -2.87 -2.87 -2.87 -2.87 -2.87 -2.87 -2.87 -2.87 -2.87 -2.87
1952.00 -2.47 -2.47 -2.47 -2.47 -2.47 -2.47 -2.47 -2.47 -2.47 -2.47 -2.47 -2.47 -2.47 -2.47 -2.47 -2.47 -2.47 -2.47 -2.47 -2.47 -2.47 -2.47 -2.47
1953.00 -1.21 -1.21 -1.21 -1.21 -1.21 -1.21 -1.21 -1.21 -1.21 -1.21 -1.21 -1.21 -1.21 -1.21 -1.21 -1.21 -1.21 -1.21 -1.21 -1.21 -1.21 -1.21 -1.21
1954.00 0.91 0.91 0.91 0.91 0.91 0.91 0.91 0.91 0.91 0.91 0.91 0.91 0.91 0.91 0.91 0.91 0.91 0.91 0.91 0.91 0.91 0.91 0.91
1955.00 2.85 2.85 2.85 2.85 2.85 2.85 2.85 2.85 2.85 2.85 2.85 2.85 2.85 2.85 2.85 2.85 2.85 2.85 2.85 2.85 2.85 2.85 2.85
1956.00 5.68 5.68 5.68 5.68 5.68 5.68 5.68 5.68 5.68 5.68 5.68 5.68 5.68 5.68 5.68 5.68 5.68 5.68 5.68 5.68 5.68 5.68 5.68
1957.00 8.20 8.20 8.20 8.20 8.20 8.20 8.20 8.20 8.20 8.20 8.20 8.20 8.20 8.20 8.20 8.20 8.20 8.20 8.20 8.20 8.20 8.20 8.20
1958.00 9.81 9.81 9.81 9.81 9.81 9.81 9.81 9.81 9.81 9.81 9.81 9.81 9.81 9.81 9.81 9.81 9.81 9.81 9.81 9.81 9.81 9.81 9.81
1959.00 11.99 11.99 11.99 11.99 11.99 11.99 11.99 11.99 11.99 11.99 11.99 11.99 11.99 11.99 11.99 11.99 11.99 11.99 11.99 11.99 11.99 11.99 11.99
1960.00 14.12 14.12 14.12 14.12 14.12 14.12 14.12 14.12 14.12 14.12 14.12 14.12 14.12 14.12 14.12 14.12 14.12 14.12 14.12 14.12 14.12 14.12 14.12
1961.00 15.43 15.43 15.43 15.43 15.43 15.43 15.43 15.43 15.43 15.43 15.43 15.43 15.43 15.43 15.43 15.43 15.43 15.43 15.43 15.43 15.43 15.43 15.43
1962.00 17.11 17.11 17.11 17.11 17.11 17.11 17.11 17.11 17.11 17.11 17.11 17.11 17.11 17.11 17.11 17.11 17.11 17.11 17.11 17.11 17.11 17.11 17.11
1963.00 19.75 19.75 19.75 19.75 19.75 19.75 19.75 19.75 19.75 19.75 19.75 19.75 19.75 19.75 19.75 19.75 19.75 19.75 19.75 19.75 19.75 19.75 19.75
1964.00 21.76 21.76 21.76 21.76 21.76 21.76 21.76 21.76 21.76 21.76 21.76 21.76 21.76 21.76 21.76 21.76 21.76 21.76 21.76 21.76 21.76 21.76 21.76
1965.00 23.08 23.08 23.08 23.08 23.08 23.08 23.08 23.08 23.08 23.08 23.08 23.08 23.08 23.08 23.08 23.08 23.08 23.08 23.08 23.08 23.08 23.08 23.08
1966.00 24.76 24.76 24.76 24.76 24.76 24.76 24.76 24.76 24.76 24.76 24.76 24.76 24.76 24.76 24.76 24.76 24.76 24.76 24.76 24.76 24.76 24.76 24.76
1967.00 26.41 26.41 26.41 26.41 26.41 26.41 26.41 26.41 26.41 26.41 26.41 26.41 26.41 26.41 26.41 26.41 26.41 26.41 26.41 26.41 26.41 26.41 26.41
1968.00 27.88 27.88 27.88 27.88 27.88 27.88 27.88 27.88 27.88 27.88 27.88 27.88 27.88 27.88 27.88 27.88 27.88 27.88 27.88 27.88 27.88 27.88 27.88
1969.00 31.06 31.06 31.06 31.06 31.06 31.06 31.06 31.06 31.06 31.06 31.06 31.06 31.06 31.06 31.06 31.06 31.06 31.06 31.06 31.06 31.06 31.06 31.06
1970.00 155.80 155.80 155.80 155.80 155.80 155.80 155.80 155.80 155.80 155.80 155.80 155.80 155.80 155.80 155.80 155.80 155.80 155.80 155.80 155.80 155.80 155.80 155.80
1971.00 163.61 163.61 163.61 163.61 163.61 163.61 163.61 163.61 163.61 163.61 163.61 163.61 163.61 163.61 163.61 163.61 163.61 163.61 163.61 163.61 163.61 163.61 163.61
1972.00 179.54 179.54 179.54 179.54 179.54 179.54 179.54 179.54 179.54 179.54 179.54 179.54 179.54 179.54 179.54 179.54 179.54 179.54 179.54 179.54 179.54 179.54 179.54
1973.00 201.71 201.71 201.71 201.71 201.71 201.71 201.71 201.71 201.71 201.71 201.71 201.71 201.71 201.71 201.71 201.71 201.71 201.71 201.71 201.71 201.71 201.71 201.71
1974.00 212.39 212.39 212.39 212.39 212.39 212.39 212.39 212.39 212.39 212.39 212.39 212.39 212.39 212.39 212.39 212.39 212.39 212.39 212.39 212.39 212.39 212.39 212.39
1975.00 222.97 222.97 222.97 222.97 222.97 222.97 222.97 222.97 222.97 222.97 222.97 222.97 222.97 222.97 222.97 222.97 222.97 222.97 222.97 222.97 222.97 222.97 222.97
1976.00 230.84 230.84 230.84 230.84 230.84 230.84 230.84 230.84 230.84 230.84 230.84 230.84 230.84 230.84 230.84 230.84 230.84 230.84 230.84 230.84 230.84 230.84 230.84
1977.00 229.35 229.35 229.35 229.35 229.35 229.35 229.35 229.35 229.35 229.35 229.35 229.35 229.35 229.35 229.35 229.35 229.35 229.35 229.35 229.35 229.35 229.35 229.35
1978.00 224.66 224.66 224.66 224.66 224.66 224.66 224.66 224.66 224.66 224.66 224.66 224.66 224.66 224.66 224.66 224.66 224.66 224.66 224.66 224.66 224.66 224.66 224.66
1979.00 215.01 215.01 215.01 215.01 215.01 215.01 215.01 215.01 215.01 215.01 215.01 215.01 215.01 215.01 215.01 215.01 215.01 215.01 215.01 215.01 215.01 215.01 215.01
1980.00 215.25 215.25 215.25 215.25 215.25 215.25 215.25 215.25 215.25 215.25 215.25 215.25 215.25 215.25 215.25 215.25 215.25 215.25 215.25 215.25 215.25 215.25 215.25
1981.00 209.80 209.80 209.80 209.80 209.80 209.80 209.80 209.80 209.80 209.80 209.80 209.80 209.80 209.80 209.80 209.80 209.80 209.80 209.80 209.80 209.80 209.80 209.80
1982.00 210.47 210.47 210.47 210.47 210.47 210.47 210.47 210.47 210.47 210.47 210.47 210.47 210.47 210.47 210.47 210.47 210.47 210.47 210.47 210.47 210.47 210.47 210.47
1983.00 200.99 200.99 200.99 200.99 200.99 200.99 200.99 200.99 200.99 200.99 200.99 200.99 200.99 200.99 200.99 200.99 200.99 200.99 200.99 200.99 200.99 200.99 200.99
1984.00 183.40 183.40 183.40 183.40 183.40 183.40 183.40 183.40 183.40 183.40 183.40 183.40 183.40 183.40 183.40 183.40 183.40 183.40 183.40 183.40 183.40 183.40 183.40
1985.00 182.39 182.39 182.39 182.39 182.39 182.39 182.39 182.39 182.39 182.39 182.39 182.39 182.39 182.39 182.39 182.39 182.39 182.39 182.39 182.39 182.39 182.39 182.39
1986.00 179.71 179.71 179.71 179.71 179.71 179.71 179.71 179.71 179.71 179.71 179.71 179.71 179.71 179.71 179.71 179.71 179.71 179.71 179.71 179.71 179.71 179.71 179.71
1987.00 171.24 171.24 171.24 171.24 171.24 171.24 171.24 171.24 171.24 171.24 171.24 171.24 171.24 171.24 171.24 171.24 171.24 171.24 171.24 171.24 171.24 171.24 171.24
1988.00 121.09 123.27 125.46 127.64 129.83 132.01 134.20 136.38 138.57 140.75 142.94 145.12 147.31 149.49 151.68 153.86 156.05 158.23 160.42 162.60 164.79 166.98 169.16
1989.00 116.49 118.60 120.71 122.81 124.92 127.03 129.13 131.24 133.35 135.45 137.56 139.67 141.77 143.88 145.99 148.10 150.20 152.31 154.42 156.52 158.63 160.74 162.84
1990.00 111.77 113.79 115.80 117.82 119.83 121.85 123.86 125.88 127.89 129.91 131.92 133.94 135.95 137.97 139.98 142.00 144.01 146.03 148.05 150.06 152.08 154.09 156.11
1991.00 108.86 110.83 112.80 114.78 116.75 118.73 120.70 122.67 124.65 126.62 128.60 130.57 132.54 134.52 136.49 138.47 140.44 142.41 144.39 146.36 148.34 150.31 152.28
1992.00 106.50 108.45 110.40 112.35 114.30 116.25 118.21 120.16 122.11 124.06 126.01 127.96 129.91 131.86 133.82 135.77 137.72 139.67 141.62 143.57 145.52 147.48 149.43
1993.00 102.92 104.84 106.76 108.69 110.61 112.53 114.45 116.37 118.29 120.21 122.14 124.06 125.98 127.90 129.82 131.74 133.66 135.58 137.51 139.43 141.35 143.27 145.19
1994.00 98.52 100.41 102.30 104.19 106.08 107.98 109.87 111.76 113.65 115.54 117.43 119.32 121.21 123.10 124.99 126.88 128.77 130.67 132.56 134.45 136.34 138.23 140.12
1995.00 95.27 97.16 99.04 100.93 102.82 104.71 106.59 108.48 110.37 112.25 114.14 116.03 117.91 119.80 121.69 123.58 125.46 127.35 129.24 131.12 133.01 134.90 136.79
1996.00 90.92 92.77 94.61 96.46 98.30 100.15 101.99 103.84 105.68 107.52 109.37 111.21 113.06 114.90 116.75 118.59 120.44 122.28 124.12 125.97 127.81 129.66 131.50
1997.00 87.17 89.00 90.83 92.67 94.50 96.33 98.16 99.99 101.82 103.66 105.49 107.32 109.15 110.98 112.82 114.65 116.48 118.31 120.14 121.97 123.81 125.64 127.47
1998.00 84.43 86.24 88.05 89.86 91.67 93.48 95.29 97.10 98.91 100.72 102.53 104.34 106.15 107.96 109.77 111.58 113.39 115.20 117.01 118.82 120.62 122.43 124.24
1999.00 81.57 83.32 85.06 86.81 88.56 90.31 92.06 93.80 95.55 97.30 99.05 100.80 102.54 104.29 106.04 107.79 109.54 111.28 113.03 114.78 116.53 118.28 120.02
2000.00 76.27 77.92 79.57 81.21 82.86 84.51 86.15 87.80 89.45 91.10 92.74 94.39 96.04 97.68 99.33 100.98 102.63 104.27 105.92 107.57 109.21 110.86 112.51
2001.00 72.76 74.35 75.94 77.53 79.12 80.71 82.30 83.89 85.48 87.07 88.66 90.25 91.84 93.43 95.02 96.61 98.20 99.79 101.38 102.97 104.56 106.15 107.74
2002.00 70.29 71.85 73.41 74.97 76.53 78.09 79.65 81.21 82.77 84.33 85.89 87.45 89.01 90.57 92.13 93.68 95.24 96.80 98.36 99.92 101.48 103.04 104.60
2003.00 66.37 67.89 69.40 70.92 72.44 73.96 75.47 76.99 78.51 80.02 81.54 83.06 84.58 86.09 87.61 89.13 90.65 92.16 93.68 95.20 96.71 98.23 99.75
2004.00 61.47 62.89 64.30 65.72 67.13 68.55 69.96 71.38 72.79 74.21 75.62 77.04 78.45 79.87 81.28 82.69 84.11 85.52 86.94 88.35 89.77 91.18 92.60
2005.00 58.63 60.01 61.40 62.78 64.17 65.56 66.94 68.33 69.71 71.10 72.48 73.87 75.25 76.64 78.02 79.41 80.79 82.18 83.56 84.95 86.34 87.72 89.11
2006.00 56.59 57.95 59.31 60.67 62.03 63.40 64.76 66.12 67.48 68.84 70.20 71.57 72.93 74.29 75.65 77.01 78.37 79.74 81.10 82.46 83.82 85.18 86.54
2007.00 53.71 55.03 56.35 57.67 58.99 60.31 61.63 62.95 64.28 65.60 66.92 68.24 69.56 70.88 72.20 73.52 74.84 76.16 77.49 78.81 80.13 81.45 82.77
2008.00 50.21 51.43 52.66 53.89 55.12 56.35 57.57 58.80 60.03 61.26 62.49 63.72 64.94 66.17 67.40 68.63 69.86 71.08 72.31 73.54 74.77 76.00 77.23
2009.00 47.06 48.23 49.40 50.57 51.74 52.91 54.08 55.25 56.43 57.60 58.77 59.94 61.11 62.28 63.45 64.62 65.79 66.96 68.14 69.31 70.48 71.65 72.82
2010.00 41.19 42.25 43.31 44.38 45.44 46.50 47.56 48.63 49.69 50.75 51.82 52.88 53.94 55.00 56.07 57.13 58.19 59.25 60.32 61.38 62.44 63.51 64.57
2011.00 37.75 38.78 39.81 40.85 41.88 42.91 43.94 44.97 46.00 47.03 48.06 49.09 50.12 51.15 52.18 53.21 54.24 55.27 56.30 57.33 58.36 59.39 60.42
2012.00 34.17 35.17 36.17 37.16 38.16 39.16 40.15 41.15 42.15 43.14 44.14 45.14 46.13 47.13 48.13 49.12 50.12 51.12 52.11 53.11 54.11 55.10 56.10
2013.00 30.78 31.75 32.71 33.67 34.63 35.59 36.55 37.51 38.47 39.43 40.39 41.35 42.31 43.27 44.24 45.20 46.16 47.12 48.08 49.04 50.00 50.96 51.92
2014.00 27.44 28.36 29.28 30.20 31.11 32.03 32.95 33.87 34.78 35.70 36.62 37.53 38.45 39.37 40.29 41.20 42.12 43.04 43.95 44.87 45.79 46.71 47.62
2015.00 25.22 26.13 27.04 27.95 28.87 29.78 30.69 31.60 32.51 33.42 34.34 35.25 36.16 37.07 37.98 38.89 39.80 40.72 41.63 42.54 43.45 44.36 45.27
2016.00 22.03 22.92 23.80 24.69 25.57 26.46 27.34 28.23 29.12 30.00 30.89 31.77 32.66 33.54 34.43 35.32 36.20 37.09 37.97 38.86 39.74 40.63 41.51
2017.00 19.06 19.92 20.77 21.63 22.48 23.34 24.19 25.05 25.90 26.76 27.61 28.47 29.32 30.18 31.03 31.89 32.74 33.60 34.45 35.31 36.16 37.02 37.87
2018.00 -8.23 -8.23 -8.23 -8.23 -8.23 -8.23 -8.23 -8.23 -8.23 -8.23 -8.23 -8.23 -8.23 -8.23 -8.23 -8.23 -8.23 -8.23 -8.23 -8.23 -8.23 -8.23 -8.23
2019.00 -9.88 -9.88 -9.88 -9.88 -9.88 -9.88 -9.88 -9.88 -9.88 -9.88 -9.88 -9.88 -9.88 -9.88 -9.88 -9.88 -9.88 -9.88 -9.88 -9.88 -9.88 -9.88 -9.88
2020.00 -12.41 -12.41 -12.41 -12.41 -12.41 -12.41 -12.41 -12.41 -12.41 -12.41 -12.41 -12.41 -12.41 -12.41 -12.41 -12.41 -12.41 -12.41 -12.41 -12.41 -12.41 -12.41 -12.41
2021.00 -14.55 -14.55 -14.55 -14.55 -14.55 -14.55 -14.55 -14.55 -14.55 -14.55 -14.55 -14.55 -14.55 -14.55 -14.55 -14.55 -14.55 -14.55 -14.55 -14.55 -14.55 -14.55 -14.55
2022.00 -15.97 -15.97 -15.97 -15.97 -15.97 -15.97 -15.97 -15.97 -15.97 -15.97 -15.97 -15.97 -15.97 -15.97 -15.97 -15.97 -15.97 -15.97 -15.97 -15.97 -15.97 -15.97 -15.97
2023.00 -17.45 -17.45 -17.45 -17.45 -17.45 -17.45 -17.45 -17.45 -17.45 -17.45 -17.45 -17.45 -17.45 -17.45 -17.45 -17.45 -17.45 -17.45 -17.45 -17.45 -17.45 -17.45 -17.45
2024.00 -18.11 -18.11 -18.11 -18.11 -18.11 -18.11 -18.11 -18.11 -18.11 -18.11 -18.11 -18.11 -18.11 -18.11 -18.11 -18.11 -18.11 -18.11 -18.11 -18.11 -18.11 -18.11 -18.11
2025.00 -18.32 -18.32 -18.32 -18.32 -18.32 -18.32 -18.32 -18.32 -18.32 -18.32 -18.32 -18.32 -18.32 -18.32 -18.32 -18.32 -18.32 -18.32 -18.32 -18.32 -18.32 -18.32 -18.32
2026.00 -18.04 -18.04 -18.04 -18.04 -18.04 -18.04 -18.04 -18.04 -18.04 -18.04 -18.04 -18.04 -18.04 -18.04 -18.04 -18.04 -18.04 -18.04 -18.04 -18.04 -18.04 -18.04 -18.04
2027.00 -17.36 -17.36 -17.36 -17.36 -17.36 -17.36 -17.36 -17.36 -17.36 -17.36 -17.36 -17.36 -17.36 -17.36 -17.36 -17.36 -17.36 -17.36 -17.36 -17.36 -17.36 -17.36 -17.36
2028.00 -17.67 -17.67 -17.67 -17.67 -17.67 -17.67 -17.67 -17.67 -17.67 -17.67 -17.67 -17.67 -17.67 -17.67 -17.67 -17.67 -17.67 -17.67 -17.67 -17.67 -17.67 -17.67 -17.67
2029.00 -17.34 -17.34 -17.34 -17.34 -17.34 -17.34 -17.34 -17.34 -17.34 -17.34 -17.34 -17.34 -17.34 -17.34 -17.34 -17.34 -17.34 -17.34 -17.34 -17.34 -17.34 -17.34 -17.34
2030.00 -17.01 -17.01 -17.01 -17.01 -17.01 -17.01 -17.01 -17.01 -17.01 -17.01 -17.01 -17.01 -17.01 -17.01 -17.01 -17.01 -17.01 -17.01 -17.01 -17.01 -17.01 -17.01 -17.01
2031.00 -17.08 -17.08 -17.08 -17.08 -17.08 -17.08 -17.08 -17.08 -17.08 -17.08 -17.08 -17.08 -17.08 -17.08 -17.08 -17.08 -17.08 -17.08 -17.08 -17.08 -17.08 -17.08 -17.08
2032.00 -16.54 -16.54 -16.54 -16.54 -16.54 -16.54 -16.54 -16.54 -16.54 -16.54 -16.54 -16.54 -16.54 -16.54 -16.54 -16.54 -16.54 -16.54 -16.54 -16.54 -16.54 -16.54 -16.54
2033.00 -16.53 -16.53 -16.53 -16.53 -16.53 -16.53 -16.53 -16.53 -16.53 -16.53 -16.53 -16.53 -16.53 -16.53 -16.53 -16.53 -16.53 -16.53 -16.53 -16.53 -16.53 -16.53 -16.53
2034.00 -16.75 -16.75 -16.75 -16.75 -16.75 -16.75 -16.75 -16.75 -16.75 -16.75 -16.75 -16.75 -16.75 -16.75 -16.75 -16.75 -16.75 -16.75 -16.75 -16.75 -16.75 -16.75 -16.75
2035.00 -16.63 -16.63 -16.63 -16.63 -16.63 -16.63 -16.63 -16.63 -16.63 -16.63 -16.63 -16.63 -16.63 -16.63 -16.63 -16.63 -16.63 -16.63 -16.63 -16.63 -16.63 -16.63 -16.63
2036.00 -16.53 -16.53 -16.53 -16.53 -16.53 -16.53 -16.53 -16.53 -16.53 -16.53 -16.53 -16.53 -16.53 -16.53 -16.53 -16.53 -16.53 -16.53 -16.53 -16.53 -16.53 -16.53 -16.53
2037.00 -16.38 -16.38 -16.38 -16.38 -16.38 -16.38 -16.38 -16.38 -16.38 -16.38 -16.38 -16.38 -16.38 -16.38 -16.38 -16.38 -16.38 -16.38 -16.38 -16.38 -16.38 -16.38 -16.38
2038.00 -16.36 -16.36 -16.36 -16.36 -16.36 -16.36 -16.36 -16.36 -16.36 -16.36 -16.36 -16.36 -16.36 -16.36 -16.36 -16.36 -16.36 -16.36 -16.36 -16.36 -16.36 -16.36 -16.36
2039.00 -16.24 -16.24 -16.24 -16.24 -16.24 -16.24 -16.24 -16.24 -16.24 -16.24 -16.24 -16.24 -16.24 -16.24 -16.24 -16.24 -16.24 -16.24 -16.24 -16.24 -16.24 -16.24 -16.24
2040.00 -16.02 -16.02 -16.02 -16.02 -16.02 -16.02 -16.02 -16.02 -16.02 -16.02 -16.02 -16.02 -16.02 -16.02 -16.02 -16.02 -16.02 -16.02 -16.02 -16.02 -16.02 -16.02 -16.02
2041.00 -16.09 -16.09 -16.09 -16.09 -16.09 -16.09 -16.09 -16.09 -16.09 -16.09 -16.09 -16.09 -16.09 -16.09 -16.09 -16.09 -16.09 -16.09 -16.09 -16.09 -16.09 -16.09 -16.09
2042.00 -16.19 -16.19 -16.19 -16.19 -16.19 -16.19 -16.19 -16.19 -16.19 -16.19 -16.19 -16.19 -16.19 -16.19 -16.19 -16.19 -16.19 -16.19 -16.19 -16.19 -16.19 -16.19 -16.19
2043.00 -16.47 -16.47 -16.47 -16.47 -16.47 -16.47 -16.47 -16.47 -16.47 -16.47 -16.47 -16.47 -16.47 -16.47 -16.47 -16.47 -16.47 -16.47 -16.47 -16.47 -16.47 -16.47 -16.47
2044.00 -17.13 -17.13 -17.13 -17.13 -17.13 -17.13 -17.13 -17.13 -17.13 -17.13 -17.13 -17.13 -17.13 -17.13 -17.13 -17.13 -17.13 -17.13 -17.13 -17.13 -17.13 -17.13 -17.13
2045.00 -17.47 -17.47 -17.47 -17.47 -17.47 -17.47 -17.47 -17.47 -17.47 -17.47 -17.47 -17.47 -17.47 -17.47 -17.47 -17.47 -17.47 -17.47 -17.47 -17.47 -17.47 -17.47 -17.47
2046.00 -17.90 -17.90 -17.90 -17.90 -17.90 -17.90 -17.90 -17.90 -17.90 -17.90 -17.90 -17.90 -17.90 -17.90 -17.90 -17.90 -17.90 -17.90 -17.90 -17.90 -17.90 -17.90 -17.90
2047.00 -18.27 -18.27 -18.27 -18.27 -18.27 -18.27 -18.27 -18.27 -18.27 -18.27 -18.27 -18.27 -18.27 -18.27 -18.27 -18.27 -18.27 -18.27 -18.27 -18.27 -18.27 -18.27 -18.27
2048.00 -18.38 -18.38 -18.38 -18.38 -18.38 -18.38 -18.38 -18.38 -18.38 -18.38 -18.38 -18.38 -18.38 -18.38 -18.38 -18.38 -18.38 -18.38 -18.38 -18.38 -18.38 -18.38 -18.38
2049.00 -18.41 -18.41 -18.41 -18.41 -18.41 -18.41 -18.41 -18.41 -18.41 -18.41 -18.41 -18.41 -18.41 -18.41 -18.41 -18.41 -18.41 -18.41 -18.41 -18.41 -18.41 -18.41 -18.41
2050.00 -18.30 -18.30 -18.30 -18.30 -18.30 -18.30 -18.30 -18.30 -18.30 -18.30 -18.30 -18.30 -18.30 -18.30 -18.30 -18.30 -18.30 -18.30 -18.30 -18.30 -18.30 -18.30 -18.30
2051.00 -17.95 -17.95 -17.95 -17.95 -17.95 -17.95 -17.95 -17.95 -17.95 -17.95 -17.95 -17.95 -17.95 -17.95 -17.95 -17.95 -17.95 -17.95 -17.95 -17.95 -17.95 -17.95 -17.95
2052.00 -17.61 -17.61 -17.61 -17.61 -17.61 -17.61 -17.61 -17.61 -17.61 -17.61 -17.61 -17.61 -17.61 -17.61 -17.61 -17.61 -17.61 -17.61 -17.61 -17.61 -17.61 -17.61 -17.61
2053.00 -17.46 -17.46 -17.46 -17.46 -17.46 -17.46 -17.46 -17.46 -17.46 -17.46 -17.46 -17.46 -17.46 -17.46 -17.46 -17.46 -17.46 -17.46 -17.46 -17.46 -17.46 -17.46 -17.46
2054.00 -17.19 -17.19 -17.19 -17.19 -17.19 -17.19 -17.19 -17.19 -17.19 -17.19 -17.19 -17.19 -17.19 -17.19 -17.19 -17.19 -17.19 -17.19 -17.19 -17.19 -17.19 -17.19 -17.19
2055.00 -17.16 -17.16 -17.16 -17.16 -17.16 -17.16 -17.16 -17.16 -17.16 -17.16 -17.16 -17.16 -17.16 -17.16 -17.16 -17.16 -17.16 -17.16 -17.16 -17.16 -17.16 -17.16 -17.16
2056.00 -17.15 -17.15 -17.15 -17.15 -17.15 -17.15 -17.15 -17.15 -17.15 -17.15 -17.15 -17.15 -17.15 -17.15 -17.15 -17.15 -17.15 -17.15 -17.15 -17.15 -17.15 -17.15 -17.15
2057.00 -16.96 -16.96 -16.96 -16.96 -16.96 -16.96 -16.96 -16.96 -16.96 -16.96 -16.96 -16.96 -16.96 -16.96 -16.96 -16.96 -16.96 -16.96 -16.96 -16.96 -16.96 -16.96 -16.96
2058.00 -16.97 -16.97 -16.97 -16.97 -16.97 -16.97 -16.97 -16.97 -16.97 -16.97 -16.97 -16.97 -16.97 -16.97 -16.97 -16.97 -16.97 -16.97 -16.97 -16.97 -16.97 -16.97 -16.97
2059.00 -16.95 -16.95 -16.95 -16.95 -16.95 -16.95 -16.95 -16.95 -16.95 -16.95 -16.95 -16.95 -16.95 -16.95 -16.95 -16.95 -16.95 -16.95 -16.95 -16.95 -16.95 -16.95 -16.95
2060.00 -16.82 -16.82 -16.82 -16.82 -16.82 -16.82 -16.82 -16.82 -16.82 -16.82 -16.82 -16.82 -16.82 -16.82 -16.82 -16.82 -16.82 -16.82 -16.82 -16.82 -16.82 -16.82 -16.82
2061.00 -16.71 -16.71 -16.71 -16.71 -16.71 -16.71 -16.71 -16.71 -16.71 -16.71 -16.71 -16.71 -16.71 -16.71 -16.71 -16.71 -16.71 -16.71 -16.71 -16.71 -16.71 -16.71 -16.71
2062.00 -16.57 -16.57 -16.57 -16.57 -16.57 -16.57 -16.57 -16.57 -16.57 -16.57 -16.57 -16.57 -16.57 -16.57 -16.57 -16.57 -16.57 -16.57 -16.57 -16.57 -16.57 -16.57 -16.57
2063.00 -16.39 -16.39 -16.39 -16.39 -16.39 -16.39 -16.39 -16.39 -16.39 -16.39 -16.39 -16.39 -16.39 -16.39 -16.39 -16.39 -16.39 -16.39 -16.39 -16.39 -16.39 -16.39 -16.39
2064.00 -16.33 -16.33 -16.33 -16.33 -16.33 -16.33 -16.33 -16.33 -16.33 -16.33 -16.33 -16.33 -16.33 -16.33 -16.33 -16.33 -16.33 -16.33 -16.33 -16.33 -16.33 -16.33 -16.33
2065.00 -16.40 -16.40 -16.40 -16.40 -16.40 -16.40 -16.40 -16.40 -16.40 -16.40 -16.40 -16.40 -16.40 -16.40 -16.40 -16.40 -16.40 -16.40 -16.40 -16.40 -16.40 -16.40 -16.40
