# yearspad, alpred
# [0.6  0.62 0.64 0.66 0.68 0.7  0.72 0.74 0.76 0.78 0.8  0.82 0.84 0.86
#  0.88 0.9  0.92 0.94 0.96 0.98 1.   1.02 1.04]
1922.00 0.54 0.54 0.54 0.54 0.54 0.54 0.54 0.54 0.54 0.54 0.54 0.54 0.54 0.54 0.54 0.54 0.54 0.54 0.54 0.54 0.54 0.54 0.54
1923.00 0.57 0.57 0.57 0.57 0.57 0.57 0.57 0.57 0.57 0.57 0.57 0.57 0.57 0.57 0.57 0.57 0.57 0.57 0.57 0.57 0.57 0.57 0.57
1924.00 0.37 0.37 0.37 0.37 0.37 0.37 0.37 0.37 0.37 0.37 0.37 0.37 0.37 0.37 0.37 0.37 0.37 0.37 0.37 0.37 0.37 0.37 0.37
1925.00 0.41 0.41 0.41 0.41 0.41 0.41 0.41 0.41 0.41 0.41 0.41 0.41 0.41 0.41 0.41 0.41 0.41 0.41 0.41 0.41 0.41 0.41 0.41
1926.00 0.13 0.13 0.13 0.13 0.13 0.13 0.13 0.13 0.13 0.13 0.13 0.13 0.13 0.13 0.13 0.13 0.13 0.13 0.13 0.13 0.13 0.13 0.13
1927.00 0.01 0.01 0.01 0.01 0.01 0.01 0.01 0.01 0.01 0.01 0.01 0.01 0.01 0.01 0.01 0.01 0.01 0.01 0.01 0.01 0.01 0.01 0.01
1928.00 -0.47 -0.47 -0.47 -0.47 -0.47 -0.47 -0.47 -0.47 -0.47 -0.47 -0.47 -0.47 -0.47 -0.47 -0.47 -0.47 -0.47 -0.47 -0.47 -0.47 -0.47 -0.47 -0.47
1929.00 -0.83 -0.83 -0.83 -0.83 -0.83 -0.83 -0.83 -0.83 -0.83 -0.83 -0.83 -0.83 -0.83 -0.83 -0.83 -0.83 -0.83 -0.83 -0.83 -0.83 -0.83 -0.83 -0.83
1930.00 -1.43 -1.43 -1.43 -1.43 -1.43 -1.43 -1.43 -1.43 -1.43 -1.43 -1.43 -1.43 -1.43 -1.43 -1.43 -1.43 -1.43 -1.43 -1.43 -1.43 -1.43 -1.43 -1.43
1931.00 -1.64 -1.64 -1.64 -1.64 -1.64 -1.64 -1.64 -1.64 -1.64 -1.64 -1.64 -1.64 -1.64 -1.64 -1.64 -1.64 -1.64 -1.64 -1.64 -1.64 -1.64 -1.64 -1.64
1932.00 -2.28 -2.28 -2.28 -2.28 -2.28 -2.28 -2.28 -2.28 -2.28 -2.28 -2.28 -2.28 -2.28 -2.28 -2.28 -2.28 -2.28 -2.28 -2.28 -2.28 -2.28 -2.28 -2.28
1933.00 -2.61 -2.61 -2.61 -2.61 -2.61 -2.61 -2.61 -2.61 -2.61 -2.61 -2.61 -2.61 -2.61 -2.61 -2.61 -2.61 -2.61 -2.61 -2.61 -2.61 -2.61 -2.61 -2.61
1934.00 -3.07 -3.07 -3.07 -3.07 -3.07 -3.07 -3.07 -3.07 -3.07 -3.07 -3.07 -3.07 -3.07 -3.07 -3.07 -3.07 -3.07 -3.07 -3.07 -3.07 -3.07 -3.07 -3.07
1935.00 -3.01 -3.01 -3.01 -3.01 -3.01 -3.01 -3.01 -3.01 -3.01 -3.01 -3.01 -3.01 -3.01 -3.01 -3.01 -3.01 -3.01 -3.01 -3.01 -3.01 -3.01 -3.01 -3.01
1936.00 -3.36 -3.36 -3.36 -3.36 -3.36 -3.36 -3.36 -3.36 -3.36 -3.36 -3.36 -3.36 -3.36 -3.36 -3.36 -3.36 -3.36 -3.36 -3.36 -3.36 -3.36 -3.36 -3.36
1937.00 -3.31 -3.31 -3.31 -3.31 -3.31 -3.31 -3.31 -3.31 -3.31 -3.31 -3.31 -3.31 -3.31 -3.31 -3.31 -3.31 -3.31 -3.31 -3.31 -3.31 -3.31 -3.31 -3.31
1938.00 -3.52 -3.52 -3.52 -3.52 -3.52 -3.52 -3.52 -3.52 -3.52 -3.52 -3.52 -3.52 -3.52 -3.52 -3.52 -3.52 -3.52 -3.52 -3.52 -3.52 -3.52 -3.52 -3.52
1939.00 -3.50 -3.50 -3.50 -3.50 -3.50 -3.50 -3.50 -3.50 -3.50 -3.50 -3.50 -3.50 -3.50 -3.50 -3.50 -3.50 -3.50 -3.50 -3.50 -3.50 -3.50 -3.50 -3.50
1940.00 -3.73 -3.73 -3.73 -3.73 -3.73 -3.73 -3.73 -3.73 -3.73 -3.73 -3.73 -3.73 -3.73 -3.73 -3.73 -3.73 -3.73 -3.73 -3.73 -3.73 -3.73 -3.73 -3.73
1941.00 -3.64 -3.64 -3.64 -3.64 -3.64 -3.64 -3.64 -3.64 -3.64 -3.64 -3.64 -3.64 -3.64 -3.64 -3.64 -3.64 -3.64 -3.64 -3.64 -3.64 -3.64 -3.64 -3.64
1942.00 -3.82 -3.82 -3.82 -3.82 -3.82 -3.82 -3.82 -3.82 -3.82 -3.82 -3.82 -3.82 -3.82 -3.82 -3.82 -3.82 -3.82 -3.82 -3.82 -3.82 -3.82 -3.82 -3.82
1943.00 -3.52 -3.52 -3.52 -3.52 -3.52 -3.52 -3.52 -3.52 -3.52 -3.52 -3.52 -3.52 -3.52 -3.52 -3.52 -3.52 -3.52 -3.52 -3.52 -3.52 -3.52 -3.52 -3.52
1944.00 -3.69 -3.69 -3.69 -3.69 -3.69 -3.69 -3.69 -3.69 -3.69 -3.69 -3.69 -3.69 -3.69 -3.69 -3.69 -3.69 -3.69 -3.69 -3.69 -3.69 -3.69 -3.69 -3.69
1945.00 -3.26 -3.26 -3.26 -3.26 -3.26 -3.26 -3.26 -3.26 -3.26 -3.26 -3.26 -3.26 -3.26 -3.26 -3.26 -3.26 -3.26 -3.26 -3.26 -3.26 -3.26 -3.26 -3.26
1946.00 -3.56 -3.56 -3.56 -3.56 -3.56 -3.56 -3.56 -3.56 -3.56 -3.56 -3.56 -3.56 -3.56 -3.56 -3.56 -3.56 -3.56 -3.56 -3.56 -3.56 -3.56 -3.56 -3.56
1947.00 -3.33 -3.33 -3.33 -3.33 -3.33 -3.33 -3.33 -3.33 -3.33 -3.33 -3.33 -3.33 -3.33 -3.33 -3.33 -3.33 -3.33 -3.33 -3.33 -3.33 -3.33 -3.33 -3.33
1948.00 -3.56 -3.56 -3.56 -3.56 -3.56 -3.56 -3.56 -3.56 -3.56 -3.56 -3.56 -3.56 -3.56 -3.56 -3.56 -3.56 -3.56 -3.56 -3.56 -3.56 -3.56 -3.56 -3.56
1949.00 -3.24 -3.24 -3.24 -3.24 -3.24 -3.24 -3.24 -3.24 -3.24 -3.24 -3.24 -3.24 -3.24 -3.24 -3.24 -3.24 -3.24 -3.24 -3.24 -3.24 -3.24 -3.24 -3.24
1950.00 -3.75 -3.75 -3.75 -3.75 -3.75 -3.75 -3.75 -3.75 -3.75 -3.75 -3.75 -3.75 -3.75 -3.75 -3.75 -3.75 -3.75 -3.75 -3.75 -3.75 -3.75 -3.75 -3.75
1951.00 -3.73 -3.73 -3.73 -3.73 -3.73 -3.73 -3.73 -3.73 -3.73 -3.73 -3.73 -3.73 -3.73 -3.73 -3.73 -3.73 -3.73 -3.73 -3.73 -3.73 -3.73 -3.73 -3.73
1952.00 -3.98 -3.98 -3.98 -3.98 -3.98 -3.98 -3.98 -3.98 -3.98 -3.98 -3.98 -3.98 -3.98 -3.98 -3.98 -3.98 -3.98 -3.98 -3.98 -3.98 -3.98 -3.98 -3.98
1953.00 -3.93 -3.93 -3.93 -3.93 -3.93 -3.93 -3.93 -3.93 -3.93 -3.93 -3.93 -3.93 -3.93 -3.93 -3.93 -3.93 -3.93 -3.93 -3.93 -3.93 -3.93 -3.93 -3.93
1954.00 -4.15 -4.15 -4.15 -4.15 -4.15 -4.15 -4.15 -4.15 -4.15 -4.15 -4.15 -4.15 -4.15 -4.15 -4.15 -4.15 -4.15 -4.15 -4.15 -4.15 -4.15 -4.15 -4.15
1955.00 -4.28 -4.28 -4.28 -4.28 -4.28 -4.28 -4.28 -4.28 -4.28 -4.28 -4.28 -4.28 -4.28 -4.28 -4.28 -4.28 -4.28 -4.28 -4.28 -4.28 -4.28 -4.28 -4.28
1956.00 -4.52 -4.52 -4.52 -4.52 -4.52 -4.52 -4.52 -4.52 -4.52 -4.52 -4.52 -4.52 -4.52 -4.52 -4.52 -4.52 -4.52 -4.52 -4.52 -4.52 -4.52 -4.52 -4.52
1957.00 -4.99 -4.99 -4.99 -4.99 -4.99 -4.99 -4.99 -4.99 -4.99 -4.99 -4.99 -4.99 -4.99 -4.99 -4.99 -4.99 -4.99 -4.99 -4.99 -4.99 -4.99 -4.99 -4.99
1958.00 -4.97 -4.97 -4.97 -4.97 -4.97 -4.97 -4.97 -4.97 -4.97 -4.97 -4.97 -4.97 -4.97 -4.97 -4.97 -4.97 -4.97 -4.97 -4.97 -4.97 -4.97 -4.97 -4.97
1959.00 -4.93 -4.93 -4.93 -4.93 -4.93 -4.93 -4.93 -4.93 -4.93 -4.93 -4.93 -4.93 -4.93 -4.93 -4.93 -4.93 -4.93 -4.93 -4.93 -4.93 -4.93 -4.93 -4.93
1960.00 -4.96 -4.96 -4.96 -4.96 -4.96 -4.96 -4.96 -4.96 -4.96 -4.96 -4.96 -4.96 -4.96 -4.96 -4.96 -4.96 -4.96 -4.96 -4.96 -4.96 -4.96 -4.96 -4.96
1961.00 -5.12 -5.12 -5.12 -5.12 -5.12 -5.12 -5.12 -5.12 -5.12 -5.12 -5.12 -5.12 -5.12 -5.12 -5.12 -5.12 -5.12 -5.12 -5.12 -5.12 -5.12 -5.12 -5.12
1962.00 -4.92 -4.92 -4.92 -4.92 -4.92 -4.92 -4.92 -4.92 -4.92 -4.92 -4.92 -4.92 -4.92 -4.92 -4.92 -4.92 -4.92 -4.92 -4.92 -4.92 -4.92 -4.92 -4.92
1963.00 -4.95 -4.95 -4.95 -4.95 -4.95 -4.95 -4.95 -4.95 -4.95 -4.95 -4.95 -4.95 -4.95 -4.95 -4.95 -4.95 -4.95 -4.95 -4.95 -4.95 -4.95 -4.95 -4.95
1964.00 -4.94 -4.94 -4.94 -4.94 -4.94 -4.94 -4.94 -4.94 -4.94 -4.94 -4.94 -4.94 -4.94 -4.94 -4.94 -4.94 -4.94 -4.94 -4.94 -4.94 -4.94 -4.94 -4.94
1965.00 -5.05 -5.05 -5.05 -5.05 -5.05 -5.05 -5.05 -5.05 -5.05 -5.05 -5.05 -5.05 -5.05 -5.05 -5.05 -5.05 -5.05 -5.05 -5.05 -5.05 -5.05 -5.05 -5.05
1966.00 -5.25 -5.25 -5.25 -5.25 -5.25 -5.25 -5.25 -5.25 -5.25 -5.25 -5.25 -5.25 -5.25 -5.25 -5.25 -5.25 -5.25 -5.25 -5.25 -5.25 -5.25 -5.25 -5.25
1967.00 -5.58 -5.58 -5.58 -5.58 -5.58 -5.58 -5.58 -5.58 -5.58 -5.58 -5.58 -5.58 -5.58 -5.58 -5.58 -5.58 -5.58 -5.58 -5.58 -5.58 -5.58 -5.58 -5.58
1968.00 -5.59 -5.59 -5.59 -5.59 -5.59 -5.59 -5.59 -5.59 -5.59 -5.59 -5.59 -5.59 -5.59 -5.59 -5.59 -5.59 -5.59 -5.59 -5.59 -5.59 -5.59 -5.59 -5.59
1969.00 -5.75 -5.75 -5.75 -5.75 -5.75 -5.75 -5.75 -5.75 -5.75 -5.75 -5.75 -5.75 -5.75 -5.75 -5.75 -5.75 -5.75 -5.75 -5.75 -5.75 -5.75 -5.75 -5.75
1970.00 115.91 115.91 115.91 115.91 115.91 115.91 115.91 115.91 115.91 115.91 115.91 115.91 115.91 115.91 115.91 115.91 115.91 115.91 115.91 115.91 115.91 115.91 115.91
1971.00 119.80 119.80 119.80 119.80 119.80 119.80 119.80 119.80 119.80 119.80 119.80 119.80 119.80 119.80 119.80 119.80 119.80 119.80 119.80 119.80 119.80 119.80 119.80
1972.00 125.28 125.28 125.28 125.28 125.28 125.28 125.28 125.28 125.28 125.28 125.28 125.28 125.28 125.28 125.28 125.28 125.28 125.28 125.28 125.28 125.28 125.28 125.28
1973.00 126.70 126.70 126.70 126.70 126.70 126.70 126.70 126.70 126.70 126.70 126.70 126.70 126.70 126.70 126.70 126.70 126.70 126.70 126.70 126.70 126.70 126.70 126.70
1974.00 129.93 129.93 129.93 129.93 129.93 129.93 129.93 129.93 129.93 129.93 129.93 129.93 129.93 129.93 129.93 129.93 129.93 129.93 129.93 129.93 129.93 129.93 129.93
1975.00 133.61 133.61 133.61 133.61 133.61 133.61 133.61 133.61 133.61 133.61 133.61 133.61 133.61 133.61 133.61 133.61 133.61 133.61 133.61 133.61 133.61 133.61 133.61
1976.00 139.58 139.58 139.58 139.58 139.58 139.58 139.58 139.58 139.58 139.58 139.58 139.58 139.58 139.58 139.58 139.58 139.58 139.58 139.58 139.58 139.58 139.58 139.58
1977.00 140.02 140.02 140.02 140.02 140.02 140.02 140.02 140.02 140.02 140.02 140.02 140.02 140.02 140.02 140.02 140.02 140.02 140.02 140.02 140.02 140.02 140.02 140.02
1978.00 142.66 142.66 142.66 142.66 142.66 142.66 142.66 142.66 142.66 142.66 142.66 142.66 142.66 142.66 142.66 142.66 142.66 142.66 142.66 142.66 142.66 142.66 142.66
1979.00 140.15 140.15 140.15 140.15 140.15 140.15 140.15 140.15 140.15 140.15 140.15 140.15 140.15 140.15 140.15 140.15 140.15 140.15 140.15 140.15 140.15 140.15 140.15
1980.00 143.77 143.77 143.77 143.77 143.77 143.77 143.77 143.77 143.77 143.77 143.77 143.77 143.77 143.77 143.77 143.77 143.77 143.77 143.77 143.77 143.77 143.77 143.77
1981.00 144.01 144.01 144.01 144.01 144.01 144.01 144.01 144.01 144.01 144.01 144.01 144.01 144.01 144.01 144.01 144.01 144.01 144.01 144.01 144.01 144.01 144.01 144.01
1982.00 143.81 143.81 143.81 143.81 143.81 143.81 143.81 143.81 143.81 143.81 143.81 143.81 143.81 143.81 143.81 143.81 143.81 143.81 143.81 143.81 143.81 143.81 143.81
1983.00 133.78 133.78 133.78 133.78 133.78 133.78 133.78 133.78 133.78 133.78 133.78 133.78 133.78 133.78 133.78 133.78 133.78 133.78 133.78 133.78 133.78 133.78 133.78
1984.00 128.87 128.87 128.87 128.87 128.87 128.87 128.87 128.87 128.87 128.87 128.87 128.87 128.87 128.87 128.87 128.87 128.87 128.87 128.87 128.87 128.87 128.87 128.87
1985.00 125.00 125.00 125.00 125.00 125.00 125.00 125.00 125.00 125.00 125.00 125.00 125.00 125.00 125.00 125.00 125.00 125.00 125.00 125.00 125.00 125.00 125.00 125.00
1986.00 121.19 121.19 121.19 121.19 121.19 121.19 121.19 121.19 121.19 121.19 121.19 121.19 121.19 121.19 121.19 121.19 121.19 121.19 121.19 121.19 121.19 121.19 121.19
1987.00 116.52 116.52 116.52 116.52 116.52 116.52 116.52 116.52 116.52 116.52 116.52 116.52 116.52 116.52 116.52 116.52 116.52 116.52 116.52 116.52 116.52 116.52 116.52
1988.00 68.24 70.45 72.66 74.87 77.08 79.29 81.50 83.71 85.92 88.13 90.34 92.55 94.76 96.97 99.18 101.39 103.60 105.81 108.02 110.23 112.44 114.65 116.86
1989.00 65.57 67.70 69.84 71.97 74.10 76.24 78.37 80.51 82.64 84.77 86.91 89.04 91.18 93.31 95.45 97.58 99.71 101.85 103.98 106.12 108.25 110.38 112.52
1990.00 63.03 65.08 67.13 69.17 71.22 73.27 75.32 77.36 79.41 81.46 83.51 85.55 87.60 89.65 91.70 93.74 95.79 97.84 99.89 101.93 103.98 106.03 108.08
1991.00 61.58 63.58 65.57 67.57 69.57 71.57 73.57 75.57 77.57 79.57 81.57 83.57 85.57 87.57 89.57 91.57 93.57 95.57 97.56 99.56 101.56 103.56 105.56
1992.00 61.09 63.07 65.04 67.02 68.99 70.97 72.94 74.92 76.89 78.87 80.84 82.82 84.79 86.77 88.74 90.72 92.69 94.67 96.64 98.62 100.59 102.57 104.54
1993.00 60.18 62.13 64.08 66.02 67.97 69.91 71.86 73.81 75.75 77.70 79.64 81.59 83.53 85.48 87.43 89.37 91.32 93.26 95.21 97.16 99.10 101.05 102.99
1994.00 59.56 61.48 63.40 65.31 67.23 69.15 71.06 72.98 74.90 76.82 78.73 80.65 82.57 84.48 86.40 88.32 90.23 92.15 94.07 95.98 97.90 99.82 101.73
1995.00 59.53 61.45 63.36 65.28 67.19 69.11 71.02 72.94 74.85 76.77 78.68 80.60 82.51 84.43 86.34 88.26 90.17 92.09 94.00 95.92 97.83 99.75 101.66
1996.00 58.31 60.19 62.06 63.93 65.81 67.68 69.55 71.43 73.30 75.17 77.05 78.92 80.79 82.67 84.54 86.41 88.29 90.16 92.03 93.91 95.78 97.65 99.53
1997.00 58.14 60.01 61.87 63.74 65.60 67.46 69.33 71.19 73.06 74.92 76.79 78.65 80.51 82.38 84.24 86.11 87.97 89.84 91.70 93.57 95.43 97.29 99.16
1998.00 57.58 59.42 61.25 63.09 64.93 66.76 68.60 70.44 72.27 74.11 75.95 77.79 79.62 81.46 83.30 85.13 86.97 88.81 90.64 92.48 94.32 96.15 97.99
1999.00 55.44 57.22 58.99 60.76 62.54 64.31 66.08 67.86 69.63 71.40 73.18 74.95 76.73 78.50 80.27 82.05 83.82 85.59 87.37 89.14 90.91 92.69 94.46
2000.00 52.11 53.78 55.45 57.12 58.79 60.45 62.12 63.79 65.46 67.13 68.79 70.46 72.13 73.80 75.46 77.13 78.80 80.47 82.14 83.80 85.47 87.14 88.81
2001.00 50.40 52.01 53.63 55.25 56.87 58.48 60.10 61.72 63.34 64.96 66.57 68.19 69.81 71.43 73.05 74.66 76.28 77.90 79.52 81.14 82.75 84.37 85.99
2002.00 49.12 50.69 52.27 53.85 55.42 57.00 58.58 60.15 61.73 63.31 64.88 66.46 68.04 69.62 71.19 72.77 74.35 75.92 77.50 79.08 80.65 82.23 83.81
2003.00 48.44 50.00 51.55 53.10 54.66 56.21 57.77 59.32 60.88 62.43 63.98 65.54 67.09 68.65 70.20 71.76 73.31 74.87 76.42 77.97 79.53 81.08 82.64
2004.00 45.52 46.97 48.42 49.87 51.32 52.77 54.22 55.67 57.12 58.57 60.02 61.47 62.92 64.38 65.83 67.28 68.73 70.18 71.63 73.08 74.53 75.98 77.43
2005.00 44.52 45.94 47.36 48.78 50.21 51.63 53.05 54.47 55.89 57.31 58.74 60.16 61.58 63.00 64.42 65.84 67.27 68.69 70.11 71.53 72.95 74.37 75.80
2006.00 43.71 45.10 46.49 47.88 49.27 50.66 52.05 53.44 54.82 56.21 57.60 58.99 60.38 61.77 63.16 64.55 65.94 67.32 68.71 70.10 71.49 72.88 74.27
2007.00 42.53 43.87 45.21 46.56 47.90 49.24 50.59 51.93 53.27 54.62 55.96 57.30 58.65 59.99 61.33 62.68 64.02 65.36 66.70 68.05 69.39 70.73 72.08
2008.00 39.90 41.15 42.40 43.65 44.90 46.15 47.40 48.65 49.90 51.15 52.40 53.65 54.90 56.15 57.40 58.65 59.90 61.15 62.40 63.65 64.90 66.15 67.40
2009.00 38.04 39.23 40.42 41.61 42.80 43.99 45.17 46.36 47.55 48.74 49.93 51.12 52.31 53.49 54.68 55.87 57.06 58.25 59.44 60.62 61.81 63.00 64.19
2010.00 34.65 35.73 36.81 37.89 38.96 40.04 41.12 42.19 43.27 44.35 45.43 46.50 47.58 48.66 49.74 50.81 51.89 52.97 54.04 55.12 56.20 57.28 58.35
2011.00 33.67 34.71 35.75 36.79 37.83 38.87 39.91 40.95 41.99 43.03 44.07 45.11 46.15 47.19 48.23 49.27 50.31 51.35 52.39 53.43 54.47 55.51 56.55
2012.00 32.41 33.42 34.43 35.43 36.44 37.45 38.46 39.47 40.47 41.48 42.49 43.50 44.51 45.51 46.52 47.53 48.54 49.55 50.55 51.56 52.57 53.58 54.58
2013.00 31.47 32.44 33.41 34.38 35.35 36.31 37.28 38.25 39.22 40.19 41.16 42.13 43.10 44.07 45.03 46.00 46.97 47.94 48.91 49.88 50.85 51.82 52.79
2014.00 29.93 30.86 31.79 32.71 33.64 34.57 35.49 36.42 37.35 38.27 39.20 40.13 41.05 41.98 42.91 43.83 44.76 45.69 46.61 47.54 48.47 49.40 50.32
2015.00 29.70 30.61 31.53 32.44 33.36 34.28 35.19 36.11 37.02 37.94 38.85 39.77 40.69 41.60 42.52 43.43 44.35 45.27 46.18 47.10 48.01 48.93 49.85
2016.00 28.54 29.44 30.33 31.23 32.13 33.03 33.93 34.82 35.72 36.62 37.52 38.42 39.32 40.21 41.11 42.01 42.91 43.81 44.70 45.60 46.50 47.40 48.30
2017.00 27.67 28.54 29.41 30.27 31.14 32.00 32.87 33.74 34.60 35.47 36.33 37.20 38.07 38.93 39.80 40.67 41.53 42.40 43.26 44.13 45.00 45.86 46.73
2018.00 1.10 1.10 1.10 1.10 1.10 1.10 1.10 1.10 1.10 1.10 1.10 1.10 1.10 1.10 1.10 1.10 1.10 1.10 1.10 1.10 1.10 1.10 1.10
2019.00 0.96 0.96 0.96 0.96 0.96 0.96 0.96 0.96 0.96 0.96 0.96 0.96 0.96 0.96 0.96 0.96 0.96 0.96 0.96 0.96 0.96 0.96 0.96
2020.00 0.43 0.43 0.43 0.43 0.43 0.43 0.43 0.43 0.43 0.43 0.43 0.43 0.43 0.43 0.43 0.43 0.43 0.43 0.43 0.43 0.43 0.43 0.43
2021.00 0.49 0.49 0.49 0.49 0.49 0.49 0.49 0.49 0.49 0.49 0.49 0.49 0.49 0.49 0.49 0.49 0.49 0.49 0.49 0.49 0.49 0.49 0.49
2022.00 0.09 0.09 0.09 0.09 0.09 0.09 0.09 0.09 0.09 0.09 0.09 0.09 0.09 0.09 0.09 0.09 0.09 0.09 0.09 0.09 0.09 0.09 0.09
2023.00 -0.04 -0.04 -0.04 -0.04 -0.04 -0.04 -0.04 -0.04 -0.04 -0.04 -0.04 -0.04 -0.04 -0.04 -0.04 -0.04 -0.04 -0.04 -0.04 -0.04 -0.04 -0.04 -0.04
2024.00 -0.42 -0.42 -0.42 -0.42 -0.42 -0.42 -0.42 -0.42 -0.42 -0.42 -0.42 -0.42 -0.42 -0.42 -0.42 -0.42 -0.42 -0.42 -0.42 -0.42 -0.42 -0.42 -0.42
2025.00 -0.37 -0.37 -0.37 -0.37 -0.37 -0.37 -0.37 -0.37 -0.37 -0.37 -0.37 -0.37 -0.37 -0.37 -0.37 -0.37 -0.37 -0.37 -0.37 -0.37 -0.37 -0.37 -0.37
2026.00 -0.66 -0.66 -0.66 -0.66 -0.66 -0.66 -0.66 -0.66 -0.66 -0.66 -0.66 -0.66 -0.66 -0.66 -0.66 -0.66 -0.66 -0.66 -0.66 -0.66 -0.66 -0.66 -0.66
2027.00 -0.67 -0.67 -0.67 -0.67 -0.67 -0.67 -0.67 -0.67 -0.67 -0.67 -0.67 -0.67 -0.67 -0.67 -0.67 -0.67 -0.67 -0.67 -0.67 -0.67 -0.67 -0.67 -0.67
2028.00 -0.85 -0.85 -0.85 -0.85 -0.85 -0.85 -0.85 -0.85 -0.85 -0.85 -0.85 -0.85 -0.85 -0.85 -0.85 -0.85 -0.85 -0.85 -0.85 -0.85 -0.85 -0.85 -0.85
2029.00 -0.63 -0.63 -0.63 -0.63 -0.63 -0.63 -0.63 -0.63 -0.63 -0.63 -0.63 -0.63 -0.63 -0.63 -0.63 -0.63 -0.63 -0.63 -0.63 -0.63 -0.63 -0.63 -0.63
2030.00 -0.69 -0.69 -0.69 -0.69 -0.69 -0.69 -0.69 -0.69 -0.69 -0.69 -0.69 -0.69 -0.69 -0.69 -0.69 -0.69 -0.69 -0.69 -0.69 -0.69 -0.69 -0.69 -0.69
2031.00 -0.14 -0.14 -0.14 -0.14 -0.14 -0.14 -0.14 -0.14 -0.14 -0.14 -0.14 -0.14 -0.14 -0.14 -0.14 -0.14 -0.14 -0.14 -0.14 -0.14 -0.14 -0.14 -0.14
2032.00 -0.05 -0.05 -0.05 -0.05 -0.05 -0.05 -0.05 -0.05 -0.05 -0.05 -0.05 -0.05 -0.05 -0.05 -0.05 -0.05 -0.05 -0.05 -0.05 -0.05 -0.05 -0.05 -0.05
2033.00 0.27 0.27 0.27 0.27 0.27 0.27 0.27 0.27 0.27 0.27 0.27 0.27 0.27 0.27 0.27 0.27 0.27 0.27 0.27 0.27 0.27 0.27 0.27
2034.00 0.36 0.36 0.36 0.36 0.36 0.36 0.36 0.36 0.36 0.36 0.36 0.36 0.36 0.36 0.36 0.36 0.36 0.36 0.36 0.36 0.36 0.36 0.36
2035.00 0.69 0.69 0.69 0.69 0.69 0.69 0.69 0.69 0.69 0.69 0.69 0.69 0.69 0.69 0.69 0.69 0.69 0.69 0.69 0.69 0.69 0.69 0.69
2036.00 0.67 0.67 0.67 0.67 0.67 0.67 0.67 0.67 0.67 0.67 0.67 0.67 0.67 0.67 0.67 0.67 0.67 0.67 0.67 0.67 0.67 0.67 0.67
2037.00 0.80 0.80 0.80 0.80 0.80 0.80 0.80 0.80 0.80 0.80 0.80 0.80 0.80 0.80 0.80 0.80 0.80 0.80 0.80 0.80 0.80 0.80 0.80
2038.00 0.69 0.69 0.69 0.69 0.69 0.69 0.69 0.69 0.69 0.69 0.69 0.69 0.69 0.69 0.69 0.69 0.69 0.69 0.69 0.69 0.69 0.69 0.69
2039.00 0.84 0.84 0.84 0.84 0.84 0.84 0.84 0.84 0.84 0.84 0.84 0.84 0.84 0.84 0.84 0.84 0.84 0.84 0.84 0.84 0.84 0.84 0.84
2040.00 0.67 0.67 0.67 0.67 0.67 0.67 0.67 0.67 0.67 0.67 0.67 0.67 0.67 0.67 0.67 0.67 0.67 0.67 0.67 0.67 0.67 0.67 0.67
2041.00 0.83 0.83 0.83 0.83 0.83 0.83 0.83 0.83 0.83 0.83 0.83 0.83 0.83 0.83 0.83 0.83 0.83 0.83 0.83 0.83 0.83 0.83 0.83
2042.00 0.72 0.72 0.72 0.72 0.72 0.72 0.72 0.72 0.72 0.72 0.72 0.72 0.72 0.72 0.72 0.72 0.72 0.72 0.72 0.72 0.72 0.72 0.72
2043.00 0.85 0.85 0.85 0.85 0.85 0.85 0.85 0.85 0.85 0.85 0.85 0.85 0.85 0.85 0.85 0.85 0.85 0.85 0.85 0.85 0.85 0.85 0.85
2044.00 0.71 0.71 0.71 0.71 0.71 0.71 0.71 0.71 0.71 0.71 0.71 0.71 0.71 0.71 0.71 0.71 0.71 0.71 0.71 0.71 0.71 0.71 0.71
2045.00 0.87 0.87 0.87 0.87 0.87 0.87 0.87 0.87 0.87 0.87 0.87 0.87 0.87 0.87 0.87 0.87 0.87 0.87 0.87 0.87 0.87 0.87 0.87
2046.00 0.71 0.71 0.71 0.71 0.71 0.71 0.71 0.71 0.71 0.71 0.71 0.71 0.71 0.71 0.71 0.71 0.71 0.71 0.71 0.71 0.71 0.71 0.71
2047.00 0.82 0.82 0.82 0.82 0.82 0.82 0.82 0.82 0.82 0.82 0.82 0.82 0.82 0.82 0.82 0.82 0.82 0.82 0.82 0.82 0.82 0.82 0.82
2048.00 0.59 0.59 0.59 0.59 0.59 0.59 0.59 0.59 0.59 0.59 0.59 0.59 0.59 0.59 0.59 0.59 0.59 0.59 0.59 0.59 0.59 0.59 0.59
2049.00 0.63 0.63 0.63 0.63 0.63 0.63 0.63 0.63 0.63 0.63 0.63 0.63 0.63 0.63 0.63 0.63 0.63 0.63 0.63 0.63 0.63 0.63 0.63
2050.00 0.44 0.44 0.44 0.44 0.44 0.44 0.44 0.44 0.44 0.44 0.44 0.44 0.44 0.44 0.44 0.44 0.44 0.44 0.44 0.44 0.44 0.44 0.44
2051.00 0.45 0.45 0.45 0.45 0.45 0.45 0.45 0.45 0.45 0.45 0.45 0.45 0.45 0.45 0.45 0.45 0.45 0.45 0.45 0.45 0.45 0.45 0.45
2052.00 0.26 0.26 0.26 0.26 0.26 0.26 0.26 0.26 0.26 0.26 0.26 0.26 0.26 0.26 0.26 0.26 0.26 0.26 0.26 0.26 0.26 0.26 0.26
2053.00 0.38 0.38 0.38 0.38 0.38 0.38 0.38 0.38 0.38 0.38 0.38 0.38 0.38 0.38 0.38 0.38 0.38 0.38 0.38 0.38 0.38 0.38 0.38
2054.00 0.30 0.30 0.30 0.30 0.30 0.30 0.30 0.30 0.30 0.30 0.30 0.30 0.30 0.30 0.30 0.30 0.30 0.30 0.30 0.30 0.30 0.30 0.30
2055.00 0.44 0.44 0.44 0.44 0.44 0.44 0.44 0.44 0.44 0.44 0.44 0.44 0.44 0.44 0.44 0.44 0.44 0.44 0.44 0.44 0.44 0.44 0.44
2056.00 0.43 0.43 0.43 0.43 0.43 0.43 0.43 0.43 0.43 0.43 0.43 0.43 0.43 0.43 0.43 0.43 0.43 0.43 0.43 0.43 0.43 0.43 0.43
2057.00 0.64 0.64 0.64 0.64 0.64 0.64 0.64 0.64 0.64 0.64 0.64 0.64 0.64 0.64 0.64 0.64 0.64 0.64 0.64 0.64 0.64 0.64 0.64
2058.00 0.55 0.55 0.55 0.55 0.55 0.55 0.55 0.55 0.55 0.55 0.55 0.55 0.55 0.55 0.55 0.55 0.55 0.55 0.55 0.55 0.55 0.55 0.55
2059.00 0.75 0.75 0.75 0.75 0.75 0.75 0.75 0.75 0.75 0.75 0.75 0.75 0.75 0.75 0.75 0.75 0.75 0.75 0.75 0.75 0.75 0.75 0.75
2060.00 0.65 0.65 0.65 0.65 0.65 0.65 0.65 0.65 0.65 0.65 0.65 0.65 0.65 0.65 0.65 0.65 0.65 0.65 0.65 0.65 0.65 0.65 0.65
2061.00 0.79 0.79 0.79 0.79 0.79 0.79 0.79 0.79 0.79 0.79 0.79 0.79 0.79 0.79 0.79 0.79 0.79 0.79 0.79 0.79 0.79 0.79 0.79
2062.00 0.62 0.62 0.62 0.62 0.62 0.62 0.62 0.62 0.62 0.62 0.62 0.62 0.62 0.62 0.62 0.62 0.62 0.62 0.62 0.62 0.62 0.62 0.62
2063.00 0.72 0.72 0.72 0.72 0.72 0.72 0.72 0.72 0.72 0.72 0.72 0.72 0.72 0.72 0.72 0.72 0.72 0.72 0.72 0.72 0.72 0.72 0.72
2064.00 0.57 0.57 0.57 0.57 0.57 0.57 0.57 0.57 0.57 0.57 0.57 0.57 0.57 0.57 0.57 0.57 0.57 0.57 0.57 0.57 0.57 0.57 0.57
2065.00 0.73 0.73 0.73 0.73 0.73 0.73 0.73 0.73 0.73 0.73 0.73 0.73 0.73 0.73 0.73 0.73 0.73 0.73 0.73 0.73 0.73 0.73 0.73
