# yearspad, alpred
# [0.6  0.62 0.64 0.66 0.68 0.7  0.72 0.74 0.76 0.78 0.8  0.82 0.84 0.86
#  0.88 0.9  0.92 0.94 0.96 0.98 1.   1.02 1.04]
1922.00 -0.10 -0.10 -0.10 -0.10 -0.10 -0.10 -0.10 -0.10 -0.10 -0.10 -0.10 -0.10 -0.10 -0.10 -0.10 -0.10 -0.10 -0.10 -0.10 -0.10 -0.10 -0.10 -0.10
1923.00 0.64 0.64 0.64 0.64 0.64 0.64 0.64 0.64 0.64 0.64 0.64 0.64 0.64 0.64 0.64 0.64 0.64 0.64 0.64 0.64 0.64 0.64 0.64
1924.00 1.57 1.57 1.57 1.57 1.57 1.57 1.57 1.57 1.57 1.57 1.57 1.57 1.57 1.57 1.57 1.57 1.57 1.57 1.57 1.57 1.57 1.57 1.57
1925.00 1.79 1.79 1.79 1.79 1.79 1.79 1.79 1.79 1.79 1.79 1.79 1.79 1.79 1.79 1.79 1.79 1.79 1.79 1.79 1.79 1.79 1.79 1.79
1926.00 2.27 2.27 2.27 2.27 2.27 2.27 2.27 2.27 2.27 2.27 2.27 2.27 2.27 2.27 2.27 2.27 2.27 2.27 2.27 2.27 2.27 2.27 2.27
1927.00 2.65 2.65 2.65 2.65 2.65 2.65 2.65 2.65 2.65 2.65 2.65 2.65 2.65 2.65 2.65 2.65 2.65 2.65 2.65 2.65 2.65 2.65 2.65
1928.00 3.81 3.81 3.81 3.81 3.81 3.81 3.81 3.81 3.81 3.81 3.81 3.81 3.81 3.81 3.81 3.81 3.81 3.81 3.81 3.81 3.81 3.81 3.81
1929.00 4.16 4.16 4.16 4.16 4.16 4.16 4.16 4.16 4.16 4.16 4.16 4.16 4.16 4.16 4.16 4.16 4.16 4.16 4.16 4.16 4.16 4.16 4.16
1930.00 4.81 4.81 4.81 4.81 4.81 4.81 4.81 4.81 4.81 4.81 4.81 4.81 4.81 4.81 4.81 4.81 4.81 4.81 4.81 4.81 4.81 4.81 4.81
1931.00 5.20 5.20 5.20 5.20 5.20 5.20 5.20 5.20 5.20 5.20 5.20 5.20 5.20 5.20 5.20 5.20 5.20 5.20 5.20 5.20 5.20 5.20 5.20
1932.00 5.09 5.09 5.09 5.09 5.09 5.09 5.09 5.09 5.09 5.09 5.09 5.09 5.09 5.09 5.09 5.09 5.09 5.09 5.09 5.09 5.09 5.09 5.09
1933.00 5.36 5.36 5.36 5.36 5.36 5.36 5.36 5.36 5.36 5.36 5.36 5.36 5.36 5.36 5.36 5.36 5.36 5.36 5.36 5.36 5.36 5.36 5.36
1934.00 5.92 5.92 5.92 5.92 5.92 5.92 5.92 5.92 5.92 5.92 5.92 5.92 5.92 5.92 5.92 5.92 5.92 5.92 5.92 5.92 5.92 5.92 5.92
1935.00 5.62 5.62 5.62 5.62 5.62 5.62 5.62 5.62 5.62 5.62 5.62 5.62 5.62 5.62 5.62 5.62 5.62 5.62 5.62 5.62 5.62 5.62 5.62
1936.00 5.66 5.66 5.66 5.66 5.66 5.66 5.66 5.66 5.66 5.66 5.66 5.66 5.66 5.66 5.66 5.66 5.66 5.66 5.66 5.66 5.66 5.66 5.66
1937.00 5.18 5.18 5.18 5.18 5.18 5.18 5.18 5.18 5.18 5.18 5.18 5.18 5.18 5.18 5.18 5.18 5.18 5.18 5.18 5.18 5.18 5.18 5.18
1938.00 5.09 5.09 5.09 5.09 5.09 5.09 5.09 5.09 5.09 5.09 5.09 5.09 5.09 5.09 5.09 5.09 5.09 5.09 5.09 5.09 5.09 5.09 5.09
1939.00 4.23 4.23 4.23 4.23 4.23 4.23 4.23 4.23 4.23 4.23 4.23 4.23 4.23 4.23 4.23 4.23 4.23 4.23 4.23 4.23 4.23 4.23 4.23
1940.00 4.25 4.25 4.25 4.25 4.25 4.25 4.25 4.25 4.25 4.25 4.25 4.25 4.25 4.25 4.25 4.25 4.25 4.25 4.25 4.25 4.25 4.25 4.25
1941.00 4.34 4.34 4.34 4.34 4.34 4.34 4.34 4.34 4.34 4.34 4.34 4.34 4.34 4.34 4.34 4.34 4.34 4.34 4.34 4.34 4.34 4.34 4.34
1942.00 4.54 4.54 4.54 4.54 4.54 4.54 4.54 4.54 4.54 4.54 4.54 4.54 4.54 4.54 4.54 4.54 4.54 4.54 4.54 4.54 4.54 4.54 4.54
1943.00 3.18 3.18 3.18 3.18 3.18 3.18 3.18 3.18 3.18 3.18 3.18 3.18 3.18 3.18 3.18 3.18 3.18 3.18 3.18 3.18 3.18 3.18 3.18
1944.00 3.10 3.10 3.10 3.10 3.10 3.10 3.10 3.10 3.10 3.10 3.10 3.10 3.10 3.10 3.10 3.10 3.10 3.10 3.10 3.10 3.10 3.10 3.10
1945.00 2.84 2.84 2.84 2.84 2.84 2.84 2.84 2.84 2.84 2.84 2.84 2.84 2.84 2.84 2.84 2.84 2.84 2.84 2.84 2.84 2.84 2.84 2.84
1946.00 2.99 2.99 2.99 2.99 2.99 2.99 2.99 2.99 2.99 2.99 2.99 2.99 2.99 2.99 2.99 2.99 2.99 2.99 2.99 2.99 2.99 2.99 2.99
1947.00 3.19 3.19 3.19 3.19 3.19 3.19 3.19 3.19 3.19 3.19 3.19 3.19 3.19 3.19 3.19 3.19 3.19 3.19 3.19 3.19 3.19 3.19 3.19
1948.00 3.53 3.53 3.53 3.53 3.53 3.53 3.53 3.53 3.53 3.53 3.53 3.53 3.53 3.53 3.53 3.53 3.53 3.53 3.53 3.53 3.53 3.53 3.53
1949.00 3.42 3.42 3.42 3.42 3.42 3.42 3.42 3.42 3.42 3.42 3.42 3.42 3.42 3.42 3.42 3.42 3.42 3.42 3.42 3.42 3.42 3.42 3.42
1950.00 3.03 3.03 3.03 3.03 3.03 3.03 3.03 3.03 3.03 3.03 3.03 3.03 3.03 3.03 3.03 3.03 3.03 3.03 3.03 3.03 3.03 3.03 3.03
1951.00 3.77 3.77 3.77 3.77 3.77 3.77 3.77 3.77 3.77 3.77 3.77 3.77 3.77 3.77 3.77 3.77 3.77 3.77 3.77 3.77 3.77 3.77 3.77
1952.00 4.44 4.44 4.44 4.44 4.44 4.44 4.44 4.44 4.44 4.44 4.44 4.44 4.44 4.44 4.44 4.44 4.44 4.44 4.44 4.44 4.44 4.44 4.44
1953.00 4.35 4.35 4.35 4.35 4.35 4.35 4.35 4.35 4.35 4.35 4.35 4.35 4.35 4.35 4.35 4.35 4.35 4.35 4.35 4.35 4.35 4.35 4.35
1954.00 3.86 3.86 3.86 3.86 3.86 3.86 3.86 3.86 3.86 3.86 3.86 3.86 3.86 3.86 3.86 3.86 3.86 3.86 3.86 3.86 3.86 3.86 3.86
1955.00 3.88 3.88 3.88 3.88 3.88 3.88 3.88 3.88 3.88 3.88 3.88 3.88 3.88 3.88 3.88 3.88 3.88 3.88 3.88 3.88 3.88 3.88 3.88
1956.00 4.14 4.14 4.14 4.14 4.14 4.14 4.14 4.14 4.14 4.14 4.14 4.14 4.14 4.14 4.14 4.14 4.14 4.14 4.14 4.14 4.14 4.14 4.14
1957.00 4.29 4.29 4.29 4.29 4.29 4.29 4.29 4.29 4.29 4.29 4.29 4.29 4.29 4.29 4.29 4.29 4.29 4.29 4.29 4.29 4.29 4.29 4.29
1958.00 4.22 4.22 4.22 4.22 4.22 4.22 4.22 4.22 4.22 4.22 4.22 4.22 4.22 4.22 4.22 4.22 4.22 4.22 4.22 4.22 4.22 4.22 4.22
1959.00 3.84 3.84 3.84 3.84 3.84 3.84 3.84 3.84 3.84 3.84 3.84 3.84 3.84 3.84 3.84 3.84 3.84 3.84 3.84 3.84 3.84 3.84 3.84
1960.00 3.47 3.47 3.47 3.47 3.47 3.47 3.47 3.47 3.47 3.47 3.47 3.47 3.47 3.47 3.47 3.47 3.47 3.47 3.47 3.47 3.47 3.47 3.47
1961.00 3.69 3.69 3.69 3.69 3.69 3.69 3.69 3.69 3.69 3.69 3.69 3.69 3.69 3.69 3.69 3.69 3.69 3.69 3.69 3.69 3.69 3.69 3.69
1962.00 3.86 3.86 3.86 3.86 3.86 3.86 3.86 3.86 3.86 3.86 3.86 3.86 3.86 3.86 3.86 3.86 3.86 3.86 3.86 3.86 3.86 3.86 3.86
1963.00 4.06 4.06 4.06 4.06 4.06 4.06 4.06 4.06 4.06 4.06 4.06 4.06 4.06 4.06 4.06 4.06 4.06 4.06 4.06 4.06 4.06 4.06 4.06
1964.00 4.45 4.45 4.45 4.45 4.45 4.45 4.45 4.45 4.45 4.45 4.45 4.45 4.45 4.45 4.45 4.45 4.45 4.45 4.45 4.45 4.45 4.45 4.45
1965.00 4.30 4.30 4.30 4.30 4.30 4.30 4.30 4.30 4.30 4.30 4.30 4.30 4.30 4.30 4.30 4.30 4.30 4.30 4.30 4.30 4.30 4.30 4.30
1966.00 4.05 4.05 4.05 4.05 4.05 4.05 4.05 4.05 4.05 4.05 4.05 4.05 4.05 4.05 4.05 4.05 4.05 4.05 4.05 4.05 4.05 4.05 4.05
1967.00 4.58 4.58 4.58 4.58 4.58 4.58 4.58 4.58 4.58 4.58 4.58 4.58 4.58 4.58 4.58 4.58 4.58 4.58 4.58 4.58 4.58 4.58 4.58
1968.00 4.52 4.52 4.52 4.52 4.52 4.52 4.52 4.52 4.52 4.52 4.52 4.52 4.52 4.52 4.52 4.52 4.52 4.52 4.52 4.52 4.52 4.52 4.52
1969.00 3.84 3.84 3.84 3.84 3.84 3.84 3.84 3.84 3.84 3.84 3.84 3.84 3.84 3.84 3.84 3.84 3.84 3.84 3.84 3.84 3.84 3.84 3.84
1970.00 124.21 124.21 124.21 124.21 124.21 124.21 124.21 124.21 124.21 124.21 124.21 124.21 124.21 124.21 124.21 124.21 124.21 124.21 124.21 124.21 124.21 124.21 124.21
1971.00 121.38 121.38 121.38 121.38 121.38 121.38 121.38 121.38 121.38 121.38 121.38 121.38 121.38 121.38 121.38 121.38 121.38 121.38 121.38 121.38 121.38 121.38 121.38
1972.00 118.04 118.04 118.04 118.04 118.04 118.04 118.04 118.04 118.04 118.04 118.04 118.04 118.04 118.04 118.04 118.04 118.04 118.04 118.04 118.04 118.04 118.04 118.04
1973.00 121.20 121.20 121.20 121.20 121.20 121.20 121.20 121.20 121.20 121.20 121.20 121.20 121.20 121.20 121.20 121.20 121.20 121.20 121.20 121.20 121.20 121.20 121.20
1974.00 124.25 124.25 124.25 124.25 124.25 124.25 124.25 124.25 124.25 124.25 124.25 124.25 124.25 124.25 124.25 124.25 124.25 124.25 124.25 124.25 124.25 124.25 124.25
1975.00 125.93 125.93 125.93 125.93 125.93 125.93 125.93 125.93 125.93 125.93 125.93 125.93 125.93 125.93 125.93 125.93 125.93 125.93 125.93 125.93 125.93 125.93 125.93
1976.00 117.11 117.11 117.11 117.11 117.11 117.11 117.11 117.11 117.11 117.11 117.11 117.11 117.11 117.11 117.11 117.11 117.11 117.11 117.11 117.11 117.11 117.11 117.11
1977.00 118.91 118.91 118.91 118.91 118.91 118.91 118.91 118.91 118.91 118.91 118.91 118.91 118.91 118.91 118.91 118.91 118.91 118.91 118.91 118.91 118.91 118.91 118.91
1978.00 120.44 120.44 120.44 120.44 120.44 120.44 120.44 120.44 120.44 120.44 120.44 120.44 120.44 120.44 120.44 120.44 120.44 120.44 120.44 120.44 120.44 120.44 120.44
1979.00 118.23 118.23 118.23 118.23 118.23 118.23 118.23 118.23 118.23 118.23 118.23 118.23 118.23 118.23 118.23 118.23 118.23 118.23 118.23 118.23 118.23 118.23 118.23
1980.00 120.51 120.51 120.51 120.51 120.51 120.51 120.51 120.51 120.51 120.51 120.51 120.51 120.51 120.51 120.51 120.51 120.51 120.51 120.51 120.51 120.51 120.51 120.51
1981.00 123.19 123.19 123.19 123.19 123.19 123.19 123.19 123.19 123.19 123.19 123.19 123.19 123.19 123.19 123.19 123.19 123.19 123.19 123.19 123.19 123.19 123.19 123.19
1982.00 122.31 122.31 122.31 122.31 122.31 122.31 122.31 122.31 122.31 122.31 122.31 122.31 122.31 122.31 122.31 122.31 122.31 122.31 122.31 122.31 122.31 122.31 122.31
1983.00 119.80 119.80 119.80 119.80 119.80 119.80 119.80 119.80 119.80 119.80 119.80 119.80 119.80 119.80 119.80 119.80 119.80 119.80 119.80 119.80 119.80 119.80 119.80
1984.00 116.01 116.01 116.01 116.01 116.01 116.01 116.01 116.01 116.01 116.01 116.01 116.01 116.01 116.01 116.01 116.01 116.01 116.01 116.01 116.01 116.01 116.01 116.01
1985.00 117.19 117.19 117.19 117.19 117.19 117.19 117.19 117.19 117.19 117.19 117.19 117.19 117.19 117.19 117.19 117.19 117.19 117.19 117.19 117.19 117.19 117.19 117.19
1986.00 115.79 115.79 115.79 115.79 115.79 115.79 115.79 115.79 115.79 115.79 115.79 115.79 115.79 115.79 115.79 115.79 115.79 115.79 115.79 115.79 115.79 115.79 115.79
1987.00 113.79 113.79 113.79 113.79 113.79 113.79 113.79 113.79 113.79 113.79 113.79 113.79 113.79 113.79 113.79 113.79 113.79 113.79 113.79 113.79 113.79 113.79 113.79
1988.00 65.18 67.39 69.60 71.81 74.02 76.23 78.44 80.65 82.85 85.06 87.27 89.48 91.69 93.90 96.11 98.32 100.53 102.74 104.95 107.16 109.37 111.58 113.79
1989.00 62.61 64.75 66.88 69.02 71.15 73.28 75.42 77.55 79.69 81.82 83.95 86.09 88.22 90.35 92.49 94.62 96.76 98.89 101.02 103.16 105.29 107.42 109.56
1990.00 60.13 62.18 64.23 66.28 68.32 70.37 72.42 74.47 76.52 78.57 80.61 82.66 84.71 86.76 88.81 90.86 92.90 94.95 97.00 99.05 101.10 103.15 105.19
1991.00 59.30 61.31 63.31 65.32 67.32 69.33 71.33 73.34 75.34 77.35 79.35 81.36 83.36 85.37 87.37 89.38 91.38 93.39 95.39 97.40 99.40 101.41 103.41
1992.00 58.45 60.43 62.41 64.39 66.37 68.36 70.34 72.32 74.30 76.29 78.27 80.25 82.23 84.21 86.20 88.18 90.16 92.14 94.12 96.11 98.09 100.07 102.05
1993.00 57.30 59.25 61.21 63.16 65.12 67.07 69.03 70.98 72.94 74.89 76.85 78.80 80.75 82.71 84.66 86.62 88.57 90.53 92.48 94.44 96.39 98.35 100.30
1994.00 56.39 58.31 60.24 62.17 64.10 66.03 67.95 69.88 71.81 73.74 75.67 77.60 79.52 81.45 83.38 85.31 87.24 89.16 91.09 93.02 94.95 96.88 98.80
1995.00 56.61 58.54 60.46 62.39 64.31 66.24 68.17 70.09 72.02 73.95 75.87 77.80 79.73 81.65 83.58 85.51 87.43 89.36 91.29 93.21 95.14 97.06 98.99
1996.00 56.03 57.91 59.80 61.68 63.57 65.46 67.34 69.23 71.12 73.00 74.89 76.77 78.66 80.55 82.43 84.32 86.21 88.09 89.98 91.86 93.75 95.64 97.52
1997.00 56.04 57.92 59.80 61.68 63.56 65.44 67.32 69.20 71.08 72.96 74.84 76.72 78.60 80.48 82.36 84.24 86.12 88.00 89.88 91.76 93.64 95.52 97.40
1998.00 54.49 56.35 58.20 60.05 61.90 63.76 65.61 67.46 69.31 71.17 73.02 74.87 76.73 78.58 80.43 82.28 84.14 85.99 87.84 89.69 91.55 93.40 95.25
1999.00 52.83 54.62 56.41 58.20 59.99 61.78 63.57 65.36 67.15 68.94 70.73 72.52 74.31 76.10 77.89 79.68 81.47 83.26 85.05 86.84 88.63 90.42 92.21
2000.00 50.17 51.85 53.54 55.22 56.91 58.60 60.28 61.97 63.65 65.34 67.03 68.71 70.40 72.09 73.77 75.46 77.14 78.83 80.52 82.20 83.89 85.58 87.26
2001.00 48.70 50.33 51.95 53.58 55.21 56.84 58.47 60.10 61.73 63.36 64.99 66.62 68.25 69.88 71.50 73.13 74.76 76.39 78.02 79.65 81.28 82.91 84.54
2002.00 47.41 49.00 50.59 52.19 53.78 55.37 56.97 58.56 60.15 61.75 63.34 64.93 66.53 68.12 69.71 71.31 72.90 74.49 76.09 77.68 79.28 80.87 82.46
2003.00 46.58 48.15 49.72 51.28 52.85 54.42 55.99 57.56 59.13 60.69 62.26 63.83 65.40 66.97 68.54 70.11 71.67 73.24 74.81 76.38 77.95 79.52 81.09
2004.00 43.11 44.58 46.05 47.51 48.98 50.45 51.91 53.38 54.85 56.31 57.78 59.25 60.71 62.18 63.65 65.12 66.58 68.05 69.52 70.98 72.45 73.92 75.38
2005.00 41.64 43.08 44.52 45.96 47.40 48.84 50.28 51.72 53.16 54.61 56.05 57.49 58.93 60.37 61.81 63.25 64.69 66.13 67.57 69.02 70.46 71.90 73.34
2006.00 41.15 42.56 43.96 45.36 46.76 48.17 49.57 50.97 52.37 53.77 55.18 56.58 57.98 59.38 60.79 62.19 63.59 64.99 66.39 67.80 69.20 70.60 72.00
2007.00 39.97 41.33 42.69 44.05 45.41 46.77 48.13 49.49 50.85 52.21 53.57 54.93 56.30 57.66 59.02 60.38 61.74 63.10 64.46 65.82 67.18 68.54 69.90
2008.00 37.23 38.50 39.77 41.03 42.30 43.57 44.84 46.10 47.37 48.64 49.91 51.18 52.44 53.71 54.98 56.25 57.51 58.78 60.05 61.32 62.58 63.85 65.12
2009.00 34.83 36.04 37.24 38.45 39.66 40.87 42.08 43.28 44.49 45.70 46.91 48.11 49.32 50.53 51.74 52.94 54.15 55.36 56.57 57.77 58.98 60.19 61.40
2010.00 32.07 33.16 34.25 35.35 36.44 37.53 38.63 39.72 40.81 41.91 43.00 44.09 45.19 46.28 47.38 48.47 49.56 50.66 51.75 52.84 53.94 55.03 56.12
2011.00 31.18 32.24 33.30 34.35 35.41 36.47 37.53 38.59 39.64 40.70 41.76 42.82 43.88 44.93 45.99 47.05 48.11 49.17 50.23 51.28 52.34 53.40 54.46
2012.00 30.54 31.56 32.59 33.61 34.63 35.66 36.68 37.70 38.72 39.75 40.77 41.79 42.82 43.84 44.86 45.89 46.91 47.93 48.96 49.98 51.00 52.03 53.05
2013.00 29.78 30.77 31.75 32.74 33.72 34.71 35.69 36.68 37.66 38.65 39.63 40.62 41.60 42.59 43.57 44.56 45.54 46.53 47.52 48.50 49.49 50.47 51.46
2014.00 29.46 30.41 31.35 32.29 33.23 34.17 35.11 36.06 37.00 37.94 38.88 39.82 40.77 41.71 42.65 43.59 44.53 45.48 46.42 47.36 48.30 49.24 50.19
2015.00 29.12 30.06 30.99 31.93 32.86 33.80 34.73 35.67 36.60 37.54 38.47 39.41 40.34 41.28 42.22 43.15 44.09 45.02 45.96 46.89 47.83 48.76 49.70
2016.00 28.72 29.63 30.54 31.45 32.36 33.27 34.18 35.09 36.00 36.91 37.82 38.73 39.64 40.55 41.46 42.37 43.28 44.19 45.10 46.01 46.92 47.83 48.74
2017.00 28.28 29.16 30.04 30.92 31.80 32.68 33.56 34.44 35.32 36.19 37.07 37.95 38.83 39.71 40.59 41.47 42.35 43.23 44.11 44.99 45.87 46.75 47.63
2018.00 2.59 2.59 2.59 2.59 2.59 2.59 2.59 2.59 2.59 2.59 2.59 2.59 2.59 2.59 2.59 2.59 2.59 2.59 2.59 2.59 2.59 2.59 2.59
2019.00 3.18 3.18 3.18 3.18 3.18 3.18 3.18 3.18 3.18 3.18 3.18 3.18 3.18 3.18 3.18 3.18 3.18 3.18 3.18 3.18 3.18 3.18 3.18
2020.00 3.59 3.59 3.59 3.59 3.59 3.59 3.59 3.59 3.59 3.59 3.59 3.59 3.59 3.59 3.59 3.59 3.59 3.59 3.59 3.59 3.59 3.59 3.59
2021.00 3.51 3.51 3.51 3.51 3.51 3.51 3.51 3.51 3.51 3.51 3.51 3.51 3.51 3.51 3.51 3.51 3.51 3.51 3.51 3.51 3.51 3.51 3.51
2022.00 3.63 3.63 3.63 3.63 3.63 3.63 3.63 3.63 3.63 3.63 3.63 3.63 3.63 3.63 3.63 3.63 3.63 3.63 3.63 3.63 3.63 3.63 3.63
2023.00 3.28 3.28 3.28 3.28 3.28 3.28 3.28 3.28 3.28 3.28 3.28 3.28 3.28 3.28 3.28 3.28 3.28 3.28 3.28 3.28 3.28 3.28 3.28
2024.00 3.94 3.94 3.94 3.94 3.94 3.94 3.94 3.94 3.94 3.94 3.94 3.94 3.94 3.94 3.94 3.94 3.94 3.94 3.94 3.94 3.94 3.94 3.94
2025.00 3.49 3.49 3.49 3.49 3.49 3.49 3.49 3.49 3.49 3.49 3.49 3.49 3.49 3.49 3.49 3.49 3.49 3.49 3.49 3.49 3.49 3.49 3.49
2026.00 2.79 2.79 2.79 2.79 2.79 2.79 2.79 2.79 2.79 2.79 2.79 2.79 2.79 2.79 2.79 2.79 2.79 2.79 2.79 2.79 2.79 2.79 2.79
2027.00 2.40 2.40 2.40 2.40 2.40 2.40 2.40 2.40 2.40 2.40 2.40 2.40 2.40 2.40 2.40 2.40 2.40 2.40 2.40 2.40 2.40 2.40 2.40
2028.00 2.10 2.10 2.10 2.10 2.10 2.10 2.10 2.10 2.10 2.10 2.10 2.10 2.10 2.10 2.10 2.10 2.10 2.10 2.10 2.10 2.10 2.10 2.10
2029.00 1.49 1.49 1.49 1.49 1.49 1.49 1.49 1.49 1.49 1.49 1.49 1.49 1.49 1.49 1.49 1.49 1.49 1.49 1.49 1.49 1.49 1.49 1.49
2030.00 1.12 1.12 1.12 1.12 1.12 1.12 1.12 1.12 1.12 1.12 1.12 1.12 1.12 1.12 1.12 1.12 1.12 1.12 1.12 1.12 1.12 1.12 1.12
2031.00 0.60 0.60 0.60 0.60 0.60 0.60 0.60 0.60 0.60 0.60 0.60 0.60 0.60 0.60 0.60 0.60 0.60 0.60 0.60 0.60 0.60 0.60 0.60
2032.00 0.39 0.39 0.39 0.39 0.39 0.39 0.39 0.39 0.39 0.39 0.39 0.39 0.39 0.39 0.39 0.39 0.39 0.39 0.39 0.39 0.39 0.39 0.39
2033.00 -0.18 -0.18 -0.18 -0.18 -0.18 -0.18 -0.18 -0.18 -0.18 -0.18 -0.18 -0.18 -0.18 -0.18 -0.18 -0.18 -0.18 -0.18 -0.18 -0.18 -0.18 -0.18 -0.18
2034.00 -0.19 -0.19 -0.19 -0.19 -0.19 -0.19 -0.19 -0.19 -0.19 -0.19 -0.19 -0.19 -0.19 -0.19 -0.19 -0.19 -0.19 -0.19 -0.19 -0.19 -0.19 -0.19 -0.19
2035.00 -0.32 -0.32 -0.32 -0.32 -0.32 -0.32 -0.32 -0.32 -0.32 -0.32 -0.32 -0.32 -0.32 -0.32 -0.32 -0.32 -0.32 -0.32 -0.32 -0.32 -0.32 -0.32 -0.32
2036.00 -0.46 -0.46 -0.46 -0.46 -0.46 -0.46 -0.46 -0.46 -0.46 -0.46 -0.46 -0.46 -0.46 -0.46 -0.46 -0.46 -0.46 -0.46 -0.46 -0.46 -0.46 -0.46 -0.46
2037.00 -0.77 -0.77 -0.77 -0.77 -0.77 -0.77 -0.77 -0.77 -0.77 -0.77 -0.77 -0.77 -0.77 -0.77 -0.77 -0.77 -0.77 -0.77 -0.77 -0.77 -0.77 -0.77 -0.77
2038.00 -0.56 -0.56 -0.56 -0.56 -0.56 -0.56 -0.56 -0.56 -0.56 -0.56 -0.56 -0.56 -0.56 -0.56 -0.56 -0.56 -0.56 -0.56 -0.56 -0.56 -0.56 -0.56 -0.56
2039.00 -0.67 -0.67 -0.67 -0.67 -0.67 -0.67 -0.67 -0.67 -0.67 -0.67 -0.67 -0.67 -0.67 -0.67 -0.67 -0.67 -0.67 -0.67 -0.67 -0.67 -0.67 -0.67 -0.67
2040.00 -0.55 -0.55 -0.55 -0.55 -0.55 -0.55 -0.55 -0.55 -0.55 -0.55 -0.55 -0.55 -0.55 -0.55 -0.55 -0.55 -0.55 -0.55 -0.55 -0.55 -0.55 -0.55 -0.55
2041.00 -0.69 -0.69 -0.69 -0.69 -0.69 -0.69 -0.69 -0.69 -0.69 -0.69 -0.69 -0.69 -0.69 -0.69 -0.69 -0.69 -0.69 -0.69 -0.69 -0.69 -0.69 -0.69 -0.69
2042.00 -0.44 -0.44 -0.44 -0.44 -0.44 -0.44 -0.44 -0.44 -0.44 -0.44 -0.44 -0.44 -0.44 -0.44 -0.44 -0.44 -0.44 -0.44 -0.44 -0.44 -0.44 -0.44 -0.44
2043.00 -0.44 -0.44 -0.44 -0.44 -0.44 -0.44 -0.44 -0.44 -0.44 -0.44 -0.44 -0.44 -0.44 -0.44 -0.44 -0.44 -0.44 -0.44 -0.44 -0.44 -0.44 -0.44 -0.44
2044.00 -0.32 -0.32 -0.32 -0.32 -0.32 -0.32 -0.32 -0.32 -0.32 -0.32 -0.32 -0.32 -0.32 -0.32 -0.32 -0.32 -0.32 -0.32 -0.32 -0.32 -0.32 -0.32 -0.32
2045.00 -0.27 -0.27 -0.27 -0.27 -0.27 -0.27 -0.27 -0.27 -0.27 -0.27 -0.27 -0.27 -0.27 -0.27 -0.27 -0.27 -0.27 -0.27 -0.27 -0.27 -0.27 -0.27 -0.27
2046.00 0.10 0.10 0.10 0.10 0.10 0.10 0.10 0.10 0.10 0.10 0.10 0.10 0.10 0.10 0.10 0.10 0.10 0.10 0.10 0.10 0.10 0.10 0.10
2047.00 0.06 0.06 0.06 0.06 0.06 0.06 0.06 0.06 0.06 0.06 0.06 0.06 0.06 0.06 0.06 0.06 0.06 0.06 0.06 0.06 0.06 0.06 0.06
2048.00 0.08 0.08 0.08 0.08 0.08 0.08 0.08 0.08 0.08 0.08 0.08 0.08 0.08 0.08 0.08 0.08 0.08 0.08 0.08 0.08 0.08 0.08 0.08
2049.00 0.08 0.08 0.08 0.08 0.08 0.08 0.08 0.08 0.08 0.08 0.08 0.08 0.08 0.08 0.08 0.08 0.08 0.08 0.08 0.08 0.08 0.08 0.08
2050.00 0.23 0.23 0.23 0.23 0.23 0.23 0.23 0.23 0.23 0.23 0.23 0.23 0.23 0.23 0.23 0.23 0.23 0.23 0.23 0.23 0.23 0.23 0.23
2051.00 -0.04 -0.04 -0.04 -0.04 -0.04 -0.04 -0.04 -0.04 -0.04 -0.04 -0.04 -0.04 -0.04 -0.04 -0.04 -0.04 -0.04 -0.04 -0.04 -0.04 -0.04 -0.04 -0.04
2052.00 0.03 0.03 0.03 0.03 0.03 0.03 0.03 0.03 0.03 0.03 0.03 0.03 0.03 0.03 0.03 0.03 0.03 0.03 0.03 0.03 0.03 0.03 0.03
2053.00 -0.07 -0.07 -0.07 -0.07 -0.07 -0.07 -0.07 -0.07 -0.07 -0.07 -0.07 -0.07 -0.07 -0.07 -0.07 -0.07 -0.07 -0.07 -0.07 -0.07 -0.07 -0.07 -0.07
2054.00 -0.08 -0.08 -0.08 -0.08 -0.08 -0.08 -0.08 -0.08 -0.08 -0.08 -0.08 -0.08 -0.08 -0.08 -0.08 -0.08 -0.08 -0.08 -0.08 -0.08 -0.08 -0.08 -0.08
2055.00 -0.48 -0.48 -0.48 -0.48 -0.48 -0.48 -0.48 -0.48 -0.48 -0.48 -0.48 -0.48 -0.48 -0.48 -0.48 -0.48 -0.48 -0.48 -0.48 -0.48 -0.48 -0.48 -0.48
2056.00 -0.38 -0.38 -0.38 -0.38 -0.38 -0.38 -0.38 -0.38 -0.38 -0.38 -0.38 -0.38 -0.38 -0.38 -0.38 -0.38 -0.38 -0.38 -0.38 -0.38 -0.38 -0.38 -0.38
2057.00 -0.44 -0.44 -0.44 -0.44 -0.44 -0.44 -0.44 -0.44 -0.44 -0.44 -0.44 -0.44 -0.44 -0.44 -0.44 -0.44 -0.44 -0.44 -0.44 -0.44 -0.44 -0.44 -0.44
2058.00 -0.34 -0.34 -0.34 -0.34 -0.34 -0.34 -0.34 -0.34 -0.34 -0.34 -0.34 -0.34 -0.34 -0.34 -0.34 -0.34 -0.34 -0.34 -0.34 -0.34 -0.34 -0.34 -0.34
2059.00 -0.59 -0.59 -0.59 -0.59 -0.59 -0.59 -0.59 -0.59 -0.59 -0.59 -0.59 -0.59 -0.59 -0.59 -0.59 -0.59 -0.59 -0.59 -0.59 -0.59 -0.59 -0.59 -0.59
2060.00 -0.52 -0.52 -0.52 -0.52 -0.52 -0.52 -0.52 -0.52 -0.52 -0.52 -0.52 -0.52 -0.52 -0.52 -0.52 -0.52 -0.52 -0.52 -0.52 -0.52 -0.52 -0.52 -0.52
2061.00 -0.60 -0.60 -0.60 -0.60 -0.60 -0.60 -0.60 -0.60 -0.60 -0.60 -0.60 -0.60 -0.60 -0.60 -0.60 -0.60 -0.60 -0.60 -0.60 -0.60 -0.60 -0.60 -0.60
2062.00 -0.49 -0.49 -0.49 -0.49 -0.49 -0.49 -0.49 -0.49 -0.49 -0.49 -0.49 -0.49 -0.49 -0.49 -0.49 -0.49 -0.49 -0.49 -0.49 -0.49 -0.49 -0.49 -0.49
2063.00 -0.60 -0.60 -0.60 -0.60 -0.60 -0.60 -0.60 -0.60 -0.60 -0.60 -0.60 -0.60 -0.60 -0.60 -0.60 -0.60 -0.60 -0.60 -0.60 -0.60 -0.60 -0.60 -0.60
2064.00 -0.21 -0.21 -0.21 -0.21 -0.21 -0.21 -0.21 -0.21 -0.21 -0.21 -0.21 -0.21 -0.21 -0.21 -0.21 -0.21 -0.21 -0.21 -0.21 -0.21 -0.21 -0.21 -0.21
2065.00 -0.25 -0.25 -0.25 -0.25 -0.25 -0.25 -0.25 -0.25 -0.25 -0.25 -0.25 -0.25 -0.25 -0.25 -0.25 -0.25 -0.25 -0.25 -0.25 -0.25 -0.25 -0.25 -0.25
