# yearspad, alpred
# [0.6  0.62 0.64 0.66 0.68 0.7  0.72 0.74 0.76 0.78 0.8  0.82 0.84 0.86
#  0.88 0.9  0.92 0.94 0.96 0.98 1.   1.02 1.04]
1922.00 -1.33 -1.33 -1.33 -1.33 -1.33 -1.33 -1.33 -1.33 -1.33 -1.33 -1.33 -1.33 -1.33 -1.33 -1.33 -1.33 -1.33 -1.33 -1.33 -1.33 -1.33 -1.33 -1.33
1923.00 -1.45 -1.45 -1.45 -1.45 -1.45 -1.45 -1.45 -1.45 -1.45 -1.45 -1.45 -1.45 -1.45 -1.45 -1.45 -1.45 -1.45 -1.45 -1.45 -1.45 -1.45 -1.45 -1.45
1924.00 -1.47 -1.47 -1.47 -1.47 -1.47 -1.47 -1.47 -1.47 -1.47 -1.47 -1.47 -1.47 -1.47 -1.47 -1.47 -1.47 -1.47 -1.47 -1.47 -1.47 -1.47 -1.47 -1.47
1925.00 -1.86 -1.86 -1.86 -1.86 -1.86 -1.86 -1.86 -1.86 -1.86 -1.86 -1.86 -1.86 -1.86 -1.86 -1.86 -1.86 -1.86 -1.86 -1.86 -1.86 -1.86 -1.86 -1.86
1926.00 -2.15 -2.15 -2.15 -2.15 -2.15 -2.15 -2.15 -2.15 -2.15 -2.15 -2.15 -2.15 -2.15 -2.15 -2.15 -2.15 -2.15 -2.15 -2.15 -2.15 -2.15 -2.15 -2.15
1927.00 -2.12 -2.12 -2.12 -2.12 -2.12 -2.12 -2.12 -2.12 -2.12 -2.12 -2.12 -2.12 -2.12 -2.12 -2.12 -2.12 -2.12 -2.12 -2.12 -2.12 -2.12 -2.12 -2.12
1928.00 -1.32 -1.32 -1.32 -1.32 -1.32 -1.32 -1.32 -1.32 -1.32 -1.32 -1.32 -1.32 -1.32 -1.32 -1.32 -1.32 -1.32 -1.32 -1.32 -1.32 -1.32 -1.32 -1.32
1929.00 -1.22 -1.22 -1.22 -1.22 -1.22 -1.22 -1.22 -1.22 -1.22 -1.22 -1.22 -1.22 -1.22 -1.22 -1.22 -1.22 -1.22 -1.22 -1.22 -1.22 -1.22 -1.22 -1.22
1930.00 -0.77 -0.77 -0.77 -0.77 -0.77 -0.77 -0.77 -0.77 -0.77 -0.77 -0.77 -0.77 -0.77 -0.77 -0.77 -0.77 -0.77 -0.77 -0.77 -0.77 -0.77 -0.77 -0.77
1931.00 -0.69 -0.69 -0.69 -0.69 -0.69 -0.69 -0.69 -0.69 -0.69 -0.69 -0.69 -0.69 -0.69 -0.69 -0.69 -0.69 -0.69 -0.69 -0.69 -0.69 -0.69 -0.69 -0.69
1932.00 -0.93 -0.93 -0.93 -0.93 -0.93 -0.93 -0.93 -0.93 -0.93 -0.93 -0.93 -0.93 -0.93 -0.93 -0.93 -0.93 -0.93 -0.93 -0.93 -0.93 -0.93 -0.93 -0.93
1933.00 -1.07 -1.07 -1.07 -1.07 -1.07 -1.07 -1.07 -1.07 -1.07 -1.07 -1.07 -1.07 -1.07 -1.07 -1.07 -1.07 -1.07 -1.07 -1.07 -1.07 -1.07 -1.07 -1.07
1934.00 -0.62 -0.62 -0.62 -0.62 -0.62 -0.62 -0.62 -0.62 -0.62 -0.62 -0.62 -0.62 -0.62 -0.62 -0.62 -0.62 -0.62 -0.62 -0.62 -0.62 -0.62 -0.62 -0.62
1935.00 -0.78 -0.78 -0.78 -0.78 -0.78 -0.78 -0.78 -0.78 -0.78 -0.78 -0.78 -0.78 -0.78 -0.78 -0.78 -0.78 -0.78 -0.78 -0.78 -0.78 -0.78 -0.78 -0.78
1936.00 -0.61 -0.61 -0.61 -0.61 -0.61 -0.61 -0.61 -0.61 -0.61 -0.61 -0.61 -0.61 -0.61 -0.61 -0.61 -0.61 -0.61 -0.61 -0.61 -0.61 -0.61 -0.61 -0.61
1937.00 -0.69 -0.69 -0.69 -0.69 -0.69 -0.69 -0.69 -0.69 -0.69 -0.69 -0.69 -0.69 -0.69 -0.69 -0.69 -0.69 -0.69 -0.69 -0.69 -0.69 -0.69 -0.69 -0.69
1938.00 -0.61 -0.61 -0.61 -0.61 -0.61 -0.61 -0.61 -0.61 -0.61 -0.61 -0.61 -0.61 -0.61 -0.61 -0.61 -0.61 -0.61 -0.61 -0.61 -0.61 -0.61 -0.61 -0.61
1939.00 -0.60 -0.60 -0.60 -0.60 -0.60 -0.60 -0.60 -0.60 -0.60 -0.60 -0.60 -0.60 -0.60 -0.60 -0.60 -0.60 -0.60 -0.60 -0.60 -0.60 -0.60 -0.60 -0.60
1940.00 -0.45 -0.45 -0.45 -0.45 -0.45 -0.45 -0.45 -0.45 -0.45 -0.45 -0.45 -0.45 -0.45 -0.45 -0.45 -0.45 -0.45 -0.45 -0.45 -0.45 -0.45 -0.45 -0.45
1941.00 -0.34 -0.34 -0.34 -0.34 -0.34 -0.34 -0.34 -0.34 -0.34 -0.34 -0.34 -0.34 -0.34 -0.34 -0.34 -0.34 -0.34 -0.34 -0.34 -0.34 -0.34 -0.34 -0.34
1942.00 -0.15 -0.15 -0.15 -0.15 -0.15 -0.15 -0.15 -0.15 -0.15 -0.15 -0.15 -0.15 -0.15 -0.15 -0.15 -0.15 -0.15 -0.15 -0.15 -0.15 -0.15 -0.15 -0.15
1943.00 -1.45 -1.45 -1.45 -1.45 -1.45 -1.45 -1.45 -1.45 -1.45 -1.45 -1.45 -1.45 -1.45 -1.45 -1.45 -1.45 -1.45 -1.45 -1.45 -1.45 -1.45 -1.45 -1.45
1944.00 -1.42 -1.42 -1.42 -1.42 -1.42 -1.42 -1.42 -1.42 -1.42 -1.42 -1.42 -1.42 -1.42 -1.42 -1.42 -1.42 -1.42 -1.42 -1.42 -1.42 -1.42 -1.42 -1.42
1945.00 -1.39 -1.39 -1.39 -1.39 -1.39 -1.39 -1.39 -1.39 -1.39 -1.39 -1.39 -1.39 -1.39 -1.39 -1.39 -1.39 -1.39 -1.39 -1.39 -1.39 -1.39 -1.39 -1.39
1946.00 -0.72 -0.72 -0.72 -0.72 -0.72 -0.72 -0.72 -0.72 -0.72 -0.72 -0.72 -0.72 -0.72 -0.72 -0.72 -0.72 -0.72 -0.72 -0.72 -0.72 -0.72 -0.72 -0.72
1947.00 -0.72 -0.72 -0.72 -0.72 -0.72 -0.72 -0.72 -0.72 -0.72 -0.72 -0.72 -0.72 -0.72 -0.72 -0.72 -0.72 -0.72 -0.72 -0.72 -0.72 -0.72 -0.72 -0.72
1948.00 -0.29 -0.29 -0.29 -0.29 -0.29 -0.29 -0.29 -0.29 -0.29 -0.29 -0.29 -0.29 -0.29 -0.29 -0.29 -0.29 -0.29 -0.29 -0.29 -0.29 -0.29 -0.29 -0.29
1949.00 -1.01 -1.01 -1.01 -1.01 -1.01 -1.01 -1.01 -1.01 -1.01 -1.01 -1.01 -1.01 -1.01 -1.01 -1.01 -1.01 -1.01 -1.01 -1.01 -1.01 -1.01 -1.01 -1.01
1950.00 -1.56 -1.56 -1.56 -1.56 -1.56 -1.56 -1.56 -1.56 -1.56 -1.56 -1.56 -1.56 -1.56 -1.56 -1.56 -1.56 -1.56 -1.56 -1.56 -1.56 -1.56 -1.56 -1.56
1951.00 -1.64 -1.64 -1.64 -1.64 -1.64 -1.64 -1.64 -1.64 -1.64 -1.64 -1.64 -1.64 -1.64 -1.64 -1.64 -1.64 -1.64 -1.64 -1.64 -1.64 -1.64 -1.64 -1.64
1952.00 -0.97 -0.97 -0.97 -0.97 -0.97 -0.97 -0.97 -0.97 -0.97 -0.97 -0.97 -0.97 -0.97 -0.97 -0.97 -0.97 -0.97 -0.97 -0.97 -0.97 -0.97 -0.97 -0.97
1953.00 -0.66 -0.66 -0.66 -0.66 -0.66 -0.66 -0.66 -0.66 -0.66 -0.66 -0.66 -0.66 -0.66 -0.66 -0.66 -0.66 -0.66 -0.66 -0.66 -0.66 -0.66 -0.66 -0.66
1954.00 -0.70 -0.70 -0.70 -0.70 -0.70 -0.70 -0.70 -0.70 -0.70 -0.70 -0.70 -0.70 -0.70 -0.70 -0.70 -0.70 -0.70 -0.70 -0.70 -0.70 -0.70 -0.70 -0.70
1955.00 0.10 0.10 0.10 0.10 0.10 0.10 0.10 0.10 0.10 0.10 0.10 0.10 0.10 0.10 0.10 0.10 0.10 0.10 0.10 0.10 0.10 0.10 0.10
1956.00 0.42 0.42 0.42 0.42 0.42 0.42 0.42 0.42 0.42 0.42 0.42 0.42 0.42 0.42 0.42 0.42 0.42 0.42 0.42 0.42 0.42 0.42 0.42
1957.00 0.55 0.55 0.55 0.55 0.55 0.55 0.55 0.55 0.55 0.55 0.55 0.55 0.55 0.55 0.55 0.55 0.55 0.55 0.55 0.55 0.55 0.55 0.55
1958.00 0.49 0.49 0.49 0.49 0.49 0.49 0.49 0.49 0.49 0.49 0.49 0.49 0.49 0.49 0.49 0.49 0.49 0.49 0.49 0.49 0.49 0.49 0.49
1959.00 0.14 0.14 0.14 0.14 0.14 0.14 0.14 0.14 0.14 0.14 0.14 0.14 0.14 0.14 0.14 0.14 0.14 0.14 0.14 0.14 0.14 0.14 0.14
1960.00 -0.35 -0.35 -0.35 -0.35 -0.35 -0.35 -0.35 -0.35 -0.35 -0.35 -0.35 -0.35 -0.35 -0.35 -0.35 -0.35 -0.35 -0.35 -0.35 -0.35 -0.35 -0.35 -0.35
1961.00 0.06 0.06 0.06 0.06 0.06 0.06 0.06 0.06 0.06 0.06 0.06 0.06 0.06 0.06 0.06 0.06 0.06 0.06 0.06 0.06 0.06 0.06 0.06
1962.00 0.36 0.36 0.36 0.36 0.36 0.36 0.36 0.36 0.36 0.36 0.36 0.36 0.36 0.36 0.36 0.36 0.36 0.36 0.36 0.36 0.36 0.36 0.36
1963.00 0.49 0.49 0.49 0.49 0.49 0.49 0.49 0.49 0.49 0.49 0.49 0.49 0.49 0.49 0.49 0.49 0.49 0.49 0.49 0.49 0.49 0.49 0.49
1964.00 0.88 0.88 0.88 0.88 0.88 0.88 0.88 0.88 0.88 0.88 0.88 0.88 0.88 0.88 0.88 0.88 0.88 0.88 0.88 0.88 0.88 0.88 0.88
1965.00 0.56 0.56 0.56 0.56 0.56 0.56 0.56 0.56 0.56 0.56 0.56 0.56 0.56 0.56 0.56 0.56 0.56 0.56 0.56 0.56 0.56 0.56 0.56
1966.00 0.10 0.10 0.10 0.10 0.10 0.10 0.10 0.10 0.10 0.10 0.10 0.10 0.10 0.10 0.10 0.10 0.10 0.10 0.10 0.10 0.10 0.10 0.10
1967.00 0.56 0.56 0.56 0.56 0.56 0.56 0.56 0.56 0.56 0.56 0.56 0.56 0.56 0.56 0.56 0.56 0.56 0.56 0.56 0.56 0.56 0.56 0.56
1968.00 1.07 1.07 1.07 1.07 1.07 1.07 1.07 1.07 1.07 1.07 1.07 1.07 1.07 1.07 1.07 1.07 1.07 1.07 1.07 1.07 1.07 1.07 1.07
1969.00 1.44 1.44 1.44 1.44 1.44 1.44 1.44 1.44 1.44 1.44 1.44 1.44 1.44 1.44 1.44 1.44 1.44 1.44 1.44 1.44 1.44 1.44 1.44
1970.00 123.49 123.49 123.49 123.49 123.49 123.49 123.49 123.49 123.49 123.49 123.49 123.49 123.49 123.49 123.49 123.49 123.49 123.49 123.49 123.49 123.49 123.49 123.49
1971.00 126.73 126.73 126.73 126.73 126.73 126.73 126.73 126.73 126.73 126.73 126.73 126.73 126.73 126.73 126.73 126.73 126.73 126.73 126.73 126.73 126.73 126.73 126.73
1972.00 133.22 133.22 133.22 133.22 133.22 133.22 133.22 133.22 133.22 133.22 133.22 133.22 133.22 133.22 133.22 133.22 133.22 133.22 133.22 133.22 133.22 133.22 133.22
1973.00 137.34 137.34 137.34 137.34 137.34 137.34 137.34 137.34 137.34 137.34 137.34 137.34 137.34 137.34 137.34 137.34 137.34 137.34 137.34 137.34 137.34 137.34 137.34
1974.00 144.70 144.70 144.70 144.70 144.70 144.70 144.70 144.70 144.70 144.70 144.70 144.70 144.70 144.70 144.70 144.70 144.70 144.70 144.70 144.70 144.70 144.70 144.70
1975.00 145.94 145.94 145.94 145.94 145.94 145.94 145.94 145.94 145.94 145.94 145.94 145.94 145.94 145.94 145.94 145.94 145.94 145.94 145.94 145.94 145.94 145.94 145.94
1976.00 137.26 137.26 137.26 137.26 137.26 137.26 137.26 137.26 137.26 137.26 137.26 137.26 137.26 137.26 137.26 137.26 137.26 137.26 137.26 137.26 137.26 137.26 137.26
1977.00 135.72 135.72 135.72 135.72 135.72 135.72 135.72 135.72 135.72 135.72 135.72 135.72 135.72 135.72 135.72 135.72 135.72 135.72 135.72 135.72 135.72 135.72 135.72
1978.00 134.09 134.09 134.09 134.09 134.09 134.09 134.09 134.09 134.09 134.09 134.09 134.09 134.09 134.09 134.09 134.09 134.09 134.09 134.09 134.09 134.09 134.09 134.09
1979.00 131.90 131.90 131.90 131.90 131.90 131.90 131.90 131.90 131.90 131.90 131.90 131.90 131.90 131.90 131.90 131.90 131.90 131.90 131.90 131.90 131.90 131.90 131.90
1980.00 131.57 131.57 131.57 131.57 131.57 131.57 131.57 131.57 131.57 131.57 131.57 131.57 131.57 131.57 131.57 131.57 131.57 131.57 131.57 131.57 131.57 131.57 131.57
1981.00 136.98 136.98 136.98 136.98 136.98 136.98 136.98 136.98 136.98 136.98 136.98 136.98 136.98 136.98 136.98 136.98 136.98 136.98 136.98 136.98 136.98 136.98 136.98
1982.00 131.36 131.36 131.36 131.36 131.36 131.36 131.36 131.36 131.36 131.36 131.36 131.36 131.36 131.36 131.36 131.36 131.36 131.36 131.36 131.36 131.36 131.36 131.36
1983.00 128.19 128.19 128.19 128.19 128.19 128.19 128.19 128.19 128.19 128.19 128.19 128.19 128.19 128.19 128.19 128.19 128.19 128.19 128.19 128.19 128.19 128.19 128.19
1984.00 122.51 122.51 122.51 122.51 122.51 122.51 122.51 122.51 122.51 122.51 122.51 122.51 122.51 122.51 122.51 122.51 122.51 122.51 122.51 122.51 122.51 122.51 122.51
1985.00 121.94 121.94 121.94 121.94 121.94 121.94 121.94 121.94 121.94 121.94 121.94 121.94 121.94 121.94 121.94 121.94 121.94 121.94 121.94 121.94 121.94 121.94 121.94
1986.00 121.76 121.76 121.76 121.76 121.76 121.76 121.76 121.76 121.76 121.76 121.76 121.76 121.76 121.76 121.76 121.76 121.76 121.76 121.76 121.76 121.76 121.76 121.76
1987.00 119.29 119.29 119.29 119.29 119.29 119.29 119.29 119.29 119.29 119.29 119.29 119.29 119.29 119.29 119.29 119.29 119.29 119.29 119.29 119.29 119.29 119.29 119.29
1988.00 71.02 73.23 75.44 77.65 79.86 82.06 84.27 86.48 88.69 90.90 93.11 95.32 97.52 99.73 101.94 104.15 106.36 108.57 110.78 112.98 115.19 117.40 119.61
1989.00 68.73 70.86 72.99 75.13 77.26 79.39 81.52 83.65 85.79 87.92 90.05 92.18 94.31 96.45 98.58 100.71 102.84 104.97 107.11 109.24 111.37 113.50 115.63
1990.00 66.47 68.51 70.56 72.61 74.65 76.70 78.75 80.80 82.84 84.89 86.94 88.98 91.03 93.08 95.12 97.17 99.22 101.26 103.31 105.36 107.41 109.45 111.50
1991.00 65.73 67.74 69.74 71.74 73.75 75.75 77.75 79.76 81.76 83.76 85.77 87.77 89.77 91.78 93.78 95.78 97.79 99.79 101.79 103.79 105.80 107.80 109.80
1992.00 64.64 66.62 68.60 70.58 72.56 74.54 76.53 78.51 80.49 82.47 84.45 86.43 88.42 90.40 92.38 94.36 96.34 98.32 100.31 102.29 104.27 106.25 108.23
1993.00 63.00 64.96 66.91 68.87 70.82 72.78 74.73 76.69 78.64 80.60 82.56 84.51 86.47 88.42 90.38 92.33 94.29 96.24 98.20 100.15 102.11 104.06 106.02
1994.00 61.57 63.50 65.43 67.35 69.28 71.21 73.13 75.06 76.99 78.91 80.84 82.77 84.69 86.62 88.55 90.47 92.40 94.33 96.25 98.18 100.10 102.03 103.96
1995.00 60.96 62.88 64.81 66.73 68.66 70.59 72.51 74.44 76.37 78.29 80.22 82.15 84.07 86.00 87.92 89.85 91.78 93.70 95.63 97.56 99.48 101.41 103.34
1996.00 59.82 61.71 63.59 65.48 67.36 69.25 71.14 73.02 74.91 76.79 78.68 80.57 82.45 84.34 86.22 88.11 90.00 91.88 93.77 95.65 97.54 99.43 101.31
1997.00 59.87 61.75 63.63 65.50 67.38 69.26 71.14 73.01 74.89 76.77 78.65 80.52 82.40 84.28 86.16 88.03 89.91 91.79 93.66 95.54 97.42 99.30 101.17
1998.00 58.62 60.47 62.32 64.16 66.01 67.86 69.71 71.56 73.41 75.26 77.11 78.96 80.81 82.66 84.51 86.36 88.21 90.06 91.91 93.75 95.60 97.45 99.30
1999.00 56.89 58.68 60.46 62.25 64.03 65.82 67.60 69.39 71.18 72.96 74.75 76.53 78.32 80.10 81.89 83.67 85.46 87.25 89.03 90.82 92.60 94.39 96.17
2000.00 54.46 56.15 57.84 59.52 61.21 62.89 64.58 66.27 67.95 69.64 71.33 73.01 74.70 76.39 78.07 79.76 81.45 83.13 84.82 86.51 88.19 89.88 91.56
2001.00 52.63 54.26 55.89 57.51 59.14 60.77 62.40 64.03 65.65 67.28 68.91 70.54 72.17 73.79 75.42 77.05 78.68 80.31 81.93 83.56 85.19 86.82 88.44
2002.00 50.94 52.53 54.12 55.72 57.31 58.90 60.50 62.09 63.68 65.28 66.87 68.46 70.06 71.65 73.24 74.84 76.43 78.02 79.62 81.21 82.80 84.40 85.99
2003.00 50.07 51.64 53.21 54.78 56.34 57.91 59.48 61.05 62.62 64.18 65.75 67.32 68.89 70.45 72.02 73.59 75.16 76.73 78.29 79.86 81.43 83.00 84.56
2004.00 46.38 47.84 49.31 50.77 52.24 53.70 55.17 56.63 58.10 59.56 61.03 62.49 63.96 65.42 66.89 68.35 69.82 71.28 72.74 74.21 75.67 77.14 78.60
2005.00 45.41 46.85 48.28 49.72 51.16 52.60 54.04 55.48 56.92 58.35 59.79 61.23 62.67 64.11 65.55 66.99 68.42 69.86 71.30 72.74 74.18 75.62 77.06
2006.00 44.63 46.03 47.43 48.83 50.23 51.63 53.03 54.43 55.83 57.23 58.63 60.03 61.43 62.83 64.23 65.63 67.03 68.43 69.83 71.23 72.63 74.03 75.43
2007.00 43.78 45.14 46.50 47.85 49.21 50.57 51.93 53.29 54.65 56.01 57.36 58.72 60.08 61.44 62.80 64.16 65.52 66.87 68.23 69.59 70.95 72.31 73.67
2008.00 40.83 42.09 43.36 44.63 45.90 47.16 48.43 49.70 50.97 52.23 53.50 54.77 56.04 57.31 58.57 59.84 61.11 62.38 63.64 64.91 66.18 67.45 68.71
2009.00 37.98 39.19 40.40 41.61 42.81 44.02 45.23 46.44 47.64 48.85 50.06 51.26 52.47 53.68 54.89 56.09 57.30 58.51 59.72 60.92 62.13 63.34 64.55
2010.00 34.35 35.44 36.54 37.63 38.72 39.81 40.91 42.00 43.09 44.19 45.28 46.37 47.47 48.56 49.65 50.74 51.84 52.93 54.02 55.12 56.21 57.30 58.40
2011.00 32.75 33.81 34.87 35.93 36.98 38.04 39.10 40.16 41.21 42.27 43.33 44.39 45.45 46.50 47.56 48.62 49.68 50.74 51.79 52.85 53.91 54.97 56.03
2012.00 31.71 32.73 33.75 34.77 35.80 36.82 37.84 38.87 39.89 40.91 41.93 42.96 43.98 45.00 46.03 47.05 48.07 49.09 50.12 51.14 52.16 53.19 54.21
2013.00 30.43 31.42 32.40 33.39 34.37 35.36 36.34 37.33 38.31 39.30 40.28 41.27 42.25 43.24 44.22 45.21 46.19 47.18 48.16 49.15 50.13 51.12 52.10
2014.00 29.74 30.68 31.62 32.56 33.50 34.44 35.38 36.32 37.26 38.20 39.14 40.08 41.02 41.96 42.90 43.84 44.78 45.72 46.66 47.60 48.54 49.48 50.42
2015.00 28.86 29.79 30.72 31.66 32.59 33.52 34.46 35.39 36.32 37.26 38.19 39.12 40.06 40.99 41.92 42.86 43.79 44.72 45.66 46.59 47.52 48.46 49.39
2016.00 28.21 29.12 30.03 30.94 31.84 32.75 33.66 34.57 35.48 36.39 37.29 38.20 39.11 40.02 40.93 41.84 42.74 43.65 44.56 45.47 46.38 47.29 48.19
2017.00 27.06 27.94 28.82 29.69 30.57 31.45 32.33 33.21 34.08 34.96 35.84 36.72 37.59 38.47 39.35 40.23 41.10 41.98 42.86 43.74 44.61 45.49 46.37
2018.00 1.00 1.00 1.00 1.00 1.00 1.00 1.00 1.00 1.00 1.00 1.00 1.00 1.00 1.00 1.00 1.00 1.00 1.00 1.00 1.00 1.00 1.00 1.00
2019.00 0.96 0.96 0.96 0.96 0.96 0.96 0.96 0.96 0.96 0.96 0.96 0.96 0.96 0.96 0.96 0.96 0.96 0.96 0.96 0.96 0.96 0.96 0.96
2020.00 0.69 0.69 0.69 0.69 0.69 0.69 0.69 0.69 0.69 0.69 0.69 0.69 0.69 0.69 0.69 0.69 0.69 0.69 0.69 0.69 0.69 0.69 0.69
2021.00 0.33 0.33 0.33 0.33 0.33 0.33 0.33 0.33 0.33 0.33 0.33 0.33 0.33 0.33 0.33 0.33 0.33 0.33 0.33 0.33 0.33 0.33 0.33
2022.00 0.33 0.33 0.33 0.33 0.33 0.33 0.33 0.33 0.33 0.33 0.33 0.33 0.33 0.33 0.33 0.33 0.33 0.33 0.33 0.33 0.33 0.33 0.33
2023.00 0.16 0.16 0.16 0.16 0.16 0.16 0.16 0.16 0.16 0.16 0.16 0.16 0.16 0.16 0.16 0.16 0.16 0.16 0.16 0.16 0.16 0.16 0.16
2024.00 0.92 0.92 0.92 0.92 0.92 0.92 0.92 0.92 0.92 0.92 0.92 0.92 0.92 0.92 0.92 0.92 0.92 0.92 0.92 0.92 0.92 0.92 0.92
2025.00 1.11 1.11 1.11 1.11 1.11 1.11 1.11 1.11 1.11 1.11 1.11 1.11 1.11 1.11 1.11 1.11 1.11 1.11 1.11 1.11 1.11 1.11 1.11
2026.00 0.85 0.85 0.85 0.85 0.85 0.85 0.85 0.85 0.85 0.85 0.85 0.85 0.85 0.85 0.85 0.85 0.85 0.85 0.85 0.85 0.85 0.85 0.85
2027.00 0.66 0.66 0.66 0.66 0.66 0.66 0.66 0.66 0.66 0.66 0.66 0.66 0.66 0.66 0.66 0.66 0.66 0.66 0.66 0.66 0.66 0.66 0.66
2028.00 0.68 0.68 0.68 0.68 0.68 0.68 0.68 0.68 0.68 0.68 0.68 0.68 0.68 0.68 0.68 0.68 0.68 0.68 0.68 0.68 0.68 0.68 0.68
2029.00 0.10 0.10 0.10 0.10 0.10 0.10 0.10 0.10 0.10 0.10 0.10 0.10 0.10 0.10 0.10 0.10 0.10 0.10 0.10 0.10 0.10 0.10 0.10
2030.00 0.08 0.08 0.08 0.08 0.08 0.08 0.08 0.08 0.08 0.08 0.08 0.08 0.08 0.08 0.08 0.08 0.08 0.08 0.08 0.08 0.08 0.08 0.08
2031.00 -0.24 -0.24 -0.24 -0.24 -0.24 -0.24 -0.24 -0.24 -0.24 -0.24 -0.24 -0.24 -0.24 -0.24 -0.24 -0.24 -0.24 -0.24 -0.24 -0.24 -0.24 -0.24 -0.24
2032.00 -0.36 -0.36 -0.36 -0.36 -0.36 -0.36 -0.36 -0.36 -0.36 -0.36 -0.36 -0.36 -0.36 -0.36 -0.36 -0.36 -0.36 -0.36 -0.36 -0.36 -0.36 -0.36 -0.36
2033.00 -0.73 -0.73 -0.73 -0.73 -0.73 -0.73 -0.73 -0.73 -0.73 -0.73 -0.73 -0.73 -0.73 -0.73 -0.73 -0.73 -0.73 -0.73 -0.73 -0.73 -0.73 -0.73 -0.73
2034.00 -0.90 -0.90 -0.90 -0.90 -0.90 -0.90 -0.90 -0.90 -0.90 -0.90 -0.90 -0.90 -0.90 -0.90 -0.90 -0.90 -0.90 -0.90 -0.90 -0.90 -0.90 -0.90 -0.90
2035.00 -0.98 -0.98 -0.98 -0.98 -0.98 -0.98 -0.98 -0.98 -0.98 -0.98 -0.98 -0.98 -0.98 -0.98 -0.98 -0.98 -0.98 -0.98 -0.98 -0.98 -0.98 -0.98 -0.98
2036.00 -1.04 -1.04 -1.04 -1.04 -1.04 -1.04 -1.04 -1.04 -1.04 -1.04 -1.04 -1.04 -1.04 -1.04 -1.04 -1.04 -1.04 -1.04 -1.04 -1.04 -1.04 -1.04 -1.04
2037.00 -1.28 -1.28 -1.28 -1.28 -1.28 -1.28 -1.28 -1.28 -1.28 -1.28 -1.28 -1.28 -1.28 -1.28 -1.28 -1.28 -1.28 -1.28 -1.28 -1.28 -1.28 -1.28 -1.28
2038.00 -1.02 -1.02 -1.02 -1.02 -1.02 -1.02 -1.02 -1.02 -1.02 -1.02 -1.02 -1.02 -1.02 -1.02 -1.02 -1.02 -1.02 -1.02 -1.02 -1.02 -1.02 -1.02 -1.02
2039.00 -1.12 -1.12 -1.12 -1.12 -1.12 -1.12 -1.12 -1.12 -1.12 -1.12 -1.12 -1.12 -1.12 -1.12 -1.12 -1.12 -1.12 -1.12 -1.12 -1.12 -1.12 -1.12 -1.12
2040.00 -0.96 -0.96 -0.96 -0.96 -0.96 -0.96 -0.96 -0.96 -0.96 -0.96 -0.96 -0.96 -0.96 -0.96 -0.96 -0.96 -0.96 -0.96 -0.96 -0.96 -0.96 -0.96 -0.96
2041.00 -1.11 -1.11 -1.11 -1.11 -1.11 -1.11 -1.11 -1.11 -1.11 -1.11 -1.11 -1.11 -1.11 -1.11 -1.11 -1.11 -1.11 -1.11 -1.11 -1.11 -1.11 -1.11 -1.11
2042.00 -1.11 -1.11 -1.11 -1.11 -1.11 -1.11 -1.11 -1.11 -1.11 -1.11 -1.11 -1.11 -1.11 -1.11 -1.11 -1.11 -1.11 -1.11 -1.11 -1.11 -1.11 -1.11 -1.11
2043.00 -1.30 -1.30 -1.30 -1.30 -1.30 -1.30 -1.30 -1.30 -1.30 -1.30 -1.30 -1.30 -1.30 -1.30 -1.30 -1.30 -1.30 -1.30 -1.30 -1.30 -1.30 -1.30 -1.30
2044.00 -1.30 -1.30 -1.30 -1.30 -1.30 -1.30 -1.30 -1.30 -1.30 -1.30 -1.30 -1.30 -1.30 -1.30 -1.30 -1.30 -1.30 -1.30 -1.30 -1.30 -1.30 -1.30 -1.30
2045.00 -1.52 -1.52 -1.52 -1.52 -1.52 -1.52 -1.52 -1.52 -1.52 -1.52 -1.52 -1.52 -1.52 -1.52 -1.52 -1.52 -1.52 -1.52 -1.52 -1.52 -1.52 -1.52 -1.52
2046.00 -1.24 -1.24 -1.24 -1.24 -1.24 -1.24 -1.24 -1.24 -1.24 -1.24 -1.24 -1.24 -1.24 -1.24 -1.24 -1.24 -1.24 -1.24 -1.24 -1.24 -1.24 -1.24 -1.24
2047.00 -1.28 -1.28 -1.28 -1.28 -1.28 -1.28 -1.28 -1.28 -1.28 -1.28 -1.28 -1.28 -1.28 -1.28 -1.28 -1.28 -1.28 -1.28 -1.28 -1.28 -1.28 -1.28 -1.28
2048.00 -1.23 -1.23 -1.23 -1.23 -1.23 -1.23 -1.23 -1.23 -1.23 -1.23 -1.23 -1.23 -1.23 -1.23 -1.23 -1.23 -1.23 -1.23 -1.23 -1.23 -1.23 -1.23 -1.23
2049.00 -1.15 -1.15 -1.15 -1.15 -1.15 -1.15 -1.15 -1.15 -1.15 -1.15 -1.15 -1.15 -1.15 -1.15 -1.15 -1.15 -1.15 -1.15 -1.15 -1.15 -1.15 -1.15 -1.15
2050.00 -0.87 -0.87 -0.87 -0.87 -0.87 -0.87 -0.87 -0.87 -0.87 -0.87 -0.87 -0.87 -0.87 -0.87 -0.87 -0.87 -0.87 -0.87 -0.87 -0.87 -0.87 -0.87 -0.87
2051.00 -0.97 -0.97 -0.97 -0.97 -0.97 -0.97 -0.97 -0.97 -0.97 -0.97 -0.97 -0.97 -0.97 -0.97 -0.97 -0.97 -0.97 -0.97 -0.97 -0.97 -0.97 -0.97 -0.97
2052.00 -0.84 -0.84 -0.84 -0.84 -0.84 -0.84 -0.84 -0.84 -0.84 -0.84 -0.84 -0.84 -0.84 -0.84 -0.84 -0.84 -0.84 -0.84 -0.84 -0.84 -0.84 -0.84 -0.84
2053.00 -0.86 -0.86 -0.86 -0.86 -0.86 -0.86 -0.86 -0.86 -0.86 -0.86 -0.86 -0.86 -0.86 -0.86 -0.86 -0.86 -0.86 -0.86 -0.86 -0.86 -0.86 -0.86 -0.86
2054.00 -0.93 -0.93 -0.93 -0.93 -0.93 -0.93 -0.93 -0.93 -0.93 -0.93 -0.93 -0.93 -0.93 -0.93 -0.93 -0.93 -0.93 -0.93 -0.93 -0.93 -0.93 -0.93 -0.93
2055.00 -1.20 -1.20 -1.20 -1.20 -1.20 -1.20 -1.20 -1.20 -1.20 -1.20 -1.20 -1.20 -1.20 -1.20 -1.20 -1.20 -1.20 -1.20 -1.20 -1.20 -1.20 -1.20 -1.20
2056.00 -1.11 -1.11 -1.11 -1.11 -1.11 -1.11 -1.11 -1.11 -1.11 -1.11 -1.11 -1.11 -1.11 -1.11 -1.11 -1.11 -1.11 -1.11 -1.11 -1.11 -1.11 -1.11 -1.11
2057.00 -1.24 -1.24 -1.24 -1.24 -1.24 -1.24 -1.24 -1.24 -1.24 -1.24 -1.24 -1.24 -1.24 -1.24 -1.24 -1.24 -1.24 -1.24 -1.24 -1.24 -1.24 -1.24 -1.24
2058.00 -1.07 -1.07 -1.07 -1.07 -1.07 -1.07 -1.07 -1.07 -1.07 -1.07 -1.07 -1.07 -1.07 -1.07 -1.07 -1.07 -1.07 -1.07 -1.07 -1.07 -1.07 -1.07 -1.07
2059.00 -1.27 -1.27 -1.27 -1.27 -1.27 -1.27 -1.27 -1.27 -1.27 -1.27 -1.27 -1.27 -1.27 -1.27 -1.27 -1.27 -1.27 -1.27 -1.27 -1.27 -1.27 -1.27 -1.27
2060.00 -1.25 -1.25 -1.25 -1.25 -1.25 -1.25 -1.25 -1.25 -1.25 -1.25 -1.25 -1.25 -1.25 -1.25 -1.25 -1.25 -1.25 -1.25 -1.25 -1.25 -1.25 -1.25 -1.25
2061.00 -1.26 -1.26 -1.26 -1.26 -1.26 -1.26 -1.26 -1.26 -1.26 -1.26 -1.26 -1.26 -1.26 -1.26 -1.26 -1.26 -1.26 -1.26 -1.26 -1.26 -1.26 -1.26 -1.26
2062.00 -1.09 -1.09 -1.09 -1.09 -1.09 -1.09 -1.09 -1.09 -1.09 -1.09 -1.09 -1.09 -1.09 -1.09 -1.09 -1.09 -1.09 -1.09 -1.09 -1.09 -1.09 -1.09 -1.09
2063.00 -1.28 -1.28 -1.28 -1.28 -1.28 -1.28 -1.28 -1.28 -1.28 -1.28 -1.28 -1.28 -1.28 -1.28 -1.28 -1.28 -1.28 -1.28 -1.28 -1.28 -1.28 -1.28 -1.28
2064.00 -0.98 -0.98 -0.98 -0.98 -0.98 -0.98 -0.98 -0.98 -0.98 -0.98 -0.98 -0.98 -0.98 -0.98 -0.98 -0.98 -0.98 -0.98 -0.98 -0.98 -0.98 -0.98 -0.98
2065.00 -1.19 -1.19 -1.19 -1.19 -1.19 -1.19 -1.19 -1.19 -1.19 -1.19 -1.19 -1.19 -1.19 -1.19 -1.19 -1.19 -1.19 -1.19 -1.19 -1.19 -1.19 -1.19 -1.19
