# yearspad, alpred
# [0.6  0.62 0.64 0.66 0.68 0.7  0.72 0.74 0.76 0.78 0.8  0.82 0.84 0.86
#  0.88 0.9  0.92 0.94 0.96 0.98 1.   1.02 1.04]
1922.00 -3.22 -3.22 -3.22 -3.22 -3.22 -3.22 -3.22 -3.22 -3.22 -3.22 -3.22 -3.22 -3.22 -3.22 -3.22 -3.22 -3.22 -3.22 -3.22 -3.22 -3.22 -3.22 -3.22
1923.00 -3.10 -3.10 -3.10 -3.10 -3.10 -3.10 -3.10 -3.10 -3.10 -3.10 -3.10 -3.10 -3.10 -3.10 -3.10 -3.10 -3.10 -3.10 -3.10 -3.10 -3.10 -3.10 -3.10
1924.00 -3.01 -3.01 -3.01 -3.01 -3.01 -3.01 -3.01 -3.01 -3.01 -3.01 -3.01 -3.01 -3.01 -3.01 -3.01 -3.01 -3.01 -3.01 -3.01 -3.01 -3.01 -3.01 -3.01
1925.00 -3.12 -3.12 -3.12 -3.12 -3.12 -3.12 -3.12 -3.12 -3.12 -3.12 -3.12 -3.12 -3.12 -3.12 -3.12 -3.12 -3.12 -3.12 -3.12 -3.12 -3.12 -3.12 -3.12
1926.00 -3.03 -3.03 -3.03 -3.03 -3.03 -3.03 -3.03 -3.03 -3.03 -3.03 -3.03 -3.03 -3.03 -3.03 -3.03 -3.03 -3.03 -3.03 -3.03 -3.03 -3.03 -3.03 -3.03
1927.00 -2.57 -2.57 -2.57 -2.57 -2.57 -2.57 -2.57 -2.57 -2.57 -2.57 -2.57 -2.57 -2.57 -2.57 -2.57 -2.57 -2.57 -2.57 -2.57 -2.57 -2.57 -2.57 -2.57
1928.00 -2.72 -2.72 -2.72 -2.72 -2.72 -2.72 -2.72 -2.72 -2.72 -2.72 -2.72 -2.72 -2.72 -2.72 -2.72 -2.72 -2.72 -2.72 -2.72 -2.72 -2.72 -2.72 -2.72
1929.00 -2.63 -2.63 -2.63 -2.63 -2.63 -2.63 -2.63 -2.63 -2.63 -2.63 -2.63 -2.63 -2.63 -2.63 -2.63 -2.63 -2.63 -2.63 -2.63 -2.63 -2.63 -2.63 -2.63
1930.00 -2.19 -2.19 -2.19 -2.19 -2.19 -2.19 -2.19 -2.19 -2.19 -2.19 -2.19 -2.19 -2.19 -2.19 -2.19 -2.19 -2.19 -2.19 -2.19 -2.19 -2.19 -2.19 -2.19
1931.00 -2.24 -2.24 -2.24 -2.24 -2.24 -2.24 -2.24 -2.24 -2.24 -2.24 -2.24 -2.24 -2.24 -2.24 -2.24 -2.24 -2.24 -2.24 -2.24 -2.24 -2.24 -2.24 -2.24
1932.00 -2.14 -2.14 -2.14 -2.14 -2.14 -2.14 -2.14 -2.14 -2.14 -2.14 -2.14 -2.14 -2.14 -2.14 -2.14 -2.14 -2.14 -2.14 -2.14 -2.14 -2.14 -2.14 -2.14
1933.00 -1.67 -1.67 -1.67 -1.67 -1.67 -1.67 -1.67 -1.67 -1.67 -1.67 -1.67 -1.67 -1.67 -1.67 -1.67 -1.67 -1.67 -1.67 -1.67 -1.67 -1.67 -1.67 -1.67
1934.00 -1.71 -1.71 -1.71 -1.71 -1.71 -1.71 -1.71 -1.71 -1.71 -1.71 -1.71 -1.71 -1.71 -1.71 -1.71 -1.71 -1.71 -1.71 -1.71 -1.71 -1.71 -1.71 -1.71
1935.00 -1.74 -1.74 -1.74 -1.74 -1.74 -1.74 -1.74 -1.74 -1.74 -1.74 -1.74 -1.74 -1.74 -1.74 -1.74 -1.74 -1.74 -1.74 -1.74 -1.74 -1.74 -1.74 -1.74
1936.00 -1.99 -1.99 -1.99 -1.99 -1.99 -1.99 -1.99 -1.99 -1.99 -1.99 -1.99 -1.99 -1.99 -1.99 -1.99 -1.99 -1.99 -1.99 -1.99 -1.99 -1.99 -1.99 -1.99
1937.00 -1.34 -1.34 -1.34 -1.34 -1.34 -1.34 -1.34 -1.34 -1.34 -1.34 -1.34 -1.34 -1.34 -1.34 -1.34 -1.34 -1.34 -1.34 -1.34 -1.34 -1.34 -1.34 -1.34
1938.00 -0.94 -0.94 -0.94 -0.94 -0.94 -0.94 -0.94 -0.94 -0.94 -0.94 -0.94 -0.94 -0.94 -0.94 -0.94 -0.94 -0.94 -0.94 -0.94 -0.94 -0.94 -0.94 -0.94
1939.00 -1.35 -1.35 -1.35 -1.35 -1.35 -1.35 -1.35 -1.35 -1.35 -1.35 -1.35 -1.35 -1.35 -1.35 -1.35 -1.35 -1.35 -1.35 -1.35 -1.35 -1.35 -1.35 -1.35
1940.00 -1.01 -1.01 -1.01 -1.01 -1.01 -1.01 -1.01 -1.01 -1.01 -1.01 -1.01 -1.01 -1.01 -1.01 -1.01 -1.01 -1.01 -1.01 -1.01 -1.01 -1.01 -1.01 -1.01
1941.00 -1.01 -1.01 -1.01 -1.01 -1.01 -1.01 -1.01 -1.01 -1.01 -1.01 -1.01 -1.01 -1.01 -1.01 -1.01 -1.01 -1.01 -1.01 -1.01 -1.01 -1.01 -1.01 -1.01
1942.00 -1.37 -1.37 -1.37 -1.37 -1.37 -1.37 -1.37 -1.37 -1.37 -1.37 -1.37 -1.37 -1.37 -1.37 -1.37 -1.37 -1.37 -1.37 -1.37 -1.37 -1.37 -1.37 -1.37
1943.00 -0.68 -0.68 -0.68 -0.68 -0.68 -0.68 -0.68 -0.68 -0.68 -0.68 -0.68 -0.68 -0.68 -0.68 -0.68 -0.68 -0.68 -0.68 -0.68 -0.68 -0.68 -0.68 -0.68
1944.00 -0.63 -0.63 -0.63 -0.63 -0.63 -0.63 -0.63 -0.63 -0.63 -0.63 -0.63 -0.63 -0.63 -0.63 -0.63 -0.63 -0.63 -0.63 -0.63 -0.63 -0.63 -0.63 -0.63
1945.00 -0.35 -0.35 -0.35 -0.35 -0.35 -0.35 -0.35 -0.35 -0.35 -0.35 -0.35 -0.35 -0.35 -0.35 -0.35 -0.35 -0.35 -0.35 -0.35 -0.35 -0.35 -0.35 -0.35
1946.00 -0.69 -0.69 -0.69 -0.69 -0.69 -0.69 -0.69 -0.69 -0.69 -0.69 -0.69 -0.69 -0.69 -0.69 -0.69 -0.69 -0.69 -0.69 -0.69 -0.69 -0.69 -0.69 -0.69
1947.00 -0.30 -0.30 -0.30 -0.30 -0.30 -0.30 -0.30 -0.30 -0.30 -0.30 -0.30 -0.30 -0.30 -0.30 -0.30 -0.30 -0.30 -0.30 -0.30 -0.30 -0.30 -0.30 -0.30
1948.00 0.13 0.13 0.13 0.13 0.13 0.13 0.13 0.13 0.13 0.13 0.13 0.13 0.13 0.13 0.13 0.13 0.13 0.13 0.13 0.13 0.13 0.13 0.13
1949.00 0.29 0.29 0.29 0.29 0.29 0.29 0.29 0.29 0.29 0.29 0.29 0.29 0.29 0.29 0.29 0.29 0.29 0.29 0.29 0.29 0.29 0.29 0.29
1950.00 0.51 0.51 0.51 0.51 0.51 0.51 0.51 0.51 0.51 0.51 0.51 0.51 0.51 0.51 0.51 0.51 0.51 0.51 0.51 0.51 0.51 0.51 0.51
1951.00 1.41 1.41 1.41 1.41 1.41 1.41 1.41 1.41 1.41 1.41 1.41 1.41 1.41 1.41 1.41 1.41 1.41 1.41 1.41 1.41 1.41 1.41 1.41
1952.00 1.26 1.26 1.26 1.26 1.26 1.26 1.26 1.26 1.26 1.26 1.26 1.26 1.26 1.26 1.26 1.26 1.26 1.26 1.26 1.26 1.26 1.26 1.26
1953.00 0.77 0.77 0.77 0.77 0.77 0.77 0.77 0.77 0.77 0.77 0.77 0.77 0.77 0.77 0.77 0.77 0.77 0.77 0.77 0.77 0.77 0.77 0.77
1954.00 1.81 1.81 1.81 1.81 1.81 1.81 1.81 1.81 1.81 1.81 1.81 1.81 1.81 1.81 1.81 1.81 1.81 1.81 1.81 1.81 1.81 1.81 1.81
1955.00 2.36 2.36 2.36 2.36 2.36 2.36 2.36 2.36 2.36 2.36 2.36 2.36 2.36 2.36 2.36 2.36 2.36 2.36 2.36 2.36 2.36 2.36 2.36
1956.00 2.87 2.87 2.87 2.87 2.87 2.87 2.87 2.87 2.87 2.87 2.87 2.87 2.87 2.87 2.87 2.87 2.87 2.87 2.87 2.87 2.87 2.87 2.87
1957.00 2.87 2.87 2.87 2.87 2.87 2.87 2.87 2.87 2.87 2.87 2.87 2.87 2.87 2.87 2.87 2.87 2.87 2.87 2.87 2.87 2.87 2.87 2.87
1958.00 3.53 3.53 3.53 3.53 3.53 3.53 3.53 3.53 3.53 3.53 3.53 3.53 3.53 3.53 3.53 3.53 3.53 3.53 3.53 3.53 3.53 3.53 3.53
1959.00 3.23 3.23 3.23 3.23 3.23 3.23 3.23 3.23 3.23 3.23 3.23 3.23 3.23 3.23 3.23 3.23 3.23 3.23 3.23 3.23 3.23 3.23 3.23
1960.00 3.50 3.50 3.50 3.50 3.50 3.50 3.50 3.50 3.50 3.50 3.50 3.50 3.50 3.50 3.50 3.50 3.50 3.50 3.50 3.50 3.50 3.50 3.50
1961.00 4.36 4.36 4.36 4.36 4.36 4.36 4.36 4.36 4.36 4.36 4.36 4.36 4.36 4.36 4.36 4.36 4.36 4.36 4.36 4.36 4.36 4.36 4.36
1962.00 4.64 4.64 4.64 4.64 4.64 4.64 4.64 4.64 4.64 4.64 4.64 4.64 4.64 4.64 4.64 4.64 4.64 4.64 4.64 4.64 4.64 4.64 4.64
1963.00 4.59 4.59 4.59 4.59 4.59 4.59 4.59 4.59 4.59 4.59 4.59 4.59 4.59 4.59 4.59 4.59 4.59 4.59 4.59 4.59 4.59 4.59 4.59
1964.00 4.86 4.86 4.86 4.86 4.86 4.86 4.86 4.86 4.86 4.86 4.86 4.86 4.86 4.86 4.86 4.86 4.86 4.86 4.86 4.86 4.86 4.86 4.86
1965.00 5.73 5.73 5.73 5.73 5.73 5.73 5.73 5.73 5.73 5.73 5.73 5.73 5.73 5.73 5.73 5.73 5.73 5.73 5.73 5.73 5.73 5.73 5.73
1966.00 6.18 6.18 6.18 6.18 6.18 6.18 6.18 6.18 6.18 6.18 6.18 6.18 6.18 6.18 6.18 6.18 6.18 6.18 6.18 6.18 6.18 6.18 6.18
1967.00 6.52 6.52 6.52 6.52 6.52 6.52 6.52 6.52 6.52 6.52 6.52 6.52 6.52 6.52 6.52 6.52 6.52 6.52 6.52 6.52 6.52 6.52 6.52
1968.00 6.70 6.70 6.70 6.70 6.70 6.70 6.70 6.70 6.70 6.70 6.70 6.70 6.70 6.70 6.70 6.70 6.70 6.70 6.70 6.70 6.70 6.70 6.70
1969.00 6.62 6.62 6.62 6.62 6.62 6.62 6.62 6.62 6.62 6.62 6.62 6.62 6.62 6.62 6.62 6.62 6.62 6.62 6.62 6.62 6.62 6.62 6.62
1970.00 128.51 128.51 128.51 128.51 128.51 128.51 128.51 128.51 128.51 128.51 128.51 128.51 128.51 128.51 128.51 128.51 128.51 128.51 128.51 128.51 128.51 128.51 128.51
1971.00 133.17 133.17 133.17 133.17 133.17 133.17 133.17 133.17 133.17 133.17 133.17 133.17 133.17 133.17 133.17 133.17 133.17 133.17 133.17 133.17 133.17 133.17 133.17
1972.00 136.52 136.52 136.52 136.52 136.52 136.52 136.52 136.52 136.52 136.52 136.52 136.52 136.52 136.52 136.52 136.52 136.52 136.52 136.52 136.52 136.52 136.52 136.52
1973.00 138.01 138.01 138.01 138.01 138.01 138.01 138.01 138.01 138.01 138.01 138.01 138.01 138.01 138.01 138.01 138.01 138.01 138.01 138.01 138.01 138.01 138.01 138.01
1974.00 142.05 142.05 142.05 142.05 142.05 142.05 142.05 142.05 142.05 142.05 142.05 142.05 142.05 142.05 142.05 142.05 142.05 142.05 142.05 142.05 142.05 142.05 142.05
1975.00 140.75 140.75 140.75 140.75 140.75 140.75 140.75 140.75 140.75 140.75 140.75 140.75 140.75 140.75 140.75 140.75 140.75 140.75 140.75 140.75 140.75 140.75 140.75
1976.00 144.91 144.91 144.91 144.91 144.91 144.91 144.91 144.91 144.91 144.91 144.91 144.91 144.91 144.91 144.91 144.91 144.91 144.91 144.91 144.91 144.91 144.91 144.91
1977.00 145.56 145.56 145.56 145.56 145.56 145.56 145.56 145.56 145.56 145.56 145.56 145.56 145.56 145.56 145.56 145.56 145.56 145.56 145.56 145.56 145.56 145.56 145.56
1978.00 143.88 143.88 143.88 143.88 143.88 143.88 143.88 143.88 143.88 143.88 143.88 143.88 143.88 143.88 143.88 143.88 143.88 143.88 143.88 143.88 143.88 143.88 143.88
1979.00 138.57 138.57 138.57 138.57 138.57 138.57 138.57 138.57 138.57 138.57 138.57 138.57 138.57 138.57 138.57 138.57 138.57 138.57 138.57 138.57 138.57 138.57 138.57
1980.00 141.14 141.14 141.14 141.14 141.14 141.14 141.14 141.14 141.14 141.14 141.14 141.14 141.14 141.14 141.14 141.14 141.14 141.14 141.14 141.14 141.14 141.14 141.14
1981.00 138.96 138.96 138.96 138.96 138.96 138.96 138.96 138.96 138.96 138.96 138.96 138.96 138.96 138.96 138.96 138.96 138.96 138.96 138.96 138.96 138.96 138.96 138.96
1982.00 139.50 139.50 139.50 139.50 139.50 139.50 139.50 139.50 139.50 139.50 139.50 139.50 139.50 139.50 139.50 139.50 139.50 139.50 139.50 139.50 139.50 139.50 139.50
1983.00 135.46 135.46 135.46 135.46 135.46 135.46 135.46 135.46 135.46 135.46 135.46 135.46 135.46 135.46 135.46 135.46 135.46 135.46 135.46 135.46 135.46 135.46 135.46
1984.00 135.32 135.32 135.32 135.32 135.32 135.32 135.32 135.32 135.32 135.32 135.32 135.32 135.32 135.32 135.32 135.32 135.32 135.32 135.32 135.32 135.32 135.32 135.32
1985.00 127.90 127.90 127.90 127.90 127.90 127.90 127.90 127.90 127.90 127.90 127.90 127.90 127.90 127.90 127.90 127.90 127.90 127.90 127.90 127.90 127.90 127.90 127.90
1986.00 119.22 119.22 119.22 119.22 119.22 119.22 119.22 119.22 119.22 119.22 119.22 119.22 119.22 119.22 119.22 119.22 119.22 119.22 119.22 119.22 119.22 119.22 119.22
1987.00 124.87 124.87 124.87 124.87 124.87 124.87 124.87 124.87 124.87 124.87 124.87 124.87 124.87 124.87 124.87 124.87 124.87 124.87 124.87 124.87 124.87 124.87 124.87
1988.00 75.37 77.57 79.78 81.98 84.19 86.39 88.60 90.80 93.01 95.21 97.41 99.62 101.82 104.03 106.23 108.44 110.64 112.85 115.05 117.26 119.46 121.66 123.87
1989.00 73.33 75.46 77.59 79.71 81.84 83.97 86.09 88.22 90.34 92.47 94.60 96.72 98.85 100.98 103.10 105.23 107.36 109.48 111.61 113.74 115.86 117.99 120.12
1990.00 70.65 72.69 74.73 76.77 78.81 80.85 82.89 84.93 86.97 89.02 91.06 93.10 95.14 97.18 99.22 101.26 103.30 105.34 107.39 109.43 111.47 113.51 115.55
1991.00 68.82 70.81 72.81 74.81 76.80 78.80 80.79 82.79 84.79 86.78 88.78 90.77 92.77 94.76 96.76 98.76 100.75 102.75 104.74 106.74 108.74 110.73 112.73
1992.00 67.36 69.33 71.30 73.28 75.25 77.22 79.19 81.17 83.14 85.11 87.08 89.06 91.03 93.00 94.97 96.95 98.92 100.89 102.86 104.84 106.81 108.78 110.75
1993.00 66.61 68.56 70.50 72.45 74.39 76.34 78.28 80.23 82.17 84.12 86.06 88.01 89.95 91.90 93.84 95.79 97.73 99.68 101.62 103.57 105.51 107.46 109.40
1994.00 65.57 67.49 69.40 71.32 73.24 75.16 77.08 79.00 80.91 82.83 84.75 86.67 88.59 90.51 92.42 94.34 96.26 98.18 100.10 102.02 103.93 105.85 107.77
1995.00 65.09 67.00 68.92 70.84 72.75 74.67 76.58 78.50 80.42 82.33 84.25 86.17 88.08 90.00 91.92 93.83 95.75 97.66 99.58 101.50 103.41 105.33 107.25
1996.00 63.11 64.98 66.86 68.73 70.61 72.49 74.36 76.24 78.11 79.99 81.87 83.74 85.62 87.49 89.37 91.25 93.12 95.00 96.87 98.75 100.63 102.50 104.38
1997.00 62.39 64.26 66.13 67.99 69.86 71.72 73.59 75.46 77.32 79.19 81.05 82.92 84.79 86.65 88.52 90.38 92.25 94.12 95.98 97.85 99.71 101.58 103.45
1998.00 61.27 63.12 64.96 66.80 68.64 70.48 72.32 74.16 76.00 77.84 79.68 81.52 83.36 85.20 87.04 88.88 90.72 92.56 94.40 96.24 98.08 99.92 101.76
1999.00 59.19 60.97 62.75 64.53 66.31 68.09 69.87 71.65 73.43 75.21 76.99 78.77 80.55 82.33 84.11 85.89 87.67 89.45 91.23 93.01 94.79 96.57 98.35
2000.00 56.31 57.98 59.66 61.34 63.01 64.69 66.37 68.04 69.72 71.40 73.07 74.75 76.42 78.10 79.78 81.45 83.13 84.81 86.48 88.16 89.84 91.51 93.19
2001.00 54.06 55.68 57.29 58.91 60.53 62.15 63.77 65.39 67.01 68.62 70.24 71.86 73.48 75.10 76.72 78.34 79.95 81.57 83.19 84.81 86.43 88.05 89.67
2002.00 52.30 53.89 55.47 57.05 58.64 60.22 61.80 63.39 64.97 66.56 68.14 69.72 71.31 72.89 74.48 76.06 77.64 79.23 80.81 82.39 83.98 85.56 87.15
2003.00 51.20 52.76 54.32 55.88 57.44 58.99 60.55 62.11 63.67 65.22 66.78 68.34 69.90 71.45 73.01 74.57 76.13 77.69 79.24 80.80 82.36 83.92 85.47
2004.00 47.78 49.23 50.69 52.14 53.60 55.05 56.51 57.97 59.42 60.88 62.33 63.79 65.24 66.70 68.15 69.61 71.06 72.52 73.97 75.43 76.89 78.34 79.80
2005.00 46.55 47.98 49.41 50.83 52.26 53.69 55.12 56.55 57.98 59.41 60.84 62.27 63.70 65.13 66.56 67.99 69.42 70.85 72.28 73.71 75.14 76.57 77.99
2006.00 45.65 47.04 48.44 49.83 51.22 52.62 54.01 55.41 56.80 58.19 59.59 60.98 62.37 63.77 65.16 66.56 67.95 69.34 70.74 72.13 73.53 74.92 76.31
2007.00 43.77 45.13 46.48 47.83 49.19 50.54 51.90 53.25 54.61 55.96 57.32 58.67 60.02 61.38 62.73 64.09 65.44 66.80 68.15 69.50 70.86 72.21 73.57
2008.00 40.10 41.37 42.63 43.89 45.16 46.42 47.68 48.94 50.21 51.47 52.73 54.00 55.26 56.52 57.78 59.05 60.31 61.57 62.84 64.10 65.36 66.62 67.89
2009.00 38.57 39.77 40.97 42.17 43.37 44.57 45.77 46.97 48.17 49.37 50.57 51.77 52.98 54.18 55.38 56.58 57.78 58.98 60.18 61.38 62.58 63.78 64.98
2010.00 35.20 36.29 37.37 38.46 39.55 40.63 41.72 42.80 43.89 44.97 46.06 47.15 48.23 49.32 50.40 51.49 52.57 53.66 54.75 55.83 56.92 58.00 59.09
2011.00 33.55 34.60 35.66 36.71 37.76 38.81 39.86 40.91 41.96 43.02 44.07 45.12 46.17 47.22 48.27 49.32 50.37 51.43 52.48 53.53 54.58 55.63 56.68
2012.00 31.51 32.53 33.54 34.56 35.58 36.60 37.61 38.63 39.65 40.66 41.68 42.70 43.72 44.73 45.75 46.77 47.78 48.80 49.82 50.84 51.85 52.87 53.89
2013.00 30.66 31.64 32.61 33.59 34.57 35.55 36.53 37.51 38.49 39.47 40.45 41.42 42.40 43.38 44.36 45.34 46.32 47.30 48.28 49.25 50.23 51.21 52.19
2014.00 28.52 29.45 30.39 31.32 32.25 33.19 34.12 35.06 35.99 36.92 37.86 38.79 39.72 40.66 41.59 42.53 43.46 44.39 45.33 46.26 47.20 48.13 49.06
2015.00 28.55 29.48 30.40 31.33 32.26 33.18 34.11 35.04 35.96 36.89 37.82 38.74 39.67 40.60 41.52 42.45 43.38 44.30 45.23 46.16 47.08 48.01 48.94
2016.00 27.82 28.72 29.62 30.52 31.43 32.33 33.23 34.13 35.03 35.93 36.83 37.73 38.63 39.53 40.43 41.34 42.24 43.14 44.04 44.94 45.84 46.74 47.64
2017.00 26.93 27.80 28.67 29.54 30.41 31.28 32.15 33.01 33.88 34.75 35.62 36.49 37.36 38.23 39.10 39.97 40.84 41.71 42.58 43.45 44.32 45.19 46.06
2018.00 0.09 0.09 0.09 0.09 0.09 0.09 0.09 0.09 0.09 0.09 0.09 0.09 0.09 0.09 0.09 0.09 0.09 0.09 0.09 0.09 0.09 0.09 0.09
2019.00 -0.46 -0.46 -0.46 -0.46 -0.46 -0.46 -0.46 -0.46 -0.46 -0.46 -0.46 -0.46 -0.46 -0.46 -0.46 -0.46 -0.46 -0.46 -0.46 -0.46 -0.46 -0.46 -0.46
2020.00 -0.06 -0.06 -0.06 -0.06 -0.06 -0.06 -0.06 -0.06 -0.06 -0.06 -0.06 -0.06 -0.06 -0.06 -0.06 -0.06 -0.06 -0.06 -0.06 -0.06 -0.06 -0.06 -0.06
2021.00 -0.18 -0.18 -0.18 -0.18 -0.18 -0.18 -0.18 -0.18 -0.18 -0.18 -0.18 -0.18 -0.18 -0.18 -0.18 -0.18 -0.18 -0.18 -0.18 -0.18 -0.18 -0.18 -0.18
2022.00 -0.65 -0.65 -0.65 -0.65 -0.65 -0.65 -0.65 -0.65 -0.65 -0.65 -0.65 -0.65 -0.65 -0.65 -0.65 -0.65 -0.65 -0.65 -0.65 -0.65 -0.65 -0.65 -0.65
2023.00 -0.52 -0.52 -0.52 -0.52 -0.52 -0.52 -0.52 -0.52 -0.52 -0.52 -0.52 -0.52 -0.52 -0.52 -0.52 -0.52 -0.52 -0.52 -0.52 -0.52 -0.52 -0.52 -0.52
2024.00 -0.59 -0.59 -0.59 -0.59 -0.59 -0.59 -0.59 -0.59 -0.59 -0.59 -0.59 -0.59 -0.59 -0.59 -0.59 -0.59 -0.59 -0.59 -0.59 -0.59 -0.59 -0.59 -0.59
2025.00 -1.22 -1.22 -1.22 -1.22 -1.22 -1.22 -1.22 -1.22 -1.22 -1.22 -1.22 -1.22 -1.22 -1.22 -1.22 -1.22 -1.22 -1.22 -1.22 -1.22 -1.22 -1.22 -1.22
2026.00 -1.22 -1.22 -1.22 -1.22 -1.22 -1.22 -1.22 -1.22 -1.22 -1.22 -1.22 -1.22 -1.22 -1.22 -1.22 -1.22 -1.22 -1.22 -1.22 -1.22 -1.22 -1.22 -1.22
2027.00 -1.27 -1.27 -1.27 -1.27 -1.27 -1.27 -1.27 -1.27 -1.27 -1.27 -1.27 -1.27 -1.27 -1.27 -1.27 -1.27 -1.27 -1.27 -1.27 -1.27 -1.27 -1.27 -1.27
2028.00 -1.32 -1.32 -1.32 -1.32 -1.32 -1.32 -1.32 -1.32 -1.32 -1.32 -1.32 -1.32 -1.32 -1.32 -1.32 -1.32 -1.32 -1.32 -1.32 -1.32 -1.32 -1.32 -1.32
2029.00 -1.69 -1.69 -1.69 -1.69 -1.69 -1.69 -1.69 -1.69 -1.69 -1.69 -1.69 -1.69 -1.69 -1.69 -1.69 -1.69 -1.69 -1.69 -1.69 -1.69 -1.69 -1.69 -1.69
2030.00 -2.33 -2.33 -2.33 -2.33 -2.33 -2.33 -2.33 -2.33 -2.33 -2.33 -2.33 -2.33 -2.33 -2.33 -2.33 -2.33 -2.33 -2.33 -2.33 -2.33 -2.33 -2.33 -2.33
2031.00 -2.15 -2.15 -2.15 -2.15 -2.15 -2.15 -2.15 -2.15 -2.15 -2.15 -2.15 -2.15 -2.15 -2.15 -2.15 -2.15 -2.15 -2.15 -2.15 -2.15 -2.15 -2.15 -2.15
2032.00 -2.69 -2.69 -2.69 -2.69 -2.69 -2.69 -2.69 -2.69 -2.69 -2.69 -2.69 -2.69 -2.69 -2.69 -2.69 -2.69 -2.69 -2.69 -2.69 -2.69 -2.69 -2.69 -2.69
2033.00 -2.67 -2.67 -2.67 -2.67 -2.67 -2.67 -2.67 -2.67 -2.67 -2.67 -2.67 -2.67 -2.67 -2.67 -2.67 -2.67 -2.67 -2.67 -2.67 -2.67 -2.67 -2.67 -2.67
2034.00 -2.24 -2.24 -2.24 -2.24 -2.24 -2.24 -2.24 -2.24 -2.24 -2.24 -2.24 -2.24 -2.24 -2.24 -2.24 -2.24 -2.24 -2.24 -2.24 -2.24 -2.24 -2.24 -2.24
2035.00 -2.91 -2.91 -2.91 -2.91 -2.91 -2.91 -2.91 -2.91 -2.91 -2.91 -2.91 -2.91 -2.91 -2.91 -2.91 -2.91 -2.91 -2.91 -2.91 -2.91 -2.91 -2.91 -2.91
2036.00 -3.17 -3.17 -3.17 -3.17 -3.17 -3.17 -3.17 -3.17 -3.17 -3.17 -3.17 -3.17 -3.17 -3.17 -3.17 -3.17 -3.17 -3.17 -3.17 -3.17 -3.17 -3.17 -3.17
2037.00 -3.01 -3.01 -3.01 -3.01 -3.01 -3.01 -3.01 -3.01 -3.01 -3.01 -3.01 -3.01 -3.01 -3.01 -3.01 -3.01 -3.01 -3.01 -3.01 -3.01 -3.01 -3.01 -3.01
2038.00 -3.07 -3.07 -3.07 -3.07 -3.07 -3.07 -3.07 -3.07 -3.07 -3.07 -3.07 -3.07 -3.07 -3.07 -3.07 -3.07 -3.07 -3.07 -3.07 -3.07 -3.07 -3.07 -3.07
2039.00 -3.11 -3.11 -3.11 -3.11 -3.11 -3.11 -3.11 -3.11 -3.11 -3.11 -3.11 -3.11 -3.11 -3.11 -3.11 -3.11 -3.11 -3.11 -3.11 -3.11 -3.11 -3.11 -3.11
2040.00 -3.34 -3.34 -3.34 -3.34 -3.34 -3.34 -3.34 -3.34 -3.34 -3.34 -3.34 -3.34 -3.34 -3.34 -3.34 -3.34 -3.34 -3.34 -3.34 -3.34 -3.34 -3.34 -3.34
2041.00 -3.18 -3.18 -3.18 -3.18 -3.18 -3.18 -3.18 -3.18 -3.18 -3.18 -3.18 -3.18 -3.18 -3.18 -3.18 -3.18 -3.18 -3.18 -3.18 -3.18 -3.18 -3.18 -3.18
2042.00 -3.19 -3.19 -3.19 -3.19 -3.19 -3.19 -3.19 -3.19 -3.19 -3.19 -3.19 -3.19 -3.19 -3.19 -3.19 -3.19 -3.19 -3.19 -3.19 -3.19 -3.19 -3.19 -3.19
2043.00 -3.25 -3.25 -3.25 -3.25 -3.25 -3.25 -3.25 -3.25 -3.25 -3.25 -3.25 -3.25 -3.25 -3.25 -3.25 -3.25 -3.25 -3.25 -3.25 -3.25 -3.25 -3.25 -3.25
2044.00 -3.17 -3.17 -3.17 -3.17 -3.17 -3.17 -3.17 -3.17 -3.17 -3.17 -3.17 -3.17 -3.17 -3.17 -3.17 -3.17 -3.17 -3.17 -3.17 -3.17 -3.17 -3.17 -3.17
2045.00 -3.10 -3.10 -3.10 -3.10 -3.10 -3.10 -3.10 -3.10 -3.10 -3.10 -3.10 -3.10 -3.10 -3.10 -3.10 -3.10 -3.10 -3.10 -3.10 -3.10 -3.10 -3.10 -3.10
2046.00 -3.28 -3.28 -3.28 -3.28 -3.28 -3.28 -3.28 -3.28 -3.28 -3.28 -3.28 -3.28 -3.28 -3.28 -3.28 -3.28 -3.28 -3.28 -3.28 -3.28 -3.28 -3.28 -3.28
2047.00 -3.20 -3.20 -3.20 -3.20 -3.20 -3.20 -3.20 -3.20 -3.20 -3.20 -3.20 -3.20 -3.20 -3.20 -3.20 -3.20 -3.20 -3.20 -3.20 -3.20 -3.20 -3.20 -3.20
2048.00 -3.12 -3.12 -3.12 -3.12 -3.12 -3.12 -3.12 -3.12 -3.12 -3.12 -3.12 -3.12 -3.12 -3.12 -3.12 -3.12 -3.12 -3.12 -3.12 -3.12 -3.12 -3.12 -3.12
2049.00 -3.01 -3.01 -3.01 -3.01 -3.01 -3.01 -3.01 -3.01 -3.01 -3.01 -3.01 -3.01 -3.01 -3.01 -3.01 -3.01 -3.01 -3.01 -3.01 -3.01 -3.01 -3.01 -3.01
2050.00 -3.07 -3.07 -3.07 -3.07 -3.07 -3.07 -3.07 -3.07 -3.07 -3.07 -3.07 -3.07 -3.07 -3.07 -3.07 -3.07 -3.07 -3.07 -3.07 -3.07 -3.07 -3.07 -3.07
2051.00 -3.17 -3.17 -3.17 -3.17 -3.17 -3.17 -3.17 -3.17 -3.17 -3.17 -3.17 -3.17 -3.17 -3.17 -3.17 -3.17 -3.17 -3.17 -3.17 -3.17 -3.17 -3.17 -3.17
2052.00 -3.07 -3.07 -3.07 -3.07 -3.07 -3.07 -3.07 -3.07 -3.07 -3.07 -3.07 -3.07 -3.07 -3.07 -3.07 -3.07 -3.07 -3.07 -3.07 -3.07 -3.07 -3.07 -3.07
2053.00 -3.06 -3.06 -3.06 -3.06 -3.06 -3.06 -3.06 -3.06 -3.06 -3.06 -3.06 -3.06 -3.06 -3.06 -3.06 -3.06 -3.06 -3.06 -3.06 -3.06 -3.06 -3.06 -3.06
2054.00 -3.20 -3.20 -3.20 -3.20 -3.20 -3.20 -3.20 -3.20 -3.20 -3.20 -3.20 -3.20 -3.20 -3.20 -3.20 -3.20 -3.20 -3.20 -3.20 -3.20 -3.20 -3.20 -3.20
2055.00 -3.15 -3.15 -3.15 -3.15 -3.15 -3.15 -3.15 -3.15 -3.15 -3.15 -3.15 -3.15 -3.15 -3.15 -3.15 -3.15 -3.15 -3.15 -3.15 -3.15 -3.15 -3.15 -3.15
2056.00 -3.07 -3.07 -3.07 -3.07 -3.07 -3.07 -3.07 -3.07 -3.07 -3.07 -3.07 -3.07 -3.07 -3.07 -3.07 -3.07 -3.07 -3.07 -3.07 -3.07 -3.07 -3.07 -3.07
2057.00 -3.17 -3.17 -3.17 -3.17 -3.17 -3.17 -3.17 -3.17 -3.17 -3.17 -3.17 -3.17 -3.17 -3.17 -3.17 -3.17 -3.17 -3.17 -3.17 -3.17 -3.17 -3.17 -3.17
2058.00 -3.31 -3.31 -3.31 -3.31 -3.31 -3.31 -3.31 -3.31 -3.31 -3.31 -3.31 -3.31 -3.31 -3.31 -3.31 -3.31 -3.31 -3.31 -3.31 -3.31 -3.31 -3.31 -3.31
2059.00 -3.15 -3.15 -3.15 -3.15 -3.15 -3.15 -3.15 -3.15 -3.15 -3.15 -3.15 -3.15 -3.15 -3.15 -3.15 -3.15 -3.15 -3.15 -3.15 -3.15 -3.15 -3.15 -3.15
2060.00 -3.18 -3.18 -3.18 -3.18 -3.18 -3.18 -3.18 -3.18 -3.18 -3.18 -3.18 -3.18 -3.18 -3.18 -3.18 -3.18 -3.18 -3.18 -3.18 -3.18 -3.18 -3.18 -3.18
2061.00 -3.18 -3.18 -3.18 -3.18 -3.18 -3.18 -3.18 -3.18 -3.18 -3.18 -3.18 -3.18 -3.18 -3.18 -3.18 -3.18 -3.18 -3.18 -3.18 -3.18 -3.18 -3.18 -3.18
2062.00 -3.28 -3.28 -3.28 -3.28 -3.28 -3.28 -3.28 -3.28 -3.28 -3.28 -3.28 -3.28 -3.28 -3.28 -3.28 -3.28 -3.28 -3.28 -3.28 -3.28 -3.28 -3.28 -3.28
2063.00 -3.15 -3.15 -3.15 -3.15 -3.15 -3.15 -3.15 -3.15 -3.15 -3.15 -3.15 -3.15 -3.15 -3.15 -3.15 -3.15 -3.15 -3.15 -3.15 -3.15 -3.15 -3.15 -3.15
2064.00 -3.27 -3.27 -3.27 -3.27 -3.27 -3.27 -3.27 -3.27 -3.27 -3.27 -3.27 -3.27 -3.27 -3.27 -3.27 -3.27 -3.27 -3.27 -3.27 -3.27 -3.27 -3.27 -3.27
2065.00 -3.29 -3.29 -3.29 -3.29 -3.29 -3.29 -3.29 -3.29 -3.29 -3.29 -3.29 -3.29 -3.29 -3.29 -3.29 -3.29 -3.29 -3.29 -3.29 -3.29 -3.29 -3.29 -3.29
