# yearspad, alpred
# [0.6  0.62 0.64 0.66 0.68 0.7  0.72 0.74 0.76 0.78 0.8  0.82 0.84 0.86
#  0.88 0.9  0.92 0.94 0.96 0.98 1.   1.02 1.04]
1922.00 -2.64 -2.64 -2.64 -2.64 -2.64 -2.64 -2.64 -2.64 -2.64 -2.64 -2.64 -2.64 -2.64 -2.64 -2.64 -2.64 -2.64 -2.64 -2.64 -2.64 -2.64 -2.64 -2.64
1923.00 -1.97 -1.97 -1.97 -1.97 -1.97 -1.97 -1.97 -1.97 -1.97 -1.97 -1.97 -1.97 -1.97 -1.97 -1.97 -1.97 -1.97 -1.97 -1.97 -1.97 -1.97 -1.97 -1.97
1924.00 -1.90 -1.90 -1.90 -1.90 -1.90 -1.90 -1.90 -1.90 -1.90 -1.90 -1.90 -1.90 -1.90 -1.90 -1.90 -1.90 -1.90 -1.90 -1.90 -1.90 -1.90 -1.90 -1.90
1925.00 -1.64 -1.64 -1.64 -1.64 -1.64 -1.64 -1.64 -1.64 -1.64 -1.64 -1.64 -1.64 -1.64 -1.64 -1.64 -1.64 -1.64 -1.64 -1.64 -1.64 -1.64 -1.64 -1.64
1926.00 -1.75 -1.75 -1.75 -1.75 -1.75 -1.75 -1.75 -1.75 -1.75 -1.75 -1.75 -1.75 -1.75 -1.75 -1.75 -1.75 -1.75 -1.75 -1.75 -1.75 -1.75 -1.75 -1.75
1927.00 -1.29 -1.29 -1.29 -1.29 -1.29 -1.29 -1.29 -1.29 -1.29 -1.29 -1.29 -1.29 -1.29 -1.29 -1.29 -1.29 -1.29 -1.29 -1.29 -1.29 -1.29 -1.29 -1.29
1928.00 -1.16 -1.16 -1.16 -1.16 -1.16 -1.16 -1.16 -1.16 -1.16 -1.16 -1.16 -1.16 -1.16 -1.16 -1.16 -1.16 -1.16 -1.16 -1.16 -1.16 -1.16 -1.16 -1.16
1929.00 -0.93 -0.93 -0.93 -0.93 -0.93 -0.93 -0.93 -0.93 -0.93 -0.93 -0.93 -0.93 -0.93 -0.93 -0.93 -0.93 -0.93 -0.93 -0.93 -0.93 -0.93 -0.93 -0.93
1930.00 -0.91 -0.91 -0.91 -0.91 -0.91 -0.91 -0.91 -0.91 -0.91 -0.91 -0.91 -0.91 -0.91 -0.91 -0.91 -0.91 -0.91 -0.91 -0.91 -0.91 -0.91 -0.91 -0.91
1931.00 -0.81 -0.81 -0.81 -0.81 -0.81 -0.81 -0.81 -0.81 -0.81 -0.81 -0.81 -0.81 -0.81 -0.81 -0.81 -0.81 -0.81 -0.81 -0.81 -0.81 -0.81 -0.81 -0.81
1932.00 -0.90 -0.90 -0.90 -0.90 -0.90 -0.90 -0.90 -0.90 -0.90 -0.90 -0.90 -0.90 -0.90 -0.90 -0.90 -0.90 -0.90 -0.90 -0.90 -0.90 -0.90 -0.90 -0.90
1933.00 -0.34 -0.34 -0.34 -0.34 -0.34 -0.34 -0.34 -0.34 -0.34 -0.34 -0.34 -0.34 -0.34 -0.34 -0.34 -0.34 -0.34 -0.34 -0.34 -0.34 -0.34 -0.34 -0.34
1934.00 -0.19 -0.19 -0.19 -0.19 -0.19 -0.19 -0.19 -0.19 -0.19 -0.19 -0.19 -0.19 -0.19 -0.19 -0.19 -0.19 -0.19 -0.19 -0.19 -0.19 -0.19 -0.19 -0.19
1935.00 0.28 0.28 0.28 0.28 0.28 0.28 0.28 0.28 0.28 0.28 0.28 0.28 0.28 0.28 0.28 0.28 0.28 0.28 0.28 0.28 0.28 0.28 0.28
1936.00 -0.23 -0.23 -0.23 -0.23 -0.23 -0.23 -0.23 -0.23 -0.23 -0.23 -0.23 -0.23 -0.23 -0.23 -0.23 -0.23 -0.23 -0.23 -0.23 -0.23 -0.23 -0.23 -0.23
1937.00 0.07 0.07 0.07 0.07 0.07 0.07 0.07 0.07 0.07 0.07 0.07 0.07 0.07 0.07 0.07 0.07 0.07 0.07 0.07 0.07 0.07 0.07 0.07
1938.00 -0.48 -0.48 -0.48 -0.48 -0.48 -0.48 -0.48 -0.48 -0.48 -0.48 -0.48 -0.48 -0.48 -0.48 -0.48 -0.48 -0.48 -0.48 -0.48 -0.48 -0.48 -0.48 -0.48
1939.00 -0.38 -0.38 -0.38 -0.38 -0.38 -0.38 -0.38 -0.38 -0.38 -0.38 -0.38 -0.38 -0.38 -0.38 -0.38 -0.38 -0.38 -0.38 -0.38 -0.38 -0.38 -0.38 -0.38
1940.00 -0.21 -0.21 -0.21 -0.21 -0.21 -0.21 -0.21 -0.21 -0.21 -0.21 -0.21 -0.21 -0.21 -0.21 -0.21 -0.21 -0.21 -0.21 -0.21 -0.21 -0.21 -0.21 -0.21
1941.00 0.33 0.33 0.33 0.33 0.33 0.33 0.33 0.33 0.33 0.33 0.33 0.33 0.33 0.33 0.33 0.33 0.33 0.33 0.33 0.33 0.33 0.33 0.33
1942.00 0.07 0.07 0.07 0.07 0.07 0.07 0.07 0.07 0.07 0.07 0.07 0.07 0.07 0.07 0.07 0.07 0.07 0.07 0.07 0.07 0.07 0.07 0.07
1943.00 0.03 0.03 0.03 0.03 0.03 0.03 0.03 0.03 0.03 0.03 0.03 0.03 0.03 0.03 0.03 0.03 0.03 0.03 0.03 0.03 0.03 0.03 0.03
1944.00 0.11 0.11 0.11 0.11 0.11 0.11 0.11 0.11 0.11 0.11 0.11 0.11 0.11 0.11 0.11 0.11 0.11 0.11 0.11 0.11 0.11 0.11 0.11
1945.00 0.64 0.64 0.64 0.64 0.64 0.64 0.64 0.64 0.64 0.64 0.64 0.64 0.64 0.64 0.64 0.64 0.64 0.64 0.64 0.64 0.64 0.64 0.64
1946.00 0.81 0.81 0.81 0.81 0.81 0.81 0.81 0.81 0.81 0.81 0.81 0.81 0.81 0.81 0.81 0.81 0.81 0.81 0.81 0.81 0.81 0.81 0.81
1947.00 1.17 1.17 1.17 1.17 1.17 1.17 1.17 1.17 1.17 1.17 1.17 1.17 1.17 1.17 1.17 1.17 1.17 1.17 1.17 1.17 1.17 1.17 1.17
1948.00 1.17 1.17 1.17 1.17 1.17 1.17 1.17 1.17 1.17 1.17 1.17 1.17 1.17 1.17 1.17 1.17 1.17 1.17 1.17 1.17 1.17 1.17 1.17
1949.00 1.18 1.18 1.18 1.18 1.18 1.18 1.18 1.18 1.18 1.18 1.18 1.18 1.18 1.18 1.18 1.18 1.18 1.18 1.18 1.18 1.18 1.18 1.18
1950.00 1.17 1.17 1.17 1.17 1.17 1.17 1.17 1.17 1.17 1.17 1.17 1.17 1.17 1.17 1.17 1.17 1.17 1.17 1.17 1.17 1.17 1.17 1.17
1951.00 2.39 2.39 2.39 2.39 2.39 2.39 2.39 2.39 2.39 2.39 2.39 2.39 2.39 2.39 2.39 2.39 2.39 2.39 2.39 2.39 2.39 2.39 2.39
1952.00 2.77 2.77 2.77 2.77 2.77 2.77 2.77 2.77 2.77 2.77 2.77 2.77 2.77 2.77 2.77 2.77 2.77 2.77 2.77 2.77 2.77 2.77 2.77
1953.00 3.11 3.11 3.11 3.11 3.11 3.11 3.11 3.11 3.11 3.11 3.11 3.11 3.11 3.11 3.11 3.11 3.11 3.11 3.11 3.11 3.11 3.11 3.11
1954.00 2.67 2.67 2.67 2.67 2.67 2.67 2.67 2.67 2.67 2.67 2.67 2.67 2.67 2.67 2.67 2.67 2.67 2.67 2.67 2.67 2.67 2.67 2.67
1955.00 2.94 2.94 2.94 2.94 2.94 2.94 2.94 2.94 2.94 2.94 2.94 2.94 2.94 2.94 2.94 2.94 2.94 2.94 2.94 2.94 2.94 2.94 2.94
1956.00 3.24 3.24 3.24 3.24 3.24 3.24 3.24 3.24 3.24 3.24 3.24 3.24 3.24 3.24 3.24 3.24 3.24 3.24 3.24 3.24 3.24 3.24 3.24
1957.00 3.55 3.55 3.55 3.55 3.55 3.55 3.55 3.55 3.55 3.55 3.55 3.55 3.55 3.55 3.55 3.55 3.55 3.55 3.55 3.55 3.55 3.55 3.55
1958.00 3.90 3.90 3.90 3.90 3.90 3.90 3.90 3.90 3.90 3.90 3.90 3.90 3.90 3.90 3.90 3.90 3.90 3.90 3.90 3.90 3.90 3.90 3.90
1959.00 4.19 4.19 4.19 4.19 4.19 4.19 4.19 4.19 4.19 4.19 4.19 4.19 4.19 4.19 4.19 4.19 4.19 4.19 4.19 4.19 4.19 4.19 4.19
1960.00 4.61 4.61 4.61 4.61 4.61 4.61 4.61 4.61 4.61 4.61 4.61 4.61 4.61 4.61 4.61 4.61 4.61 4.61 4.61 4.61 4.61 4.61 4.61
1961.00 4.95 4.95 4.95 4.95 4.95 4.95 4.95 4.95 4.95 4.95 4.95 4.95 4.95 4.95 4.95 4.95 4.95 4.95 4.95 4.95 4.95 4.95 4.95
1962.00 5.59 5.59 5.59 5.59 5.59 5.59 5.59 5.59 5.59 5.59 5.59 5.59 5.59 5.59 5.59 5.59 5.59 5.59 5.59 5.59 5.59 5.59 5.59
1963.00 5.83 5.83 5.83 5.83 5.83 5.83 5.83 5.83 5.83 5.83 5.83 5.83 5.83 5.83 5.83 5.83 5.83 5.83 5.83 5.83 5.83 5.83 5.83
1964.00 5.95 5.95 5.95 5.95 5.95 5.95 5.95 5.95 5.95 5.95 5.95 5.95 5.95 5.95 5.95 5.95 5.95 5.95 5.95 5.95 5.95 5.95 5.95
1965.00 5.77 5.77 5.77 5.77 5.77 5.77 5.77 5.77 5.77 5.77 5.77 5.77 5.77 5.77 5.77 5.77 5.77 5.77 5.77 5.77 5.77 5.77 5.77
1966.00 6.19 6.19 6.19 6.19 6.19 6.19 6.19 6.19 6.19 6.19 6.19 6.19 6.19 6.19 6.19 6.19 6.19 6.19 6.19 6.19 6.19 6.19 6.19
1967.00 6.67 6.67 6.67 6.67 6.67 6.67 6.67 6.67 6.67 6.67 6.67 6.67 6.67 6.67 6.67 6.67 6.67 6.67 6.67 6.67 6.67 6.67 6.67
1968.00 7.37 7.37 7.37 7.37 7.37 7.37 7.37 7.37 7.37 7.37 7.37 7.37 7.37 7.37 7.37 7.37 7.37 7.37 7.37 7.37 7.37 7.37 7.37
1969.00 6.87 6.87 6.87 6.87 6.87 6.87 6.87 6.87 6.87 6.87 6.87 6.87 6.87 6.87 6.87 6.87 6.87 6.87 6.87 6.87 6.87 6.87 6.87
1970.00 128.52 128.52 128.52 128.52 128.52 128.52 128.52 128.52 128.52 128.52 128.52 128.52 128.52 128.52 128.52 128.52 128.52 128.52 128.52 128.52 128.52 128.52 128.52
1971.00 126.18 126.18 126.18 126.18 126.18 126.18 126.18 126.18 126.18 126.18 126.18 126.18 126.18 126.18 126.18 126.18 126.18 126.18 126.18 126.18 126.18 126.18 126.18
1972.00 131.42 131.42 131.42 131.42 131.42 131.42 131.42 131.42 131.42 131.42 131.42 131.42 131.42 131.42 131.42 131.42 131.42 131.42 131.42 131.42 131.42 131.42 131.42
1973.00 133.71 133.71 133.71 133.71 133.71 133.71 133.71 133.71 133.71 133.71 133.71 133.71 133.71 133.71 133.71 133.71 133.71 133.71 133.71 133.71 133.71 133.71 133.71
1974.00 138.71 138.71 138.71 138.71 138.71 138.71 138.71 138.71 138.71 138.71 138.71 138.71 138.71 138.71 138.71 138.71 138.71 138.71 138.71 138.71 138.71 138.71 138.71
1975.00 136.82 136.82 136.82 136.82 136.82 136.82 136.82 136.82 136.82 136.82 136.82 136.82 136.82 136.82 136.82 136.82 136.82 136.82 136.82 136.82 136.82 136.82 136.82
1976.00 138.09 138.09 138.09 138.09 138.09 138.09 138.09 138.09 138.09 138.09 138.09 138.09 138.09 138.09 138.09 138.09 138.09 138.09 138.09 138.09 138.09 138.09 138.09
1977.00 140.28 140.28 140.28 140.28 140.28 140.28 140.28 140.28 140.28 140.28 140.28 140.28 140.28 140.28 140.28 140.28 140.28 140.28 140.28 140.28 140.28 140.28 140.28
1978.00 141.78 141.78 141.78 141.78 141.78 141.78 141.78 141.78 141.78 141.78 141.78 141.78 141.78 141.78 141.78 141.78 141.78 141.78 141.78 141.78 141.78 141.78 141.78
1979.00 140.87 140.87 140.87 140.87 140.87 140.87 140.87 140.87 140.87 140.87 140.87 140.87 140.87 140.87 140.87 140.87 140.87 140.87 140.87 140.87 140.87 140.87 140.87
1980.00 140.70 140.70 140.70 140.70 140.70 140.70 140.70 140.70 140.70 140.70 140.70 140.70 140.70 140.70 140.70 140.70 140.70 140.70 140.70 140.70 140.70 140.70 140.70
1981.00 139.50 139.50 139.50 139.50 139.50 139.50 139.50 139.50 139.50 139.50 139.50 139.50 139.50 139.50 139.50 139.50 139.50 139.50 139.50 139.50 139.50 139.50 139.50
1982.00 137.26 137.26 137.26 137.26 137.26 137.26 137.26 137.26 137.26 137.26 137.26 137.26 137.26 137.26 137.26 137.26 137.26 137.26 137.26 137.26 137.26 137.26 137.26
1983.00 128.43 128.43 128.43 128.43 128.43 128.43 128.43 128.43 128.43 128.43 128.43 128.43 128.43 128.43 128.43 128.43 128.43 128.43 128.43 128.43 128.43 128.43 128.43
1984.00 128.14 128.14 128.14 128.14 128.14 128.14 128.14 128.14 128.14 128.14 128.14 128.14 128.14 128.14 128.14 128.14 128.14 128.14 128.14 128.14 128.14 128.14 128.14
1985.00 126.62 126.62 126.62 126.62 126.62 126.62 126.62 126.62 126.62 126.62 126.62 126.62 126.62 126.62 126.62 126.62 126.62 126.62 126.62 126.62 126.62 126.62 126.62
1986.00 126.45 126.45 126.45 126.45 126.45 126.45 126.45 126.45 126.45 126.45 126.45 126.45 126.45 126.45 126.45 126.45 126.45 126.45 126.45 126.45 126.45 126.45 126.45
1987.00 122.11 122.11 122.11 122.11 122.11 122.11 122.11 122.11 122.11 122.11 122.11 122.11 122.11 122.11 122.11 122.11 122.11 122.11 122.11 122.11 122.11 122.11 122.11
1988.00 73.77 75.98 78.18 80.39 82.59 84.80 87.01 89.21 91.42 93.62 95.83 98.04 100.24 102.45 104.66 106.86 109.07 111.27 113.48 115.69 117.89 120.10 122.30
1989.00 70.93 73.06 75.19 77.32 79.44 81.57 83.70 85.83 87.96 90.09 92.22 94.35 96.48 98.61 100.73 102.86 104.99 107.12 109.25 111.38 113.51 115.64 117.77
1990.00 68.48 70.52 72.56 74.60 76.65 78.69 80.73 82.77 84.82 86.86 88.90 90.94 92.99 95.03 97.07 99.11 101.15 103.20 105.24 107.28 109.32 111.37 113.41
1991.00 66.81 68.81 70.80 72.80 74.80 76.80 78.80 80.80 82.79 84.79 86.79 88.79 90.79 92.78 94.78 96.78 98.78 100.78 102.77 104.77 106.77 108.77 110.77
1992.00 65.74 67.71 69.69 71.66 73.64 75.61 77.59 79.57 81.54 83.52 85.49 87.47 89.44 91.42 93.39 95.37 97.34 99.32 101.29 103.27 105.24 107.22 109.19
1993.00 64.01 65.96 67.90 69.85 71.79 73.74 75.69 77.63 79.58 81.52 83.47 85.41 87.36 89.31 91.25 93.20 95.14 97.09 99.03 100.98 102.93 104.87 106.82
1994.00 62.84 64.76 66.67 68.59 70.50 72.41 74.33 76.24 78.15 80.07 81.98 83.90 85.81 87.72 89.64 91.55 93.46 95.38 97.29 99.21 101.12 103.03 104.95
1995.00 63.35 65.27 67.19 69.12 71.04 72.97 74.89 76.81 78.74 80.66 82.59 84.51 86.43 88.36 90.28 92.21 94.13 96.06 97.98 99.90 101.83 103.75 105.68
1996.00 62.17 64.05 65.93 67.82 69.70 71.58 73.47 75.35 77.23 79.11 81.00 82.88 84.76 86.65 88.53 90.41 92.29 94.18 96.06 97.94 99.83 101.71 103.59
1997.00 61.40 63.28 65.15 67.03 68.90 70.78 72.66 74.53 76.41 78.29 80.16 82.04 83.91 85.79 87.67 89.54 91.42 93.30 95.17 97.05 98.92 100.80 102.68
1998.00 59.92 61.77 63.62 65.47 67.32 69.17 71.02 72.86 74.71 76.56 78.41 80.26 82.11 83.96 85.80 87.65 89.50 91.35 93.20 95.05 96.90 98.75 100.59
1999.00 57.44 59.23 61.01 62.79 64.57 66.35 68.13 69.91 71.69 73.48 75.26 77.04 78.82 80.60 82.38 84.16 85.95 87.73 89.51 91.29 93.07 94.85 96.63
2000.00 54.03 55.71 57.38 59.06 60.73 62.41 64.09 65.76 67.44 69.11 70.79 72.47 74.14 75.82 77.49 79.17 80.85 82.52 84.20 85.87 87.55 89.23 90.90
2001.00 52.18 53.80 55.41 57.03 58.65 60.27 61.89 63.51 65.13 66.75 68.37 69.99 71.61 73.23 74.85 76.47 78.09 79.71 81.33 82.94 84.56 86.18 87.80
2002.00 50.73 52.32 53.90 55.49 57.07 58.65 60.24 61.82 63.41 64.99 66.58 68.16 69.74 71.33 72.91 74.50 76.08 77.67 79.25 80.84 82.42 84.00 85.59
2003.00 49.97 51.53 53.09 54.64 56.20 57.76 59.32 60.88 62.44 64.00 65.56 67.11 68.67 70.23 71.79 73.35 74.91 76.47 78.02 79.58 81.14 82.70 84.26
2004.00 46.26 47.72 49.18 50.63 52.09 53.55 55.01 56.46 57.92 59.38 60.83 62.29 63.75 65.20 66.66 68.12 69.58 71.03 72.49 73.95 75.40 76.86 78.32
2005.00 45.52 46.96 48.39 49.83 51.26 52.70 54.13 55.57 57.00 58.44 59.87 61.31 62.74 64.18 65.61 67.05 68.48 69.92 71.35 72.79 74.22 75.66 77.09
2006.00 44.37 45.77 47.16 48.56 49.96 51.36 52.75 54.15 55.55 56.95 58.34 59.74 61.14 62.53 63.93 65.33 66.73 68.12 69.52 70.92 72.32 73.71 75.11
2007.00 42.93 44.29 45.64 47.00 48.36 49.71 51.07 52.42 53.78 55.13 56.49 57.85 59.20 60.56 61.91 63.27 64.63 65.98 67.34 68.69 70.05 71.40 72.76
2008.00 39.38 40.64 41.90 43.17 44.43 45.70 46.96 48.22 49.49 50.75 52.01 53.28 54.54 55.81 57.07 58.33 59.60 60.86 62.13 63.39 64.65 65.92 67.18
2009.00 36.96 38.16 39.36 40.56 41.76 42.96 44.16 45.36 46.57 47.77 48.97 50.17 51.37 52.57 53.77 54.97 56.18 57.38 58.58 59.78 60.98 62.18 63.38
2010.00 33.54 34.62 35.71 36.80 37.89 38.97 40.06 41.15 42.24 43.32 44.41 45.50 46.59 47.67 48.76 49.85 50.94 52.02 53.11 54.20 55.29 56.37 57.46
2011.00 32.65 33.70 34.76 35.81 36.86 37.92 38.97 40.02 41.08 42.13 43.18 44.24 45.29 46.34 47.40 48.45 49.50 50.56 51.61 52.66 53.71 54.77 55.82
2012.00 31.58 32.60 33.62 34.64 35.65 36.67 37.69 38.71 39.73 40.74 41.76 42.78 43.80 44.82 45.83 46.85 47.87 48.89 49.91 50.92 51.94 52.96 53.98
2013.00 30.69 31.67 32.65 33.63 34.61 35.59 36.57 37.55 38.53 39.51 40.49 41.47 42.45 43.43 44.41 45.39 46.37 47.35 48.33 49.31 50.29 51.27 52.25
2014.00 28.97 29.90 30.84 31.77 32.71 33.64 34.58 35.51 36.45 37.38 38.32 39.25 40.19 41.12 42.06 42.99 43.93 44.86 45.80 46.73 47.67 48.60 49.54
2015.00 28.39 29.32 30.25 31.17 32.10 33.03 33.96 34.88 35.81 36.74 37.67 38.59 39.52 40.45 41.38 42.30 43.23 44.16 45.09 46.02 46.94 47.87 48.80
2016.00 27.01 27.91 28.82 29.72 30.62 31.52 32.43 33.33 34.23 35.13 36.04 36.94 37.84 38.74 39.65 40.55 41.45 42.35 43.26 44.16 45.06 45.96 46.87
2017.00 26.60 27.48 28.35 29.22 30.09 30.96 31.83 32.70 33.58 34.45 35.32 36.19 37.06 37.93 38.80 39.68 40.55 41.42 42.29 43.16 44.03 44.90 45.78
2018.00 0.28 0.28 0.28 0.28 0.28 0.28 0.28 0.28 0.28 0.28 0.28 0.28 0.28 0.28 0.28 0.28 0.28 0.28 0.28 0.28 0.28 0.28 0.28
2019.00 0.67 0.67 0.67 0.67 0.67 0.67 0.67 0.67 0.67 0.67 0.67 0.67 0.67 0.67 0.67 0.67 0.67 0.67 0.67 0.67 0.67 0.67 0.67
2020.00 0.18 0.18 0.18 0.18 0.18 0.18 0.18 0.18 0.18 0.18 0.18 0.18 0.18 0.18 0.18 0.18 0.18 0.18 0.18 0.18 0.18 0.18 0.18
2021.00 0.31 0.31 0.31 0.31 0.31 0.31 0.31 0.31 0.31 0.31 0.31 0.31 0.31 0.31 0.31 0.31 0.31 0.31 0.31 0.31 0.31 0.31 0.31
2022.00 -0.28 -0.28 -0.28 -0.28 -0.28 -0.28 -0.28 -0.28 -0.28 -0.28 -0.28 -0.28 -0.28 -0.28 -0.28 -0.28 -0.28 -0.28 -0.28 -0.28 -0.28 -0.28 -0.28
2023.00 -0.03 -0.03 -0.03 -0.03 -0.03 -0.03 -0.03 -0.03 -0.03 -0.03 -0.03 -0.03 -0.03 -0.03 -0.03 -0.03 -0.03 -0.03 -0.03 -0.03 -0.03 -0.03 -0.03
2024.00 -0.34 -0.34 -0.34 -0.34 -0.34 -0.34 -0.34 -0.34 -0.34 -0.34 -0.34 -0.34 -0.34 -0.34 -0.34 -0.34 -0.34 -0.34 -0.34 -0.34 -0.34 -0.34 -0.34
2025.00 -0.66 -0.66 -0.66 -0.66 -0.66 -0.66 -0.66 -0.66 -0.66 -0.66 -0.66 -0.66 -0.66 -0.66 -0.66 -0.66 -0.66 -0.66 -0.66 -0.66 -0.66 -0.66 -0.66
2026.00 -1.29 -1.29 -1.29 -1.29 -1.29 -1.29 -1.29 -1.29 -1.29 -1.29 -1.29 -1.29 -1.29 -1.29 -1.29 -1.29 -1.29 -1.29 -1.29 -1.29 -1.29 -1.29 -1.29
2027.00 -1.53 -1.53 -1.53 -1.53 -1.53 -1.53 -1.53 -1.53 -1.53 -1.53 -1.53 -1.53 -1.53 -1.53 -1.53 -1.53 -1.53 -1.53 -1.53 -1.53 -1.53 -1.53 -1.53
2028.00 -1.67 -1.67 -1.67 -1.67 -1.67 -1.67 -1.67 -1.67 -1.67 -1.67 -1.67 -1.67 -1.67 -1.67 -1.67 -1.67 -1.67 -1.67 -1.67 -1.67 -1.67 -1.67 -1.67
2029.00 -1.63 -1.63 -1.63 -1.63 -1.63 -1.63 -1.63 -1.63 -1.63 -1.63 -1.63 -1.63 -1.63 -1.63 -1.63 -1.63 -1.63 -1.63 -1.63 -1.63 -1.63 -1.63 -1.63
2030.00 -1.92 -1.92 -1.92 -1.92 -1.92 -1.92 -1.92 -1.92 -1.92 -1.92 -1.92 -1.92 -1.92 -1.92 -1.92 -1.92 -1.92 -1.92 -1.92 -1.92 -1.92 -1.92 -1.92
2031.00 -1.71 -1.71 -1.71 -1.71 -1.71 -1.71 -1.71 -1.71 -1.71 -1.71 -1.71 -1.71 -1.71 -1.71 -1.71 -1.71 -1.71 -1.71 -1.71 -1.71 -1.71 -1.71 -1.71
2032.00 -2.32 -2.32 -2.32 -2.32 -2.32 -2.32 -2.32 -2.32 -2.32 -2.32 -2.32 -2.32 -2.32 -2.32 -2.32 -2.32 -2.32 -2.32 -2.32 -2.32 -2.32 -2.32 -2.32
2033.00 -2.39 -2.39 -2.39 -2.39 -2.39 -2.39 -2.39 -2.39 -2.39 -2.39 -2.39 -2.39 -2.39 -2.39 -2.39 -2.39 -2.39 -2.39 -2.39 -2.39 -2.39 -2.39 -2.39
2034.00 -2.66 -2.66 -2.66 -2.66 -2.66 -2.66 -2.66 -2.66 -2.66 -2.66 -2.66 -2.66 -2.66 -2.66 -2.66 -2.66 -2.66 -2.66 -2.66 -2.66 -2.66 -2.66 -2.66
2035.00 -2.59 -2.59 -2.59 -2.59 -2.59 -2.59 -2.59 -2.59 -2.59 -2.59 -2.59 -2.59 -2.59 -2.59 -2.59 -2.59 -2.59 -2.59 -2.59 -2.59 -2.59 -2.59 -2.59
2036.00 -2.88 -2.88 -2.88 -2.88 -2.88 -2.88 -2.88 -2.88 -2.88 -2.88 -2.88 -2.88 -2.88 -2.88 -2.88 -2.88 -2.88 -2.88 -2.88 -2.88 -2.88 -2.88 -2.88
2037.00 -2.87 -2.87 -2.87 -2.87 -2.87 -2.87 -2.87 -2.87 -2.87 -2.87 -2.87 -2.87 -2.87 -2.87 -2.87 -2.87 -2.87 -2.87 -2.87 -2.87 -2.87 -2.87 -2.87
2038.00 -2.94 -2.94 -2.94 -2.94 -2.94 -2.94 -2.94 -2.94 -2.94 -2.94 -2.94 -2.94 -2.94 -2.94 -2.94 -2.94 -2.94 -2.94 -2.94 -2.94 -2.94 -2.94 -2.94
2039.00 -2.73 -2.73 -2.73 -2.73 -2.73 -2.73 -2.73 -2.73 -2.73 -2.73 -2.73 -2.73 -2.73 -2.73 -2.73 -2.73 -2.73 -2.73 -2.73 -2.73 -2.73 -2.73 -2.73
2040.00 -2.93 -2.93 -2.93 -2.93 -2.93 -2.93 -2.93 -2.93 -2.93 -2.93 -2.93 -2.93 -2.93 -2.93 -2.93 -2.93 -2.93 -2.93 -2.93 -2.93 -2.93 -2.93 -2.93
2041.00 -2.73 -2.73 -2.73 -2.73 -2.73 -2.73 -2.73 -2.73 -2.73 -2.73 -2.73 -2.73 -2.73 -2.73 -2.73 -2.73 -2.73 -2.73 -2.73 -2.73 -2.73 -2.73 -2.73
2042.00 -2.79 -2.79 -2.79 -2.79 -2.79 -2.79 -2.79 -2.79 -2.79 -2.79 -2.79 -2.79 -2.79 -2.79 -2.79 -2.79 -2.79 -2.79 -2.79 -2.79 -2.79 -2.79 -2.79
2043.00 -2.67 -2.67 -2.67 -2.67 -2.67 -2.67 -2.67 -2.67 -2.67 -2.67 -2.67 -2.67 -2.67 -2.67 -2.67 -2.67 -2.67 -2.67 -2.67 -2.67 -2.67 -2.67 -2.67
2044.00 -2.76 -2.76 -2.76 -2.76 -2.76 -2.76 -2.76 -2.76 -2.76 -2.76 -2.76 -2.76 -2.76 -2.76 -2.76 -2.76 -2.76 -2.76 -2.76 -2.76 -2.76 -2.76 -2.76
2045.00 -2.49 -2.49 -2.49 -2.49 -2.49 -2.49 -2.49 -2.49 -2.49 -2.49 -2.49 -2.49 -2.49 -2.49 -2.49 -2.49 -2.49 -2.49 -2.49 -2.49 -2.49 -2.49 -2.49
2046.00 -2.60 -2.60 -2.60 -2.60 -2.60 -2.60 -2.60 -2.60 -2.60 -2.60 -2.60 -2.60 -2.60 -2.60 -2.60 -2.60 -2.60 -2.60 -2.60 -2.60 -2.60 -2.60 -2.60
2047.00 -2.52 -2.52 -2.52 -2.52 -2.52 -2.52 -2.52 -2.52 -2.52 -2.52 -2.52 -2.52 -2.52 -2.52 -2.52 -2.52 -2.52 -2.52 -2.52 -2.52 -2.52 -2.52 -2.52
2048.00 -2.78 -2.78 -2.78 -2.78 -2.78 -2.78 -2.78 -2.78 -2.78 -2.78 -2.78 -2.78 -2.78 -2.78 -2.78 -2.78 -2.78 -2.78 -2.78 -2.78 -2.78 -2.78 -2.78
2049.00 -2.60 -2.60 -2.60 -2.60 -2.60 -2.60 -2.60 -2.60 -2.60 -2.60 -2.60 -2.60 -2.60 -2.60 -2.60 -2.60 -2.60 -2.60 -2.60 -2.60 -2.60 -2.60 -2.60
2050.00 -2.79 -2.79 -2.79 -2.79 -2.79 -2.79 -2.79 -2.79 -2.79 -2.79 -2.79 -2.79 -2.79 -2.79 -2.79 -2.79 -2.79 -2.79 -2.79 -2.79 -2.79 -2.79 -2.79
2051.00 -2.66 -2.66 -2.66 -2.66 -2.66 -2.66 -2.66 -2.66 -2.66 -2.66 -2.66 -2.66 -2.66 -2.66 -2.66 -2.66 -2.66 -2.66 -2.66 -2.66 -2.66 -2.66 -2.66
2052.00 -2.80 -2.80 -2.80 -2.80 -2.80 -2.80 -2.80 -2.80 -2.80 -2.80 -2.80 -2.80 -2.80 -2.80 -2.80 -2.80 -2.80 -2.80 -2.80 -2.80 -2.80 -2.80 -2.80
2053.00 -2.56 -2.56 -2.56 -2.56 -2.56 -2.56 -2.56 -2.56 -2.56 -2.56 -2.56 -2.56 -2.56 -2.56 -2.56 -2.56 -2.56 -2.56 -2.56 -2.56 -2.56 -2.56 -2.56
2054.00 -2.77 -2.77 -2.77 -2.77 -2.77 -2.77 -2.77 -2.77 -2.77 -2.77 -2.77 -2.77 -2.77 -2.77 -2.77 -2.77 -2.77 -2.77 -2.77 -2.77 -2.77 -2.77 -2.77
2055.00 -2.73 -2.73 -2.73 -2.73 -2.73 -2.73 -2.73 -2.73 -2.73 -2.73 -2.73 -2.73 -2.73 -2.73 -2.73 -2.73 -2.73 -2.73 -2.73 -2.73 -2.73 -2.73 -2.73
2056.00 -2.76 -2.76 -2.76 -2.76 -2.76 -2.76 -2.76 -2.76 -2.76 -2.76 -2.76 -2.76 -2.76 -2.76 -2.76 -2.76 -2.76 -2.76 -2.76 -2.76 -2.76 -2.76 -2.76
2057.00 -2.58 -2.58 -2.58 -2.58 -2.58 -2.58 -2.58 -2.58 -2.58 -2.58 -2.58 -2.58 -2.58 -2.58 -2.58 -2.58 -2.58 -2.58 -2.58 -2.58 -2.58 -2.58 -2.58
2058.00 -2.83 -2.83 -2.83 -2.83 -2.83 -2.83 -2.83 -2.83 -2.83 -2.83 -2.83 -2.83 -2.83 -2.83 -2.83 -2.83 -2.83 -2.83 -2.83 -2.83 -2.83 -2.83 -2.83
2059.00 -2.78 -2.78 -2.78 -2.78 -2.78 -2.78 -2.78 -2.78 -2.78 -2.78 -2.78 -2.78 -2.78 -2.78 -2.78 -2.78 -2.78 -2.78 -2.78 -2.78 -2.78 -2.78 -2.78
2060.00 -2.95 -2.95 -2.95 -2.95 -2.95 -2.95 -2.95 -2.95 -2.95 -2.95 -2.95 -2.95 -2.95 -2.95 -2.95 -2.95 -2.95 -2.95 -2.95 -2.95 -2.95 -2.95 -2.95
2061.00 -2.82 -2.82 -2.82 -2.82 -2.82 -2.82 -2.82 -2.82 -2.82 -2.82 -2.82 -2.82 -2.82 -2.82 -2.82 -2.82 -2.82 -2.82 -2.82 -2.82 -2.82 -2.82 -2.82
2062.00 -2.96 -2.96 -2.96 -2.96 -2.96 -2.96 -2.96 -2.96 -2.96 -2.96 -2.96 -2.96 -2.96 -2.96 -2.96 -2.96 -2.96 -2.96 -2.96 -2.96 -2.96 -2.96 -2.96
2063.00 -2.71 -2.71 -2.71 -2.71 -2.71 -2.71 -2.71 -2.71 -2.71 -2.71 -2.71 -2.71 -2.71 -2.71 -2.71 -2.71 -2.71 -2.71 -2.71 -2.71 -2.71 -2.71 -2.71
2064.00 -2.73 -2.73 -2.73 -2.73 -2.73 -2.73 -2.73 -2.73 -2.73 -2.73 -2.73 -2.73 -2.73 -2.73 -2.73 -2.73 -2.73 -2.73 -2.73 -2.73 -2.73 -2.73 -2.73
2065.00 -2.59 -2.59 -2.59 -2.59 -2.59 -2.59 -2.59 -2.59 -2.59 -2.59 -2.59 -2.59 -2.59 -2.59 -2.59 -2.59 -2.59 -2.59 -2.59 -2.59 -2.59 -2.59 -2.59
