# yearspad, alpred
# [0.6  0.62 0.64 0.66 0.68 0.7  0.72 0.74 0.76 0.78 0.8  0.82 0.84 0.86
#  0.88 0.9  0.92 0.94 0.96 0.98 1.   1.02 1.04]
1922.00 4.16 4.16 4.16 4.16 4.16 4.16 4.16 4.16 4.16 4.16 4.16 4.16 4.16 4.16 4.16 4.16 4.16 4.16 4.16 4.16 4.16 4.16 4.16
1923.00 3.72 3.72 3.72 3.72 3.72 3.72 3.72 3.72 3.72 3.72 3.72 3.72 3.72 3.72 3.72 3.72 3.72 3.72 3.72 3.72 3.72 3.72 3.72
1924.00 5.62 5.62 5.62 5.62 5.62 5.62 5.62 5.62 5.62 5.62 5.62 5.62 5.62 5.62 5.62 5.62 5.62 5.62 5.62 5.62 5.62 5.62 5.62
1925.00 4.74 4.74 4.74 4.74 4.74 4.74 4.74 4.74 4.74 4.74 4.74 4.74 4.74 4.74 4.74 4.74 4.74 4.74 4.74 4.74 4.74 4.74 4.74
1926.00 5.17 5.17 5.17 5.17 5.17 5.17 5.17 5.17 5.17 5.17 5.17 5.17 5.17 5.17 5.17 5.17 5.17 5.17 5.17 5.17 5.17 5.17 5.17
1927.00 5.35 5.35 5.35 5.35 5.35 5.35 5.35 5.35 5.35 5.35 5.35 5.35 5.35 5.35 5.35 5.35 5.35 5.35 5.35 5.35 5.35 5.35 5.35
1928.00 4.77 4.77 4.77 4.77 4.77 4.77 4.77 4.77 4.77 4.77 4.77 4.77 4.77 4.77 4.77 4.77 4.77 4.77 4.77 4.77 4.77 4.77 4.77
1929.00 4.55 4.55 4.55 4.55 4.55 4.55 4.55 4.55 4.55 4.55 4.55 4.55 4.55 4.55 4.55 4.55 4.55 4.55 4.55 4.55 4.55 4.55 4.55
1930.00 5.09 5.09 5.09 5.09 5.09 5.09 5.09 5.09 5.09 5.09 5.09 5.09 5.09 5.09 5.09 5.09 5.09 5.09 5.09 5.09 5.09 5.09 5.09
1931.00 4.10 4.10 4.10 4.10 4.10 4.10 4.10 4.10 4.10 4.10 4.10 4.10 4.10 4.10 4.10 4.10 4.10 4.10 4.10 4.10 4.10 4.10 4.10
1932.00 4.72 4.72 4.72 4.72 4.72 4.72 4.72 4.72 4.72 4.72 4.72 4.72 4.72 4.72 4.72 4.72 4.72 4.72 4.72 4.72 4.72 4.72 4.72
1933.00 3.34 3.34 3.34 3.34 3.34 3.34 3.34 3.34 3.34 3.34 3.34 3.34 3.34 3.34 3.34 3.34 3.34 3.34 3.34 3.34 3.34 3.34 3.34
1934.00 4.12 4.12 4.12 4.12 4.12 4.12 4.12 4.12 4.12 4.12 4.12 4.12 4.12 4.12 4.12 4.12 4.12 4.12 4.12 4.12 4.12 4.12 4.12
1935.00 3.30 3.30 3.30 3.30 3.30 3.30 3.30 3.30 3.30 3.30 3.30 3.30 3.30 3.30 3.30 3.30 3.30 3.30 3.30 3.30 3.30 3.30 3.30
1936.00 2.77 2.77 2.77 2.77 2.77 2.77 2.77 2.77 2.77 2.77 2.77 2.77 2.77 2.77 2.77 2.77 2.77 2.77 2.77 2.77 2.77 2.77 2.77
1937.00 1.78 1.78 1.78 1.78 1.78 1.78 1.78 1.78 1.78 1.78 1.78 1.78 1.78 1.78 1.78 1.78 1.78 1.78 1.78 1.78 1.78 1.78 1.78
1938.00 2.59 2.59 2.59 2.59 2.59 2.59 2.59 2.59 2.59 2.59 2.59 2.59 2.59 2.59 2.59 2.59 2.59 2.59 2.59 2.59 2.59 2.59 2.59
1939.00 -0.33 -0.33 -0.33 -0.33 -0.33 -0.33 -0.33 -0.33 -0.33 -0.33 -0.33 -0.33 -0.33 -0.33 -0.33 -0.33 -0.33 -0.33 -0.33 -0.33 -0.33 -0.33 -0.33
1940.00 0.06 0.06 0.06 0.06 0.06 0.06 0.06 0.06 0.06 0.06 0.06 0.06 0.06 0.06 0.06 0.06 0.06 0.06 0.06 0.06 0.06 0.06 0.06
1941.00 -0.69 -0.69 -0.69 -0.69 -0.69 -0.69 -0.69 -0.69 -0.69 -0.69 -0.69 -0.69 -0.69 -0.69 -0.69 -0.69 -0.69 -0.69 -0.69 -0.69 -0.69 -0.69 -0.69
1942.00 -0.60 -0.60 -0.60 -0.60 -0.60 -0.60 -0.60 -0.60 -0.60 -0.60 -0.60 -0.60 -0.60 -0.60 -0.60 -0.60 -0.60 -0.60 -0.60 -0.60 -0.60 -0.60 -0.60
1943.00 -1.38 -1.38 -1.38 -1.38 -1.38 -1.38 -1.38 -1.38 -1.38 -1.38 -1.38 -1.38 -1.38 -1.38 -1.38 -1.38 -1.38 -1.38 -1.38 -1.38 -1.38 -1.38 -1.38
1944.00 -1.92 -1.92 -1.92 -1.92 -1.92 -1.92 -1.92 -1.92 -1.92 -1.92 -1.92 -1.92 -1.92 -1.92 -1.92 -1.92 -1.92 -1.92 -1.92 -1.92 -1.92 -1.92 -1.92
1945.00 -2.36 -2.36 -2.36 -2.36 -2.36 -2.36 -2.36 -2.36 -2.36 -2.36 -2.36 -2.36 -2.36 -2.36 -2.36 -2.36 -2.36 -2.36 -2.36 -2.36 -2.36 -2.36 -2.36
1946.00 -3.57 -3.57 -3.57 -3.57 -3.57 -3.57 -3.57 -3.57 -3.57 -3.57 -3.57 -3.57 -3.57 -3.57 -3.57 -3.57 -3.57 -3.57 -3.57 -3.57 -3.57 -3.57 -3.57
1947.00 -4.16 -4.16 -4.16 -4.16 -4.16 -4.16 -4.16 -4.16 -4.16 -4.16 -4.16 -4.16 -4.16 -4.16 -4.16 -4.16 -4.16 -4.16 -4.16 -4.16 -4.16 -4.16 -4.16
1948.00 -3.71 -3.71 -3.71 -3.71 -3.71 -3.71 -3.71 -3.71 -3.71 -3.71 -3.71 -3.71 -3.71 -3.71 -3.71 -3.71 -3.71 -3.71 -3.71 -3.71 -3.71 -3.71 -3.71
1949.00 -4.03 -4.03 -4.03 -4.03 -4.03 -4.03 -4.03 -4.03 -4.03 -4.03 -4.03 -4.03 -4.03 -4.03 -4.03 -4.03 -4.03 -4.03 -4.03 -4.03 -4.03 -4.03 -4.03
1950.00 -5.30 -5.30 -5.30 -5.30 -5.30 -5.30 -5.30 -5.30 -5.30 -5.30 -5.30 -5.30 -5.30 -5.30 -5.30 -5.30 -5.30 -5.30 -5.30 -5.30 -5.30 -5.30 -5.30
1951.00 -5.01 -5.01 -5.01 -5.01 -5.01 -5.01 -5.01 -5.01 -5.01 -5.01 -5.01 -5.01 -5.01 -5.01 -5.01 -5.01 -5.01 -5.01 -5.01 -5.01 -5.01 -5.01 -5.01
1952.00 -4.75 -4.75 -4.75 -4.75 -4.75 -4.75 -4.75 -4.75 -4.75 -4.75 -4.75 -4.75 -4.75 -4.75 -4.75 -4.75 -4.75 -4.75 -4.75 -4.75 -4.75 -4.75 -4.75
1953.00 -6.19 -6.19 -6.19 -6.19 -6.19 -6.19 -6.19 -6.19 -6.19 -6.19 -6.19 -6.19 -6.19 -6.19 -6.19 -6.19 -6.19 -6.19 -6.19 -6.19 -6.19 -6.19 -6.19
1954.00 -6.47 -6.47 -6.47 -6.47 -6.47 -6.47 -6.47 -6.47 -6.47 -6.47 -6.47 -6.47 -6.47 -6.47 -6.47 -6.47 -6.47 -6.47 -6.47 -6.47 -6.47 -6.47 -6.47
1955.00 -7.65 -7.65 -7.65 -7.65 -7.65 -7.65 -7.65 -7.65 -7.65 -7.65 -7.65 -7.65 -7.65 -7.65 -7.65 -7.65 -7.65 -7.65 -7.65 -7.65 -7.65 -7.65 -7.65
1956.00 -8.44 -8.44 -8.44 -8.44 -8.44 -8.44 -8.44 -8.44 -8.44 -8.44 -8.44 -8.44 -8.44 -8.44 -8.44 -8.44 -8.44 -8.44 -8.44 -8.44 -8.44 -8.44 -8.44
1957.00 -8.62 -8.62 -8.62 -8.62 -8.62 -8.62 -8.62 -8.62 -8.62 -8.62 -8.62 -8.62 -8.62 -8.62 -8.62 -8.62 -8.62 -8.62 -8.62 -8.62 -8.62 -8.62 -8.62
1958.00 -8.73 -8.73 -8.73 -8.73 -8.73 -8.73 -8.73 -8.73 -8.73 -8.73 -8.73 -8.73 -8.73 -8.73 -8.73 -8.73 -8.73 -8.73 -8.73 -8.73 -8.73 -8.73 -8.73
1959.00 -9.44 -9.44 -9.44 -9.44 -9.44 -9.44 -9.44 -9.44 -9.44 -9.44 -9.44 -9.44 -9.44 -9.44 -9.44 -9.44 -9.44 -9.44 -9.44 -9.44 -9.44 -9.44 -9.44
1960.00 -9.77 -9.77 -9.77 -9.77 -9.77 -9.77 -9.77 -9.77 -9.77 -9.77 -9.77 -9.77 -9.77 -9.77 -9.77 -9.77 -9.77 -9.77 -9.77 -9.77 -9.77 -9.77 -9.77
1961.00 -10.40 -10.40 -10.40 -10.40 -10.40 -10.40 -10.40 -10.40 -10.40 -10.40 -10.40 -10.40 -10.40 -10.40 -10.40 -10.40 -10.40 -10.40 -10.40 -10.40 -10.40 -10.40 -10.40
1962.00 -11.25 -11.25 -11.25 -11.25 -11.25 -11.25 -11.25 -11.25 -11.25 -11.25 -11.25 -11.25 -11.25 -11.25 -11.25 -11.25 -11.25 -11.25 -11.25 -11.25 -11.25 -11.25 -11.25
1963.00 -11.10 -11.10 -11.10 -11.10 -11.10 -11.10 -11.10 -11.10 -11.10 -11.10 -11.10 -11.10 -11.10 -11.10 -11.10 -11.10 -11.10 -11.10 -11.10 -11.10 -11.10 -11.10 -11.10
1964.00 -12.20 -12.20 -12.20 -12.20 -12.20 -12.20 -12.20 -12.20 -12.20 -12.20 -12.20 -12.20 -12.20 -12.20 -12.20 -12.20 -12.20 -12.20 -12.20 -12.20 -12.20 -12.20 -12.20
1965.00 -11.92 -11.92 -11.92 -11.92 -11.92 -11.92 -11.92 -11.92 -11.92 -11.92 -11.92 -11.92 -11.92 -11.92 -11.92 -11.92 -11.92 -11.92 -11.92 -11.92 -11.92 -11.92 -11.92
1966.00 -13.30 -13.30 -13.30 -13.30 -13.30 -13.30 -13.30 -13.30 -13.30 -13.30 -13.30 -13.30 -13.30 -13.30 -13.30 -13.30 -13.30 -13.30 -13.30 -13.30 -13.30 -13.30 -13.30
1967.00 -13.16 -13.16 -13.16 -13.16 -13.16 -13.16 -13.16 -13.16 -13.16 -13.16 -13.16 -13.16 -13.16 -13.16 -13.16 -13.16 -13.16 -13.16 -13.16 -13.16 -13.16 -13.16 -13.16
1968.00 -14.19 -14.19 -14.19 -14.19 -14.19 -14.19 -14.19 -14.19 -14.19 -14.19 -14.19 -14.19 -14.19 -14.19 -14.19 -14.19 -14.19 -14.19 -14.19 -14.19 -14.19 -14.19 -14.19
1969.00 -14.14 -14.14 -14.14 -14.14 -14.14 -14.14 -14.14 -14.14 -14.14 -14.14 -14.14 -14.14 -14.14 -14.14 -14.14 -14.14 -14.14 -14.14 -14.14 -14.14 -14.14 -14.14 -14.14
1970.00 104.41 104.41 104.41 104.41 104.41 104.41 104.41 104.41 104.41 104.41 104.41 104.41 104.41 104.41 104.41 104.41 104.41 104.41 104.41 104.41 104.41 104.41 104.41
1971.00 115.97 115.97 115.97 115.97 115.97 115.97 115.97 115.97 115.97 115.97 115.97 115.97 115.97 115.97 115.97 115.97 115.97 115.97 115.97 115.97 115.97 115.97 115.97
1972.00 97.23 97.23 97.23 97.23 97.23 97.23 97.23 97.23 97.23 97.23 97.23 97.23 97.23 97.23 97.23 97.23 97.23 97.23 97.23 97.23 97.23 97.23 97.23
1973.00 106.74 106.74 106.74 106.74 106.74 106.74 106.74 106.74 106.74 106.74 106.74 106.74 106.74 106.74 106.74 106.74 106.74 106.74 106.74 106.74 106.74 106.74 106.74
1974.00 110.53 110.53 110.53 110.53 110.53 110.53 110.53 110.53 110.53 110.53 110.53 110.53 110.53 110.53 110.53 110.53 110.53 110.53 110.53 110.53 110.53 110.53 110.53
1975.00 111.55 111.55 111.55 111.55 111.55 111.55 111.55 111.55 111.55 111.55 111.55 111.55 111.55 111.55 111.55 111.55 111.55 111.55 111.55 111.55 111.55 111.55 111.55
1976.00 116.68 116.68 116.68 116.68 116.68 116.68 116.68 116.68 116.68 116.68 116.68 116.68 116.68 116.68 116.68 116.68 116.68 116.68 116.68 116.68 116.68 116.68 116.68
1977.00 117.23 117.23 117.23 117.23 117.23 117.23 117.23 117.23 117.23 117.23 117.23 117.23 117.23 117.23 117.23 117.23 117.23 117.23 117.23 117.23 117.23 117.23 117.23
1978.00 118.87 118.87 118.87 118.87 118.87 118.87 118.87 118.87 118.87 118.87 118.87 118.87 118.87 118.87 118.87 118.87 118.87 118.87 118.87 118.87 118.87 118.87 118.87
1979.00 118.28 118.28 118.28 118.28 118.28 118.28 118.28 118.28 118.28 118.28 118.28 118.28 118.28 118.28 118.28 118.28 118.28 118.28 118.28 118.28 118.28 118.28 118.28
1980.00 117.74 117.74 117.74 117.74 117.74 117.74 117.74 117.74 117.74 117.74 117.74 117.74 117.74 117.74 117.74 117.74 117.74 117.74 117.74 117.74 117.74 117.74 117.74
1981.00 120.78 120.78 120.78 120.78 120.78 120.78 120.78 120.78 120.78 120.78 120.78 120.78 120.78 120.78 120.78 120.78 120.78 120.78 120.78 120.78 120.78 120.78 120.78
1982.00 119.37 119.37 119.37 119.37 119.37 119.37 119.37 119.37 119.37 119.37 119.37 119.37 119.37 119.37 119.37 119.37 119.37 119.37 119.37 119.37 119.37 119.37 119.37
1983.00 113.27 113.27 113.27 113.27 113.27 113.27 113.27 113.27 113.27 113.27 113.27 113.27 113.27 113.27 113.27 113.27 113.27 113.27 113.27 113.27 113.27 113.27 113.27
1984.00 110.80 110.80 110.80 110.80 110.80 110.80 110.80 110.80 110.80 110.80 110.80 110.80 110.80 110.80 110.80 110.80 110.80 110.80 110.80 110.80 110.80 110.80 110.80
1985.00 112.87 112.87 112.87 112.87 112.87 112.87 112.87 112.87 112.87 112.87 112.87 112.87 112.87 112.87 112.87 112.87 112.87 112.87 112.87 112.87 112.87 112.87 112.87
1986.00 104.95 104.95 104.95 104.95 104.95 104.95 104.95 104.95 104.95 104.95 104.95 104.95 104.95 104.95 104.95 104.95 104.95 104.95 104.95 104.95 104.95 104.95 104.95
1987.00 108.73 108.73 108.73 108.73 108.73 108.73 108.73 108.73 108.73 108.73 108.73 108.73 108.73 108.73 108.73 108.73 108.73 108.73 108.73 108.73 108.73 108.73 108.73
1988.00 59.69 61.91 64.13 66.34 68.56 70.78 73.00 75.21 77.43 79.65 81.86 84.08 86.30 88.51 90.73 92.95 95.16 97.38 99.60 101.81 104.03 106.25 108.47
1989.00 57.91 60.05 62.19 64.33 66.47 68.61 70.75 72.89 75.02 77.16 79.30 81.44 83.58 85.72 87.86 89.99 92.13 94.27 96.41 98.55 100.69 102.83 104.96
1990.00 55.71 57.76 59.81 61.86 63.91 65.97 68.02 70.07 72.12 74.17 76.22 78.28 80.33 82.38 84.43 86.48 88.54 90.59 92.64 94.69 96.74 98.79 100.85
1991.00 54.97 56.98 58.98 60.99 63.00 65.01 67.02 69.02 71.03 73.04 75.05 77.05 79.06 81.07 83.08 85.09 87.09 89.10 91.11 93.12 95.13 97.13 99.14
1992.00 54.77 56.75 58.74 60.72 62.70 64.69 66.67 68.66 70.64 72.63 74.61 76.60 78.58 80.57 82.55 84.54 86.52 88.51 90.49 92.48 94.46 96.45 98.43
1993.00 55.24 57.20 59.15 61.11 63.06 65.02 66.97 68.93 70.89 72.84 74.80 76.75 78.71 80.66 82.62 84.58 86.53 88.49 90.44 92.40 94.35 96.31 98.27
1994.00 53.95 55.88 57.81 59.73 61.66 63.58 65.51 67.43 69.36 71.28 73.21 75.14 77.06 78.99 80.91 82.84 84.76 86.69 88.61 90.54 92.47 94.39 96.32
1995.00 55.05 56.97 58.89 60.82 62.74 64.66 66.59 68.51 70.43 72.36 74.28 76.20 78.13 80.05 81.98 83.90 85.82 87.75 89.67 91.59 93.52 95.44 97.36
1996.00 54.58 56.46 58.34 60.23 62.11 63.99 65.88 67.76 69.64 71.53 73.41 75.29 77.18 79.06 80.94 82.83 84.71 86.59 88.48 90.36 92.24 94.13 96.01
1997.00 54.89 56.76 58.63 60.51 62.38 64.25 66.13 68.00 69.87 71.74 73.62 75.49 77.36 79.24 81.11 82.98 84.85 86.73 88.60 90.47 92.35 94.22 96.09
1998.00 53.75 55.59 57.44 59.28 61.13 62.97 64.82 66.66 68.51 70.35 72.20 74.04 75.88 77.73 79.57 81.42 83.26 85.11 86.95 88.80 90.64 92.49 94.33
1999.00 51.83 53.62 55.40 57.18 58.96 60.74 62.52 64.31 66.09 67.87 69.65 71.43 73.21 75.00 76.78 78.56 80.34 82.12 83.90 85.69 87.47 89.25 91.03
2000.00 49.48 51.16 52.84 54.52 56.20 57.88 59.55 61.23 62.91 64.59 66.27 67.95 69.63 71.31 72.99 74.67 76.35 78.03 79.70 81.38 83.06 84.74 86.42
2001.00 47.79 49.41 51.03 52.65 54.27 55.89 57.52 59.14 60.76 62.38 64.00 65.62 67.24 68.87 70.49 72.11 73.73 75.35 76.97 78.59 80.22 81.84 83.46
2002.00 47.87 49.45 51.04 52.63 54.22 55.80 57.39 58.98 60.57 62.15 63.74 65.33 66.91 68.50 70.09 71.68 73.26 74.85 76.44 78.03 79.61 81.20 82.79
2003.00 47.09 48.64 50.20 51.76 53.32 54.88 56.44 58.00 59.56 61.12 62.67 64.23 65.79 67.35 68.91 70.47 72.03 73.59 75.14 76.70 78.26 79.82 81.38
2004.00 45.34 46.80 48.25 49.71 51.16 52.62 54.07 55.53 56.98 58.44 59.89 61.35 62.80 64.26 65.71 67.17 68.62 70.08 71.54 72.99 74.45 75.90 77.36
2005.00 43.00 44.43 45.86 47.30 48.73 50.16 51.59 53.02 54.45 55.89 57.32 58.75 60.18 61.61 63.05 64.48 65.91 67.34 68.77 70.20 71.64 73.07 74.50
2006.00 43.45 44.85 46.25 47.65 49.04 50.44 51.84 53.24 54.64 56.03 57.43 58.83 60.23 61.62 63.02 64.42 65.82 67.21 68.61 70.01 71.41 72.80 74.20
2007.00 42.55 43.91 45.27 46.62 47.98 49.34 50.69 52.05 53.41 54.76 56.12 57.48 58.83 60.19 61.55 62.90 64.26 65.62 66.97 68.33 69.69 71.04 72.40
2008.00 39.93 41.20 42.46 43.73 44.99 46.25 47.52 48.78 50.05 51.31 52.58 53.84 55.11 56.37 57.64 58.90 60.16 61.43 62.69 63.96 65.22 66.49 67.75
2009.00 38.10 39.30 40.50 41.70 42.91 44.11 45.31 46.51 47.71 48.92 50.12 51.32 52.52 53.72 54.93 56.13 57.33 58.53 59.73 60.94 62.14 63.34 64.54
2010.00 36.31 37.40 38.49 39.58 40.67 41.75 42.84 43.93 45.02 46.11 47.20 48.29 49.37 50.46 51.55 52.64 53.73 54.82 55.90 56.99 58.08 59.17 60.26
2011.00 34.88 35.93 36.98 38.03 39.08 40.13 41.19 42.24 43.29 44.34 45.39 46.44 47.49 48.54 49.60 50.65 51.70 52.75 53.80 54.85 55.90 56.95 58.00
2012.00 34.83 35.85 36.88 37.90 38.92 39.94 40.96 41.98 43.00 44.03 45.05 46.07 47.09 48.11 49.13 50.16 51.18 52.20 53.22 54.24 55.26 56.28 57.31
2013.00 33.67 34.65 35.63 36.61 37.59 38.57 39.56 40.54 41.52 42.50 43.48 44.46 45.44 46.42 47.40 48.38 49.36 50.35 51.33 52.31 53.29 54.27 55.25
2014.00 33.33 34.27 35.21 36.15 37.09 38.03 38.97 39.91 40.85 41.79 42.73 43.67 44.61 45.55 46.49 47.43 48.37 49.31 50.25 51.19 52.14 53.08 54.02
2015.00 33.47 34.40 35.34 36.27 37.20 38.14 39.07 40.00 40.94 41.87 42.80 43.74 44.67 45.60 46.54 47.47 48.40 49.34 50.27 51.20 52.14 53.07 54.00
2016.00 32.52 33.42 34.33 35.24 36.15 37.06 37.97 38.87 39.78 40.69 41.60 42.51 43.42 44.33 45.23 46.14 47.05 47.96 48.87 49.78 50.69 51.59 52.50
2017.00 31.94 32.82 33.69 34.57 35.45 36.33 37.20 38.08 38.96 39.84 40.72 41.59 42.47 43.35 44.23 45.11 45.98 46.86 47.74 48.62 49.50 50.37 51.25
2018.00 6.64 6.64 6.64 6.64 6.64 6.64 6.64 6.64 6.64 6.64 6.64 6.64 6.64 6.64 6.64 6.64 6.64 6.64 6.64 6.64 6.64 6.64 6.64
2019.00 5.37 5.37 5.37 5.37 5.37 5.37 5.37 5.37 5.37 5.37 5.37 5.37 5.37 5.37 5.37 5.37 5.37 5.37 5.37 5.37 5.37 5.37 5.37
2020.00 7.51 7.51 7.51 7.51 7.51 7.51 7.51 7.51 7.51 7.51 7.51 7.51 7.51 7.51 7.51 7.51 7.51 7.51 7.51 7.51 7.51 7.51 7.51
2021.00 6.98 6.98 6.98 6.98 6.98 6.98 6.98 6.98 6.98 6.98 6.98 6.98 6.98 6.98 6.98 6.98 6.98 6.98 6.98 6.98 6.98 6.98 6.98
2022.00 6.79 6.79 6.79 6.79 6.79 6.79 6.79 6.79 6.79 6.79 6.79 6.79 6.79 6.79 6.79 6.79 6.79 6.79 6.79 6.79 6.79 6.79 6.79
2023.00 6.51 6.51 6.51 6.51 6.51 6.51 6.51 6.51 6.51 6.51 6.51 6.51 6.51 6.51 6.51 6.51 6.51 6.51 6.51 6.51 6.51 6.51 6.51
2024.00 6.64 6.64 6.64 6.64 6.64 6.64 6.64 6.64 6.64 6.64 6.64 6.64 6.64 6.64 6.64 6.64 6.64 6.64 6.64 6.64 6.64 6.64 6.64
2025.00 6.01 6.01 6.01 6.01 6.01 6.01 6.01 6.01 6.01 6.01 6.01 6.01 6.01 6.01 6.01 6.01 6.01 6.01 6.01 6.01 6.01 6.01 6.01
2026.00 5.94 5.94 5.94 5.94 5.94 5.94 5.94 5.94 5.94 5.94 5.94 5.94 5.94 5.94 5.94 5.94 5.94 5.94 5.94 5.94 5.94 5.94 5.94
2027.00 4.98 4.98 4.98 4.98 4.98 4.98 4.98 4.98 4.98 4.98 4.98 4.98 4.98 4.98 4.98 4.98 4.98 4.98 4.98 4.98 4.98 4.98 4.98
2028.00 5.70 5.70 5.70 5.70 5.70 5.70 5.70 5.70 5.70 5.70 5.70 5.70 5.70 5.70 5.70 5.70 5.70 5.70 5.70 5.70 5.70 5.70 5.70
2029.00 4.89 4.89 4.89 4.89 4.89 4.89 4.89 4.89 4.89 4.89 4.89 4.89 4.89 4.89 4.89 4.89 4.89 4.89 4.89 4.89 4.89 4.89 4.89
2030.00 4.84 4.84 4.84 4.84 4.84 4.84 4.84 4.84 4.84 4.84 4.84 4.84 4.84 4.84 4.84 4.84 4.84 4.84 4.84 4.84 4.84 4.84 4.84
2031.00 4.86 4.86 4.86 4.86 4.86 4.86 4.86 4.86 4.86 4.86 4.86 4.86 4.86 4.86 4.86 4.86 4.86 4.86 4.86 4.86 4.86 4.86 4.86
2032.00 4.81 4.81 4.81 4.81 4.81 4.81 4.81 4.81 4.81 4.81 4.81 4.81 4.81 4.81 4.81 4.81 4.81 4.81 4.81 4.81 4.81 4.81 4.81
2033.00 3.98 3.98 3.98 3.98 3.98 3.98 3.98 3.98 3.98 3.98 3.98 3.98 3.98 3.98 3.98 3.98 3.98 3.98 3.98 3.98 3.98 3.98 3.98
2034.00 4.78 4.78 4.78 4.78 4.78 4.78 4.78 4.78 4.78 4.78 4.78 4.78 4.78 4.78 4.78 4.78 4.78 4.78 4.78 4.78 4.78 4.78 4.78
2035.00 4.06 4.06 4.06 4.06 4.06 4.06 4.06 4.06 4.06 4.06 4.06 4.06 4.06 4.06 4.06 4.06 4.06 4.06 4.06 4.06 4.06 4.06 4.06
2036.00 4.37 4.37 4.37 4.37 4.37 4.37 4.37 4.37 4.37 4.37 4.37 4.37 4.37 4.37 4.37 4.37 4.37 4.37 4.37 4.37 4.37 4.37 4.37
2037.00 3.79 3.79 3.79 3.79 3.79 3.79 3.79 3.79 3.79 3.79 3.79 3.79 3.79 3.79 3.79 3.79 3.79 3.79 3.79 3.79 3.79 3.79 3.79
2038.00 4.08 4.08 4.08 4.08 4.08 4.08 4.08 4.08 4.08 4.08 4.08 4.08 4.08 4.08 4.08 4.08 4.08 4.08 4.08 4.08 4.08 4.08 4.08
2039.00 3.90 3.90 3.90 3.90 3.90 3.90 3.90 3.90 3.90 3.90 3.90 3.90 3.90 3.90 3.90 3.90 3.90 3.90 3.90 3.90 3.90 3.90 3.90
2040.00 4.09 4.09 4.09 4.09 4.09 4.09 4.09 4.09 4.09 4.09 4.09 4.09 4.09 4.09 4.09 4.09 4.09 4.09 4.09 4.09 4.09 4.09 4.09
2041.00 3.72 3.72 3.72 3.72 3.72 3.72 3.72 3.72 3.72 3.72 3.72 3.72 3.72 3.72 3.72 3.72 3.72 3.72 3.72 3.72 3.72 3.72 3.72
2042.00 4.39 4.39 4.39 4.39 4.39 4.39 4.39 4.39 4.39 4.39 4.39 4.39 4.39 4.39 4.39 4.39 4.39 4.39 4.39 4.39 4.39 4.39 4.39
2043.00 4.17 4.17 4.17 4.17 4.17 4.17 4.17 4.17 4.17 4.17 4.17 4.17 4.17 4.17 4.17 4.17 4.17 4.17 4.17 4.17 4.17 4.17 4.17
2044.00 4.37 4.37 4.37 4.37 4.37 4.37 4.37 4.37 4.37 4.37 4.37 4.37 4.37 4.37 4.37 4.37 4.37 4.37 4.37 4.37 4.37 4.37 4.37
2045.00 4.29 4.29 4.29 4.29 4.29 4.29 4.29 4.29 4.29 4.29 4.29 4.29 4.29 4.29 4.29 4.29 4.29 4.29 4.29 4.29 4.29 4.29 4.29
2046.00 4.75 4.75 4.75 4.75 4.75 4.75 4.75 4.75 4.75 4.75 4.75 4.75 4.75 4.75 4.75 4.75 4.75 4.75 4.75 4.75 4.75 4.75 4.75
2047.00 4.24 4.24 4.24 4.24 4.24 4.24 4.24 4.24 4.24 4.24 4.24 4.24 4.24 4.24 4.24 4.24 4.24 4.24 4.24 4.24 4.24 4.24 4.24
2048.00 4.55 4.55 4.55 4.55 4.55 4.55 4.55 4.55 4.55 4.55 4.55 4.55 4.55 4.55 4.55 4.55 4.55 4.55 4.55 4.55 4.55 4.55 4.55
2049.00 4.15 4.15 4.15 4.15 4.15 4.15 4.15 4.15 4.15 4.15 4.15 4.15 4.15 4.15 4.15 4.15 4.15 4.15 4.15 4.15 4.15 4.15 4.15
2050.00 4.50 4.50 4.50 4.50 4.50 4.50 4.50 4.50 4.50 4.50 4.50 4.50 4.50 4.50 4.50 4.50 4.50 4.50 4.50 4.50 4.50 4.50 4.50
2051.00 3.83 3.83 3.83 3.83 3.83 3.83 3.83 3.83 3.83 3.83 3.83 3.83 3.83 3.83 3.83 3.83 3.83 3.83 3.83 3.83 3.83 3.83 3.83
2052.00 4.27 4.27 4.27 4.27 4.27 4.27 4.27 4.27 4.27 4.27 4.27 4.27 4.27 4.27 4.27 4.27 4.27 4.27 4.27 4.27 4.27 4.27 4.27
2053.00 3.90 3.90 3.90 3.90 3.90 3.90 3.90 3.90 3.90 3.90 3.90 3.90 3.90 3.90 3.90 3.90 3.90 3.90 3.90 3.90 3.90 3.90 3.90
2054.00 4.41 4.41 4.41 4.41 4.41 4.41 4.41 4.41 4.41 4.41 4.41 4.41 4.41 4.41 4.41 4.41 4.41 4.41 4.41 4.41 4.41 4.41 4.41
2055.00 3.88 3.88 3.88 3.88 3.88 3.88 3.88 3.88 3.88 3.88 3.88 3.88 3.88 3.88 3.88 3.88 3.88 3.88 3.88 3.88 3.88 3.88 3.88
2056.00 4.12 4.12 4.12 4.12 4.12 4.12 4.12 4.12 4.12 4.12 4.12 4.12 4.12 4.12 4.12 4.12 4.12 4.12 4.12 4.12 4.12 4.12 4.12
2057.00 4.01 4.01 4.01 4.01 4.01 4.01 4.01 4.01 4.01 4.01 4.01 4.01 4.01 4.01 4.01 4.01 4.01 4.01 4.01 4.01 4.01 4.01 4.01
2058.00 4.28 4.28 4.28 4.28 4.28 4.28 4.28 4.28 4.28 4.28 4.28 4.28 4.28 4.28 4.28 4.28 4.28 4.28 4.28 4.28 4.28 4.28 4.28
2059.00 3.66 3.66 3.66 3.66 3.66 3.66 3.66 3.66 3.66 3.66 3.66 3.66 3.66 3.66 3.66 3.66 3.66 3.66 3.66 3.66 3.66 3.66 3.66
2060.00 4.28 4.28 4.28 4.28 4.28 4.28 4.28 4.28 4.28 4.28 4.28 4.28 4.28 4.28 4.28 4.28 4.28 4.28 4.28 4.28 4.28 4.28 4.28
2061.00 3.80 3.80 3.80 3.80 3.80 3.80 3.80 3.80 3.80 3.80 3.80 3.80 3.80 3.80 3.80 3.80 3.80 3.80 3.80 3.80 3.80 3.80 3.80
2062.00 3.86 3.86 3.86 3.86 3.86 3.86 3.86 3.86 3.86 3.86 3.86 3.86 3.86 3.86 3.86 3.86 3.86 3.86 3.86 3.86 3.86 3.86 3.86
2063.00 3.76 3.76 3.76 3.76 3.76 3.76 3.76 3.76 3.76 3.76 3.76 3.76 3.76 3.76 3.76 3.76 3.76 3.76 3.76 3.76 3.76 3.76 3.76
2064.00 4.07 4.07 4.07 4.07 4.07 4.07 4.07 4.07 4.07 4.07 4.07 4.07 4.07 4.07 4.07 4.07 4.07 4.07 4.07 4.07 4.07 4.07 4.07
2065.00 3.95 3.95 3.95 3.95 3.95 3.95 3.95 3.95 3.95 3.95 3.95 3.95 3.95 3.95 3.95 3.95 3.95 3.95 3.95 3.95 3.95 3.95 3.95
