# yearspad, alpred
# [0.6  0.62 0.64 0.66 0.68 0.7  0.72 0.74 0.76 0.78 0.8  0.82 0.84 0.86
#  0.88 0.9  0.92 0.94 0.96 0.98 1.   1.02 1.04]
1922.00 -2.72 -2.72 -2.72 -2.72 -2.72 -2.72 -2.72 -2.72 -2.72 -2.72 -2.72 -2.72 -2.72 -2.72 -2.72 -2.72 -2.72 -2.72 -2.72 -2.72 -2.72 -2.72 -2.72
1923.00 -2.84 -2.84 -2.84 -2.84 -2.84 -2.84 -2.84 -2.84 -2.84 -2.84 -2.84 -2.84 -2.84 -2.84 -2.84 -2.84 -2.84 -2.84 -2.84 -2.84 -2.84 -2.84 -2.84
1924.00 -2.71 -2.71 -2.71 -2.71 -2.71 -2.71 -2.71 -2.71 -2.71 -2.71 -2.71 -2.71 -2.71 -2.71 -2.71 -2.71 -2.71 -2.71 -2.71 -2.71 -2.71 -2.71 -2.71
1925.00 -2.78 -2.78 -2.78 -2.78 -2.78 -2.78 -2.78 -2.78 -2.78 -2.78 -2.78 -2.78 -2.78 -2.78 -2.78 -2.78 -2.78 -2.78 -2.78 -2.78 -2.78 -2.78 -2.78
1926.00 -2.78 -2.78 -2.78 -2.78 -2.78 -2.78 -2.78 -2.78 -2.78 -2.78 -2.78 -2.78 -2.78 -2.78 -2.78 -2.78 -2.78 -2.78 -2.78 -2.78 -2.78 -2.78 -2.78
1927.00 -2.59 -2.59 -2.59 -2.59 -2.59 -2.59 -2.59 -2.59 -2.59 -2.59 -2.59 -2.59 -2.59 -2.59 -2.59 -2.59 -2.59 -2.59 -2.59 -2.59 -2.59 -2.59 -2.59
1928.00 -2.78 -2.78 -2.78 -2.78 -2.78 -2.78 -2.78 -2.78 -2.78 -2.78 -2.78 -2.78 -2.78 -2.78 -2.78 -2.78 -2.78 -2.78 -2.78 -2.78 -2.78 -2.78 -2.78
1929.00 -2.92 -2.92 -2.92 -2.92 -2.92 -2.92 -2.92 -2.92 -2.92 -2.92 -2.92 -2.92 -2.92 -2.92 -2.92 -2.92 -2.92 -2.92 -2.92 -2.92 -2.92 -2.92 -2.92
1930.00 -2.99 -2.99 -2.99 -2.99 -2.99 -2.99 -2.99 -2.99 -2.99 -2.99 -2.99 -2.99 -2.99 -2.99 -2.99 -2.99 -2.99 -2.99 -2.99 -2.99 -2.99 -2.99 -2.99
1931.00 -3.25 -3.25 -3.25 -3.25 -3.25 -3.25 -3.25 -3.25 -3.25 -3.25 -3.25 -3.25 -3.25 -3.25 -3.25 -3.25 -3.25 -3.25 -3.25 -3.25 -3.25 -3.25 -3.25
1932.00 -3.28 -3.28 -3.28 -3.28 -3.28 -3.28 -3.28 -3.28 -3.28 -3.28 -3.28 -3.28 -3.28 -3.28 -3.28 -3.28 -3.28 -3.28 -3.28 -3.28 -3.28 -3.28 -3.28
1933.00 -3.29 -3.29 -3.29 -3.29 -3.29 -3.29 -3.29 -3.29 -3.29 -3.29 -3.29 -3.29 -3.29 -3.29 -3.29 -3.29 -3.29 -3.29 -3.29 -3.29 -3.29 -3.29 -3.29
1934.00 -3.36 -3.36 -3.36 -3.36 -3.36 -3.36 -3.36 -3.36 -3.36 -3.36 -3.36 -3.36 -3.36 -3.36 -3.36 -3.36 -3.36 -3.36 -3.36 -3.36 -3.36 -3.36 -3.36
1935.00 -3.40 -3.40 -3.40 -3.40 -3.40 -3.40 -3.40 -3.40 -3.40 -3.40 -3.40 -3.40 -3.40 -3.40 -3.40 -3.40 -3.40 -3.40 -3.40 -3.40 -3.40 -3.40 -3.40
1936.00 -3.60 -3.60 -3.60 -3.60 -3.60 -3.60 -3.60 -3.60 -3.60 -3.60 -3.60 -3.60 -3.60 -3.60 -3.60 -3.60 -3.60 -3.60 -3.60 -3.60 -3.60 -3.60 -3.60
1937.00 -3.85 -3.85 -3.85 -3.85 -3.85 -3.85 -3.85 -3.85 -3.85 -3.85 -3.85 -3.85 -3.85 -3.85 -3.85 -3.85 -3.85 -3.85 -3.85 -3.85 -3.85 -3.85 -3.85
1938.00 -3.95 -3.95 -3.95 -3.95 -3.95 -3.95 -3.95 -3.95 -3.95 -3.95 -3.95 -3.95 -3.95 -3.95 -3.95 -3.95 -3.95 -3.95 -3.95 -3.95 -3.95 -3.95 -3.95
1939.00 -4.49 -4.49 -4.49 -4.49 -4.49 -4.49 -4.49 -4.49 -4.49 -4.49 -4.49 -4.49 -4.49 -4.49 -4.49 -4.49 -4.49 -4.49 -4.49 -4.49 -4.49 -4.49 -4.49
1940.00 -4.68 -4.68 -4.68 -4.68 -4.68 -4.68 -4.68 -4.68 -4.68 -4.68 -4.68 -4.68 -4.68 -4.68 -4.68 -4.68 -4.68 -4.68 -4.68 -4.68 -4.68 -4.68 -4.68
1941.00 -4.85 -4.85 -4.85 -4.85 -4.85 -4.85 -4.85 -4.85 -4.85 -4.85 -4.85 -4.85 -4.85 -4.85 -4.85 -4.85 -4.85 -4.85 -4.85 -4.85 -4.85 -4.85 -4.85
1942.00 -5.04 -5.04 -5.04 -5.04 -5.04 -5.04 -5.04 -5.04 -5.04 -5.04 -5.04 -5.04 -5.04 -5.04 -5.04 -5.04 -5.04 -5.04 -5.04 -5.04 -5.04 -5.04 -5.04
1943.00 -4.95 -4.95 -4.95 -4.95 -4.95 -4.95 -4.95 -4.95 -4.95 -4.95 -4.95 -4.95 -4.95 -4.95 -4.95 -4.95 -4.95 -4.95 -4.95 -4.95 -4.95 -4.95 -4.95
1944.00 -4.97 -4.97 -4.97 -4.97 -4.97 -4.97 -4.97 -4.97 -4.97 -4.97 -4.97 -4.97 -4.97 -4.97 -4.97 -4.97 -4.97 -4.97 -4.97 -4.97 -4.97 -4.97 -4.97
1945.00 -4.69 -4.69 -4.69 -4.69 -4.69 -4.69 -4.69 -4.69 -4.69 -4.69 -4.69 -4.69 -4.69 -4.69 -4.69 -4.69 -4.69 -4.69 -4.69 -4.69 -4.69 -4.69 -4.69
1946.00 -4.91 -4.91 -4.91 -4.91 -4.91 -4.91 -4.91 -4.91 -4.91 -4.91 -4.91 -4.91 -4.91 -4.91 -4.91 -4.91 -4.91 -4.91 -4.91 -4.91 -4.91 -4.91 -4.91
1947.00 -4.88 -4.88 -4.88 -4.88 -4.88 -4.88 -4.88 -4.88 -4.88 -4.88 -4.88 -4.88 -4.88 -4.88 -4.88 -4.88 -4.88 -4.88 -4.88 -4.88 -4.88 -4.88 -4.88
1948.00 -5.09 -5.09 -5.09 -5.09 -5.09 -5.09 -5.09 -5.09 -5.09 -5.09 -5.09 -5.09 -5.09 -5.09 -5.09 -5.09 -5.09 -5.09 -5.09 -5.09 -5.09 -5.09 -5.09
1949.00 -4.97 -4.97 -4.97 -4.97 -4.97 -4.97 -4.97 -4.97 -4.97 -4.97 -4.97 -4.97 -4.97 -4.97 -4.97 -4.97 -4.97 -4.97 -4.97 -4.97 -4.97 -4.97 -4.97
1950.00 -5.04 -5.04 -5.04 -5.04 -5.04 -5.04 -5.04 -5.04 -5.04 -5.04 -5.04 -5.04 -5.04 -5.04 -5.04 -5.04 -5.04 -5.04 -5.04 -5.04 -5.04 -5.04 -5.04
1951.00 -4.52 -4.52 -4.52 -4.52 -4.52 -4.52 -4.52 -4.52 -4.52 -4.52 -4.52 -4.52 -4.52 -4.52 -4.52 -4.52 -4.52 -4.52 -4.52 -4.52 -4.52 -4.52 -4.52
1952.00 -4.20 -4.20 -4.20 -4.20 -4.20 -4.20 -4.20 -4.20 -4.20 -4.20 -4.20 -4.20 -4.20 -4.20 -4.20 -4.20 -4.20 -4.20 -4.20 -4.20 -4.20 -4.20 -4.20
1953.00 -3.93 -3.93 -3.93 -3.93 -3.93 -3.93 -3.93 -3.93 -3.93 -3.93 -3.93 -3.93 -3.93 -3.93 -3.93 -3.93 -3.93 -3.93 -3.93 -3.93 -3.93 -3.93 -3.93
1954.00 -3.58 -3.58 -3.58 -3.58 -3.58 -3.58 -3.58 -3.58 -3.58 -3.58 -3.58 -3.58 -3.58 -3.58 -3.58 -3.58 -3.58 -3.58 -3.58 -3.58 -3.58 -3.58 -3.58
1955.00 -3.52 -3.52 -3.52 -3.52 -3.52 -3.52 -3.52 -3.52 -3.52 -3.52 -3.52 -3.52 -3.52 -3.52 -3.52 -3.52 -3.52 -3.52 -3.52 -3.52 -3.52 -3.52 -3.52
1956.00 -3.62 -3.62 -3.62 -3.62 -3.62 -3.62 -3.62 -3.62 -3.62 -3.62 -3.62 -3.62 -3.62 -3.62 -3.62 -3.62 -3.62 -3.62 -3.62 -3.62 -3.62 -3.62 -3.62
1957.00 -3.57 -3.57 -3.57 -3.57 -3.57 -3.57 -3.57 -3.57 -3.57 -3.57 -3.57 -3.57 -3.57 -3.57 -3.57 -3.57 -3.57 -3.57 -3.57 -3.57 -3.57 -3.57 -3.57
1958.00 -3.28 -3.28 -3.28 -3.28 -3.28 -3.28 -3.28 -3.28 -3.28 -3.28 -3.28 -3.28 -3.28 -3.28 -3.28 -3.28 -3.28 -3.28 -3.28 -3.28 -3.28 -3.28 -3.28
1959.00 -3.12 -3.12 -3.12 -3.12 -3.12 -3.12 -3.12 -3.12 -3.12 -3.12 -3.12 -3.12 -3.12 -3.12 -3.12 -3.12 -3.12 -3.12 -3.12 -3.12 -3.12 -3.12 -3.12
1960.00 -2.55 -2.55 -2.55 -2.55 -2.55 -2.55 -2.55 -2.55 -2.55 -2.55 -2.55 -2.55 -2.55 -2.55 -2.55 -2.55 -2.55 -2.55 -2.55 -2.55 -2.55 -2.55 -2.55
1961.00 -2.13 -2.13 -2.13 -2.13 -2.13 -2.13 -2.13 -2.13 -2.13 -2.13 -2.13 -2.13 -2.13 -2.13 -2.13 -2.13 -2.13 -2.13 -2.13 -2.13 -2.13 -2.13 -2.13
1962.00 -2.14 -2.14 -2.14 -2.14 -2.14 -2.14 -2.14 -2.14 -2.14 -2.14 -2.14 -2.14 -2.14 -2.14 -2.14 -2.14 -2.14 -2.14 -2.14 -2.14 -2.14 -2.14 -2.14
1963.00 -2.02 -2.02 -2.02 -2.02 -2.02 -2.02 -2.02 -2.02 -2.02 -2.02 -2.02 -2.02 -2.02 -2.02 -2.02 -2.02 -2.02 -2.02 -2.02 -2.02 -2.02 -2.02 -2.02
1964.00 -1.99 -1.99 -1.99 -1.99 -1.99 -1.99 -1.99 -1.99 -1.99 -1.99 -1.99 -1.99 -1.99 -1.99 -1.99 -1.99 -1.99 -1.99 -1.99 -1.99 -1.99 -1.99 -1.99
1965.00 -1.86 -1.86 -1.86 -1.86 -1.86 -1.86 -1.86 -1.86 -1.86 -1.86 -1.86 -1.86 -1.86 -1.86 -1.86 -1.86 -1.86 -1.86 -1.86 -1.86 -1.86 -1.86 -1.86
1966.00 -1.74 -1.74 -1.74 -1.74 -1.74 -1.74 -1.74 -1.74 -1.74 -1.74 -1.74 -1.74 -1.74 -1.74 -1.74 -1.74 -1.74 -1.74 -1.74 -1.74 -1.74 -1.74 -1.74
1967.00 -1.29 -1.29 -1.29 -1.29 -1.29 -1.29 -1.29 -1.29 -1.29 -1.29 -1.29 -1.29 -1.29 -1.29 -1.29 -1.29 -1.29 -1.29 -1.29 -1.29 -1.29 -1.29 -1.29
1968.00 -0.92 -0.92 -0.92 -0.92 -0.92 -0.92 -0.92 -0.92 -0.92 -0.92 -0.92 -0.92 -0.92 -0.92 -0.92 -0.92 -0.92 -0.92 -0.92 -0.92 -0.92 -0.92 -0.92
1969.00 -0.25 -0.25 -0.25 -0.25 -0.25 -0.25 -0.25 -0.25 -0.25 -0.25 -0.25 -0.25 -0.25 -0.25 -0.25 -0.25 -0.25 -0.25 -0.25 -0.25 -0.25 -0.25 -0.25
1970.00 121.34 121.34 121.34 121.34 121.34 121.34 121.34 121.34 121.34 121.34 121.34 121.34 121.34 121.34 121.34 121.34 121.34 121.34 121.34 121.34 121.34 121.34 121.34
1971.00 127.53 127.53 127.53 127.53 127.53 127.53 127.53 127.53 127.53 127.53 127.53 127.53 127.53 127.53 127.53 127.53 127.53 127.53 127.53 127.53 127.53 127.53 127.53
1972.00 130.03 130.03 130.03 130.03 130.03 130.03 130.03 130.03 130.03 130.03 130.03 130.03 130.03 130.03 130.03 130.03 130.03 130.03 130.03 130.03 130.03 130.03 130.03
1973.00 132.10 132.10 132.10 132.10 132.10 132.10 132.10 132.10 132.10 132.10 132.10 132.10 132.10 132.10 132.10 132.10 132.10 132.10 132.10 132.10 132.10 132.10 132.10
1974.00 135.37 135.37 135.37 135.37 135.37 135.37 135.37 135.37 135.37 135.37 135.37 135.37 135.37 135.37 135.37 135.37 135.37 135.37 135.37 135.37 135.37 135.37 135.37
1975.00 135.63 135.63 135.63 135.63 135.63 135.63 135.63 135.63 135.63 135.63 135.63 135.63 135.63 135.63 135.63 135.63 135.63 135.63 135.63 135.63 135.63 135.63 135.63
1976.00 139.53 139.53 139.53 139.53 139.53 139.53 139.53 139.53 139.53 139.53 139.53 139.53 139.53 139.53 139.53 139.53 139.53 139.53 139.53 139.53 139.53 139.53 139.53
1977.00 140.79 140.79 140.79 140.79 140.79 140.79 140.79 140.79 140.79 140.79 140.79 140.79 140.79 140.79 140.79 140.79 140.79 140.79 140.79 140.79 140.79 140.79 140.79
1978.00 141.79 141.79 141.79 141.79 141.79 141.79 141.79 141.79 141.79 141.79 141.79 141.79 141.79 141.79 141.79 141.79 141.79 141.79 141.79 141.79 141.79 141.79 141.79
1979.00 140.21 140.21 140.21 140.21 140.21 140.21 140.21 140.21 140.21 140.21 140.21 140.21 140.21 140.21 140.21 140.21 140.21 140.21 140.21 140.21 140.21 140.21 140.21
1980.00 142.06 142.06 142.06 142.06 142.06 142.06 142.06 142.06 142.06 142.06 142.06 142.06 142.06 142.06 142.06 142.06 142.06 142.06 142.06 142.06 142.06 142.06 142.06
1981.00 140.53 140.53 140.53 140.53 140.53 140.53 140.53 140.53 140.53 140.53 140.53 140.53 140.53 140.53 140.53 140.53 140.53 140.53 140.53 140.53 140.53 140.53 140.53
1982.00 139.68 139.68 139.68 139.68 139.68 139.68 139.68 139.68 139.68 139.68 139.68 139.68 139.68 139.68 139.68 139.68 139.68 139.68 139.68 139.68 139.68 139.68 139.68
1983.00 134.13 134.13 134.13 134.13 134.13 134.13 134.13 134.13 134.13 134.13 134.13 134.13 134.13 134.13 134.13 134.13 134.13 134.13 134.13 134.13 134.13 134.13 134.13
1984.00 129.99 129.99 129.99 129.99 129.99 129.99 129.99 129.99 129.99 129.99 129.99 129.99 129.99 129.99 129.99 129.99 129.99 129.99 129.99 129.99 129.99 129.99 129.99
1985.00 129.22 129.22 129.22 129.22 129.22 129.22 129.22 129.22 129.22 129.22 129.22 129.22 129.22 129.22 129.22 129.22 129.22 129.22 129.22 129.22 129.22 129.22 129.22
1986.00 128.80 128.80 128.80 128.80 128.80 128.80 128.80 128.80 128.80 128.80 128.80 128.80 128.80 128.80 128.80 128.80 128.80 128.80 128.80 128.80 128.80 128.80 128.80
1987.00 128.66 128.66 128.66 128.66 128.66 128.66 128.66 128.66 128.66 128.66 128.66 128.66 128.66 128.66 128.66 128.66 128.66 128.66 128.66 128.66 128.66 128.66 128.66
1988.00 80.45 82.65 84.85 87.06 89.26 91.46 93.67 95.87 98.07 100.28 102.48 104.69 106.89 109.09 111.30 113.50 115.70 117.91 120.11 122.31 124.52 126.72 128.92
1989.00 78.12 80.25 82.38 84.50 86.63 88.76 90.88 93.01 95.14 97.26 99.39 101.51 103.64 105.77 107.89 110.02 112.15 114.27 116.40 118.53 120.65 122.78 124.91
1990.00 75.42 77.46 79.50 81.54 83.58 85.62 87.66 89.70 91.74 93.78 95.82 97.86 99.90 101.94 103.98 106.02 108.06 110.11 112.15 114.19 116.23 118.27 120.31
1991.00 73.49 75.48 77.48 79.47 81.47 83.46 85.45 87.45 89.44 91.44 93.43 95.43 97.42 99.41 101.41 103.40 105.40 107.39 109.39 111.38 113.37 115.37 117.36
1992.00 72.15 74.12 76.09 78.06 80.03 82.00 83.97 85.94 87.91 89.88 91.85 93.81 95.78 97.75 99.72 101.69 103.66 105.63 107.60 109.57 111.54 113.51 115.48
1993.00 70.97 72.91 74.85 76.78 78.72 80.66 82.60 84.54 86.48 88.42 90.36 92.30 94.24 96.18 98.12 100.06 102.00 103.94 105.88 107.82 109.76 111.70 113.64
1994.00 69.60 71.51 73.42 75.33 77.24 79.15 81.07 82.98 84.89 86.80 88.71 90.62 92.53 94.44 96.36 98.27 100.18 102.09 104.00 105.91 107.82 109.73 111.64
1995.00 69.16 71.07 72.97 74.88 76.79 78.70 80.61 82.51 84.42 86.33 88.24 90.14 92.05 93.96 95.87 97.77 99.68 101.59 103.50 105.40 107.31 109.22 111.13
1996.00 67.76 69.63 71.50 73.36 75.23 77.09 78.96 80.83 82.69 84.56 86.43 88.29 90.16 92.03 93.89 95.76 97.63 99.49 101.36 103.22 105.09 106.96 108.82
1997.00 67.30 69.15 71.01 72.87 74.73 76.59 78.44 80.30 82.16 84.02 85.88 87.74 89.59 91.45 93.31 95.17 97.03 98.88 100.74 102.60 104.46 106.32 108.18
1998.00 65.97 67.80 69.63 71.46 73.29 75.12 76.95 78.78 80.61 82.44 84.27 86.10 87.93 89.76 91.59 93.42 95.25 97.08 98.91 100.74 102.57 104.40 106.23
1999.00 63.62 65.39 67.16 68.93 70.69 72.46 74.23 75.99 77.76 79.53 81.29 83.06 84.83 86.59 88.36 90.13 91.89 93.66 95.43 97.19 98.96 100.73 102.50
2000.00 60.13 61.79 63.45 65.12 66.78 68.45 70.11 71.78 73.44 75.10 76.77 78.43 80.10 81.76 83.42 85.09 86.75 88.42 90.08 91.74 93.41 95.07 96.74
2001.00 57.76 59.36 60.97 62.58 64.19 65.80 67.40 69.01 70.62 72.23 73.84 75.44 77.05 78.66 80.27 81.88 83.48 85.09 86.70 88.31 89.92 91.52 93.13
2002.00 56.56 58.14 59.71 61.29 62.87 64.44 66.02 67.59 69.17 70.75 72.32 73.90 75.47 77.05 78.63 80.20 81.78 83.35 84.93 86.51 88.08 89.66 91.23
2003.00 55.40 56.94 58.49 60.03 61.58 63.12 64.67 66.21 67.76 69.30 70.85 72.39 73.94 75.48 77.03 78.57 80.12 81.66 83.21 84.75 86.30 87.84 89.39
2004.00 52.42 53.86 55.31 56.75 58.19 59.63 61.08 62.52 63.96 65.40 66.85 68.29 69.73 71.17 72.62 74.06 75.50 76.94 78.39 79.83 81.27 82.71 84.15
2005.00 51.24 52.65 54.07 55.49 56.90 58.32 59.74 61.15 62.57 63.99 65.40 66.82 68.24 69.65 71.07 72.49 73.90 75.32 76.74 78.15 79.57 80.99 82.40
2006.00 49.86 51.24 52.62 54.00 55.37 56.75 58.13 59.51 60.89 62.26 63.64 65.02 66.40 67.77 69.15 70.53 71.91 73.29 74.66 76.04 77.42 78.80 80.17
2007.00 48.03 49.36 50.70 52.04 53.38 54.71 56.05 57.39 58.73 60.06 61.40 62.74 64.08 65.41 66.75 68.09 69.43 70.76 72.10 73.44 74.78 76.11 77.45
2008.00 44.63 45.87 47.12 48.36 49.61 50.85 52.10 53.34 54.59 55.83 57.08 58.32 59.57 60.81 62.06 63.30 64.55 65.79 67.04 68.28 69.52 70.77 72.01
2009.00 42.21 43.39 44.58 45.76 46.94 48.12 49.31 50.49 51.67 52.85 54.04 55.22 56.40 57.58 58.77 59.95 61.13 62.32 63.50 64.68 65.86 67.05 68.23
2010.00 38.57 39.64 40.71 41.78 42.85 43.92 44.99 46.06 47.13 48.20 49.27 50.34 51.41 52.48 53.55 54.62 55.69 56.76 57.83 58.90 59.97 61.04 62.11
2011.00 37.19 38.22 39.26 40.30 41.33 42.37 43.40 44.44 45.47 46.51 47.54 48.58 49.61 50.65 51.68 52.72 53.75 54.79 55.82 56.86 57.90 58.93 59.97
2012.00 35.95 36.95 37.95 38.95 39.95 40.95 41.95 42.95 43.95 44.95 45.96 46.96 47.96 48.96 49.96 50.96 51.96 52.96 53.96 54.96 55.96 56.97 57.97
2013.00 34.80 35.76 36.73 37.69 38.65 39.62 40.58 41.54 42.51 43.47 44.43 45.40 46.36 47.32 48.28 49.25 50.21 51.17 52.14 53.10 54.06 55.03 55.99
2014.00 32.98 33.90 34.82 35.73 36.65 37.57 38.49 39.41 40.33 41.25 42.17 43.09 44.01 44.93 45.85 46.77 47.69 48.61 49.53 50.45 51.37 52.29 53.21
2015.00 32.56 33.47 34.39 35.30 36.21 37.12 38.04 38.95 39.86 40.78 41.69 42.60 43.51 44.43 45.34 46.25 47.16 48.08 48.99 49.90 50.82 51.73 52.64
2016.00 31.18 32.07 32.95 33.84 34.73 35.61 36.50 37.39 38.28 39.16 40.05 40.94 41.82 42.71 43.60 44.49 45.37 46.26 47.15 48.03 48.92 49.81 50.70
2017.00 29.90 30.76 31.61 32.47 33.33 34.19 35.04 35.90 36.76 37.62 38.47 39.33 40.19 41.05 41.90 42.76 43.62 44.48 45.33 46.19 47.05 47.91 48.76
2018.00 3.86 3.86 3.86 3.86 3.86 3.86 3.86 3.86 3.86 3.86 3.86 3.86 3.86 3.86 3.86 3.86 3.86 3.86 3.86 3.86 3.86 3.86 3.86
2019.00 3.47 3.47 3.47 3.47 3.47 3.47 3.47 3.47 3.47 3.47 3.47 3.47 3.47 3.47 3.47 3.47 3.47 3.47 3.47 3.47 3.47 3.47 3.47
2020.00 3.29 3.29 3.29 3.29 3.29 3.29 3.29 3.29 3.29 3.29 3.29 3.29 3.29 3.29 3.29 3.29 3.29 3.29 3.29 3.29 3.29 3.29 3.29
2021.00 3.06 3.06 3.06 3.06 3.06 3.06 3.06 3.06 3.06 3.06 3.06 3.06 3.06 3.06 3.06 3.06 3.06 3.06 3.06 3.06 3.06 3.06 3.06
2022.00 2.59 2.59 2.59 2.59 2.59 2.59 2.59 2.59 2.59 2.59 2.59 2.59 2.59 2.59 2.59 2.59 2.59 2.59 2.59 2.59 2.59 2.59 2.59
2023.00 2.32 2.32 2.32 2.32 2.32 2.32 2.32 2.32 2.32 2.32 2.32 2.32 2.32 2.32 2.32 2.32 2.32 2.32 2.32 2.32 2.32 2.32 2.32
2024.00 1.87 1.87 1.87 1.87 1.87 1.87 1.87 1.87 1.87 1.87 1.87 1.87 1.87 1.87 1.87 1.87 1.87 1.87 1.87 1.87 1.87 1.87 1.87
2025.00 1.26 1.26 1.26 1.26 1.26 1.26 1.26 1.26 1.26 1.26 1.26 1.26 1.26 1.26 1.26 1.26 1.26 1.26 1.26 1.26 1.26 1.26 1.26
2026.00 0.76 0.76 0.76 0.76 0.76 0.76 0.76 0.76 0.76 0.76 0.76 0.76 0.76 0.76 0.76 0.76 0.76 0.76 0.76 0.76 0.76 0.76 0.76
2027.00 0.28 0.28 0.28 0.28 0.28 0.28 0.28 0.28 0.28 0.28 0.28 0.28 0.28 0.28 0.28 0.28 0.28 0.28 0.28 0.28 0.28 0.28 0.28
2028.00 -0.12 -0.12 -0.12 -0.12 -0.12 -0.12 -0.12 -0.12 -0.12 -0.12 -0.12 -0.12 -0.12 -0.12 -0.12 -0.12 -0.12 -0.12 -0.12 -0.12 -0.12 -0.12 -0.12
2029.00 -0.42 -0.42 -0.42 -0.42 -0.42 -0.42 -0.42 -0.42 -0.42 -0.42 -0.42 -0.42 -0.42 -0.42 -0.42 -0.42 -0.42 -0.42 -0.42 -0.42 -0.42 -0.42 -0.42
2030.00 -0.75 -0.75 -0.75 -0.75 -0.75 -0.75 -0.75 -0.75 -0.75 -0.75 -0.75 -0.75 -0.75 -0.75 -0.75 -0.75 -0.75 -0.75 -0.75 -0.75 -0.75 -0.75 -0.75
2031.00 -0.90 -0.90 -0.90 -0.90 -0.90 -0.90 -0.90 -0.90 -0.90 -0.90 -0.90 -0.90 -0.90 -0.90 -0.90 -0.90 -0.90 -0.90 -0.90 -0.90 -0.90 -0.90 -0.90
2032.00 -1.27 -1.27 -1.27 -1.27 -1.27 -1.27 -1.27 -1.27 -1.27 -1.27 -1.27 -1.27 -1.27 -1.27 -1.27 -1.27 -1.27 -1.27 -1.27 -1.27 -1.27 -1.27 -1.27
2033.00 -1.63 -1.63 -1.63 -1.63 -1.63 -1.63 -1.63 -1.63 -1.63 -1.63 -1.63 -1.63 -1.63 -1.63 -1.63 -1.63 -1.63 -1.63 -1.63 -1.63 -1.63 -1.63 -1.63
2034.00 -1.91 -1.91 -1.91 -1.91 -1.91 -1.91 -1.91 -1.91 -1.91 -1.91 -1.91 -1.91 -1.91 -1.91 -1.91 -1.91 -1.91 -1.91 -1.91 -1.91 -1.91 -1.91 -1.91
2035.00 -2.28 -2.28 -2.28 -2.28 -2.28 -2.28 -2.28 -2.28 -2.28 -2.28 -2.28 -2.28 -2.28 -2.28 -2.28 -2.28 -2.28 -2.28 -2.28 -2.28 -2.28 -2.28 -2.28
2036.00 -2.41 -2.41 -2.41 -2.41 -2.41 -2.41 -2.41 -2.41 -2.41 -2.41 -2.41 -2.41 -2.41 -2.41 -2.41 -2.41 -2.41 -2.41 -2.41 -2.41 -2.41 -2.41 -2.41
2037.00 -2.44 -2.44 -2.44 -2.44 -2.44 -2.44 -2.44 -2.44 -2.44 -2.44 -2.44 -2.44 -2.44 -2.44 -2.44 -2.44 -2.44 -2.44 -2.44 -2.44 -2.44 -2.44 -2.44
2038.00 -2.52 -2.52 -2.52 -2.52 -2.52 -2.52 -2.52 -2.52 -2.52 -2.52 -2.52 -2.52 -2.52 -2.52 -2.52 -2.52 -2.52 -2.52 -2.52 -2.52 -2.52 -2.52 -2.52
2039.00 -2.51 -2.51 -2.51 -2.51 -2.51 -2.51 -2.51 -2.51 -2.51 -2.51 -2.51 -2.51 -2.51 -2.51 -2.51 -2.51 -2.51 -2.51 -2.51 -2.51 -2.51 -2.51 -2.51
2040.00 -2.52 -2.52 -2.52 -2.52 -2.52 -2.52 -2.52 -2.52 -2.52 -2.52 -2.52 -2.52 -2.52 -2.52 -2.52 -2.52 -2.52 -2.52 -2.52 -2.52 -2.52 -2.52 -2.52
2041.00 -2.52 -2.52 -2.52 -2.52 -2.52 -2.52 -2.52 -2.52 -2.52 -2.52 -2.52 -2.52 -2.52 -2.52 -2.52 -2.52 -2.52 -2.52 -2.52 -2.52 -2.52 -2.52 -2.52
2042.00 -2.52 -2.52 -2.52 -2.52 -2.52 -2.52 -2.52 -2.52 -2.52 -2.52 -2.52 -2.52 -2.52 -2.52 -2.52 -2.52 -2.52 -2.52 -2.52 -2.52 -2.52 -2.52 -2.52
2043.00 -2.46 -2.46 -2.46 -2.46 -2.46 -2.46 -2.46 -2.46 -2.46 -2.46 -2.46 -2.46 -2.46 -2.46 -2.46 -2.46 -2.46 -2.46 -2.46 -2.46 -2.46 -2.46 -2.46
2044.00 -2.49 -2.49 -2.49 -2.49 -2.49 -2.49 -2.49 -2.49 -2.49 -2.49 -2.49 -2.49 -2.49 -2.49 -2.49 -2.49 -2.49 -2.49 -2.49 -2.49 -2.49 -2.49 -2.49
2045.00 -2.45 -2.45 -2.45 -2.45 -2.45 -2.45 -2.45 -2.45 -2.45 -2.45 -2.45 -2.45 -2.45 -2.45 -2.45 -2.45 -2.45 -2.45 -2.45 -2.45 -2.45 -2.45 -2.45
2046.00 -2.43 -2.43 -2.43 -2.43 -2.43 -2.43 -2.43 -2.43 -2.43 -2.43 -2.43 -2.43 -2.43 -2.43 -2.43 -2.43 -2.43 -2.43 -2.43 -2.43 -2.43 -2.43 -2.43
2047.00 -2.44 -2.44 -2.44 -2.44 -2.44 -2.44 -2.44 -2.44 -2.44 -2.44 -2.44 -2.44 -2.44 -2.44 -2.44 -2.44 -2.44 -2.44 -2.44 -2.44 -2.44 -2.44 -2.44
2048.00 -2.48 -2.48 -2.48 -2.48 -2.48 -2.48 -2.48 -2.48 -2.48 -2.48 -2.48 -2.48 -2.48 -2.48 -2.48 -2.48 -2.48 -2.48 -2.48 -2.48 -2.48 -2.48 -2.48
2049.00 -2.48 -2.48 -2.48 -2.48 -2.48 -2.48 -2.48 -2.48 -2.48 -2.48 -2.48 -2.48 -2.48 -2.48 -2.48 -2.48 -2.48 -2.48 -2.48 -2.48 -2.48 -2.48 -2.48
2050.00 -2.51 -2.51 -2.51 -2.51 -2.51 -2.51 -2.51 -2.51 -2.51 -2.51 -2.51 -2.51 -2.51 -2.51 -2.51 -2.51 -2.51 -2.51 -2.51 -2.51 -2.51 -2.51 -2.51
2051.00 -2.55 -2.55 -2.55 -2.55 -2.55 -2.55 -2.55 -2.55 -2.55 -2.55 -2.55 -2.55 -2.55 -2.55 -2.55 -2.55 -2.55 -2.55 -2.55 -2.55 -2.55 -2.55 -2.55
2052.00 -2.51 -2.51 -2.51 -2.51 -2.51 -2.51 -2.51 -2.51 -2.51 -2.51 -2.51 -2.51 -2.51 -2.51 -2.51 -2.51 -2.51 -2.51 -2.51 -2.51 -2.51 -2.51 -2.51
2053.00 -2.54 -2.54 -2.54 -2.54 -2.54 -2.54 -2.54 -2.54 -2.54 -2.54 -2.54 -2.54 -2.54 -2.54 -2.54 -2.54 -2.54 -2.54 -2.54 -2.54 -2.54 -2.54 -2.54
2054.00 -2.53 -2.53 -2.53 -2.53 -2.53 -2.53 -2.53 -2.53 -2.53 -2.53 -2.53 -2.53 -2.53 -2.53 -2.53 -2.53 -2.53 -2.53 -2.53 -2.53 -2.53 -2.53 -2.53
2055.00 -2.51 -2.51 -2.51 -2.51 -2.51 -2.51 -2.51 -2.51 -2.51 -2.51 -2.51 -2.51 -2.51 -2.51 -2.51 -2.51 -2.51 -2.51 -2.51 -2.51 -2.51 -2.51 -2.51
2056.00 -2.56 -2.56 -2.56 -2.56 -2.56 -2.56 -2.56 -2.56 -2.56 -2.56 -2.56 -2.56 -2.56 -2.56 -2.56 -2.56 -2.56 -2.56 -2.56 -2.56 -2.56 -2.56 -2.56
2057.00 -2.59 -2.59 -2.59 -2.59 -2.59 -2.59 -2.59 -2.59 -2.59 -2.59 -2.59 -2.59 -2.59 -2.59 -2.59 -2.59 -2.59 -2.59 -2.59 -2.59 -2.59 -2.59 -2.59
2058.00 -2.62 -2.62 -2.62 -2.62 -2.62 -2.62 -2.62 -2.62 -2.62 -2.62 -2.62 -2.62 -2.62 -2.62 -2.62 -2.62 -2.62 -2.62 -2.62 -2.62 -2.62 -2.62 -2.62
2059.00 -2.71 -2.71 -2.71 -2.71 -2.71 -2.71 -2.71 -2.71 -2.71 -2.71 -2.71 -2.71 -2.71 -2.71 -2.71 -2.71 -2.71 -2.71 -2.71 -2.71 -2.71 -2.71 -2.71
2060.00 -2.75 -2.75 -2.75 -2.75 -2.75 -2.75 -2.75 -2.75 -2.75 -2.75 -2.75 -2.75 -2.75 -2.75 -2.75 -2.75 -2.75 -2.75 -2.75 -2.75 -2.75 -2.75 -2.75
2061.00 -2.72 -2.72 -2.72 -2.72 -2.72 -2.72 -2.72 -2.72 -2.72 -2.72 -2.72 -2.72 -2.72 -2.72 -2.72 -2.72 -2.72 -2.72 -2.72 -2.72 -2.72 -2.72 -2.72
2062.00 -2.79 -2.79 -2.79 -2.79 -2.79 -2.79 -2.79 -2.79 -2.79 -2.79 -2.79 -2.79 -2.79 -2.79 -2.79 -2.79 -2.79 -2.79 -2.79 -2.79 -2.79 -2.79 -2.79
2063.00 -2.72 -2.72 -2.72 -2.72 -2.72 -2.72 -2.72 -2.72 -2.72 -2.72 -2.72 -2.72 -2.72 -2.72 -2.72 -2.72 -2.72 -2.72 -2.72 -2.72 -2.72 -2.72 -2.72
2064.00 -2.73 -2.73 -2.73 -2.73 -2.73 -2.73 -2.73 -2.73 -2.73 -2.73 -2.73 -2.73 -2.73 -2.73 -2.73 -2.73 -2.73 -2.73 -2.73 -2.73 -2.73 -2.73 -2.73
2065.00 -2.70 -2.70 -2.70 -2.70 -2.70 -2.70 -2.70 -2.70 -2.70 -2.70 -2.70 -2.70 -2.70 -2.70 -2.70 -2.70 -2.70 -2.70 -2.70 -2.70 -2.70 -2.70 -2.70
