# yearspad, alpred
# [0.6  0.62 0.64 0.66 0.68 0.7  0.72 0.74 0.76 0.78 0.8  0.82 0.84 0.86
#  0.88 0.9  0.92 0.94 0.96 0.98 1.   1.02 1.04]
1922.00 5.47 5.47 5.47 5.47 5.47 5.47 5.47 5.47 5.47 5.47 5.47 5.47 5.47 5.47 5.47 5.47 5.47 5.47 5.47 5.47 5.47 5.47 5.47
1923.00 4.62 4.62 4.62 4.62 4.62 4.62 4.62 4.62 4.62 4.62 4.62 4.62 4.62 4.62 4.62 4.62 4.62 4.62 4.62 4.62 4.62 4.62 4.62
1924.00 4.09 4.09 4.09 4.09 4.09 4.09 4.09 4.09 4.09 4.09 4.09 4.09 4.09 4.09 4.09 4.09 4.09 4.09 4.09 4.09 4.09 4.09 4.09
1925.00 3.54 3.54 3.54 3.54 3.54 3.54 3.54 3.54 3.54 3.54 3.54 3.54 3.54 3.54 3.54 3.54 3.54 3.54 3.54 3.54 3.54 3.54 3.54
1926.00 3.09 3.09 3.09 3.09 3.09 3.09 3.09 3.09 3.09 3.09 3.09 3.09 3.09 3.09 3.09 3.09 3.09 3.09 3.09 3.09 3.09 3.09 3.09
1927.00 2.91 2.91 2.91 2.91 2.91 2.91 2.91 2.91 2.91 2.91 2.91 2.91 2.91 2.91 2.91 2.91 2.91 2.91 2.91 2.91 2.91 2.91 2.91
1928.00 2.34 2.34 2.34 2.34 2.34 2.34 2.34 2.34 2.34 2.34 2.34 2.34 2.34 2.34 2.34 2.34 2.34 2.34 2.34 2.34 2.34 2.34 2.34
1929.00 1.54 1.54 1.54 1.54 1.54 1.54 1.54 1.54 1.54 1.54 1.54 1.54 1.54 1.54 1.54 1.54 1.54 1.54 1.54 1.54 1.54 1.54 1.54
1930.00 0.63 0.63 0.63 0.63 0.63 0.63 0.63 0.63 0.63 0.63 0.63 0.63 0.63 0.63 0.63 0.63 0.63 0.63 0.63 0.63 0.63 0.63 0.63
1931.00 -0.40 -0.40 -0.40 -0.40 -0.40 -0.40 -0.40 -0.40 -0.40 -0.40 -0.40 -0.40 -0.40 -0.40 -0.40 -0.40 -0.40 -0.40 -0.40 -0.40 -0.40 -0.40 -0.40
1932.00 -1.14 -1.14 -1.14 -1.14 -1.14 -1.14 -1.14 -1.14 -1.14 -1.14 -1.14 -1.14 -1.14 -1.14 -1.14 -1.14 -1.14 -1.14 -1.14 -1.14 -1.14 -1.14 -1.14
1933.00 -1.92 -1.92 -1.92 -1.92 -1.92 -1.92 -1.92 -1.92 -1.92 -1.92 -1.92 -1.92 -1.92 -1.92 -1.92 -1.92 -1.92 -1.92 -1.92 -1.92 -1.92 -1.92 -1.92
1934.00 -2.80 -2.80 -2.80 -2.80 -2.80 -2.80 -2.80 -2.80 -2.80 -2.80 -2.80 -2.80 -2.80 -2.80 -2.80 -2.80 -2.80 -2.80 -2.80 -2.80 -2.80 -2.80 -2.80
1935.00 -3.61 -3.61 -3.61 -3.61 -3.61 -3.61 -3.61 -3.61 -3.61 -3.61 -3.61 -3.61 -3.61 -3.61 -3.61 -3.61 -3.61 -3.61 -3.61 -3.61 -3.61 -3.61 -3.61
1936.00 -4.26 -4.26 -4.26 -4.26 -4.26 -4.26 -4.26 -4.26 -4.26 -4.26 -4.26 -4.26 -4.26 -4.26 -4.26 -4.26 -4.26 -4.26 -4.26 -4.26 -4.26 -4.26 -4.26
1937.00 -5.21 -5.21 -5.21 -5.21 -5.21 -5.21 -5.21 -5.21 -5.21 -5.21 -5.21 -5.21 -5.21 -5.21 -5.21 -5.21 -5.21 -5.21 -5.21 -5.21 -5.21 -5.21 -5.21
1938.00 -5.36 -5.36 -5.36 -5.36 -5.36 -5.36 -5.36 -5.36 -5.36 -5.36 -5.36 -5.36 -5.36 -5.36 -5.36 -5.36 -5.36 -5.36 -5.36 -5.36 -5.36 -5.36 -5.36
1939.00 -5.91 -5.91 -5.91 -5.91 -5.91 -5.91 -5.91 -5.91 -5.91 -5.91 -5.91 -5.91 -5.91 -5.91 -5.91 -5.91 -5.91 -5.91 -5.91 -5.91 -5.91 -5.91 -5.91
1940.00 -6.83 -6.83 -6.83 -6.83 -6.83 -6.83 -6.83 -6.83 -6.83 -6.83 -6.83 -6.83 -6.83 -6.83 -6.83 -6.83 -6.83 -6.83 -6.83 -6.83 -6.83 -6.83 -6.83
1941.00 -7.86 -7.86 -7.86 -7.86 -7.86 -7.86 -7.86 -7.86 -7.86 -7.86 -7.86 -7.86 -7.86 -7.86 -7.86 -7.86 -7.86 -7.86 -7.86 -7.86 -7.86 -7.86 -7.86
1942.00 -8.90 -8.90 -8.90 -8.90 -8.90 -8.90 -8.90 -8.90 -8.90 -8.90 -8.90 -8.90 -8.90 -8.90 -8.90 -8.90 -8.90 -8.90 -8.90 -8.90 -8.90 -8.90 -8.90
1943.00 -9.44 -9.44 -9.44 -9.44 -9.44 -9.44 -9.44 -9.44 -9.44 -9.44 -9.44 -9.44 -9.44 -9.44 -9.44 -9.44 -9.44 -9.44 -9.44 -9.44 -9.44 -9.44 -9.44
1944.00 -9.90 -9.90 -9.90 -9.90 -9.90 -9.90 -9.90 -9.90 -9.90 -9.90 -9.90 -9.90 -9.90 -9.90 -9.90 -9.90 -9.90 -9.90 -9.90 -9.90 -9.90 -9.90 -9.90
1945.00 -9.90 -9.90 -9.90 -9.90 -9.90 -9.90 -9.90 -9.90 -9.90 -9.90 -9.90 -9.90 -9.90 -9.90 -9.90 -9.90 -9.90 -9.90 -9.90 -9.90 -9.90 -9.90 -9.90
1946.00 -10.69 -10.69 -10.69 -10.69 -10.69 -10.69 -10.69 -10.69 -10.69 -10.69 -10.69 -10.69 -10.69 -10.69 -10.69 -10.69 -10.69 -10.69 -10.69 -10.69 -10.69 -10.69 -10.69
1947.00 -11.57 -11.57 -11.57 -11.57 -11.57 -11.57 -11.57 -11.57 -11.57 -11.57 -11.57 -11.57 -11.57 -11.57 -11.57 -11.57 -11.57 -11.57 -11.57 -11.57 -11.57 -11.57 -11.57
1948.00 -13.04 -13.04 -13.04 -13.04 -13.04 -13.04 -13.04 -13.04 -13.04 -13.04 -13.04 -13.04 -13.04 -13.04 -13.04 -13.04 -13.04 -13.04 -13.04 -13.04 -13.04 -13.04 -13.04
1949.00 -13.66 -13.66 -13.66 -13.66 -13.66 -13.66 -13.66 -13.66 -13.66 -13.66 -13.66 -13.66 -13.66 -13.66 -13.66 -13.66 -13.66 -13.66 -13.66 -13.66 -13.66 -13.66 -13.66
1950.00 -14.56 -14.56 -14.56 -14.56 -14.56 -14.56 -14.56 -14.56 -14.56 -14.56 -14.56 -14.56 -14.56 -14.56 -14.56 -14.56 -14.56 -14.56 -14.56 -14.56 -14.56 -14.56 -14.56
1951.00 -15.30 -15.30 -15.30 -15.30 -15.30 -15.30 -15.30 -15.30 -15.30 -15.30 -15.30 -15.30 -15.30 -15.30 -15.30 -15.30 -15.30 -15.30 -15.30 -15.30 -15.30 -15.30 -15.30
1952.00 -15.95 -15.95 -15.95 -15.95 -15.95 -15.95 -15.95 -15.95 -15.95 -15.95 -15.95 -15.95 -15.95 -15.95 -15.95 -15.95 -15.95 -15.95 -15.95 -15.95 -15.95 -15.95 -15.95
1953.00 -16.57 -16.57 -16.57 -16.57 -16.57 -16.57 -16.57 -16.57 -16.57 -16.57 -16.57 -16.57 -16.57 -16.57 -16.57 -16.57 -16.57 -16.57 -16.57 -16.57 -16.57 -16.57 -16.57
1954.00 -17.01 -17.01 -17.01 -17.01 -17.01 -17.01 -17.01 -17.01 -17.01 -17.01 -17.01 -17.01 -17.01 -17.01 -17.01 -17.01 -17.01 -17.01 -17.01 -17.01 -17.01 -17.01 -17.01
1955.00 -17.54 -17.54 -17.54 -17.54 -17.54 -17.54 -17.54 -17.54 -17.54 -17.54 -17.54 -17.54 -17.54 -17.54 -17.54 -17.54 -17.54 -17.54 -17.54 -17.54 -17.54 -17.54 -17.54
1956.00 -18.55 -18.55 -18.55 -18.55 -18.55 -18.55 -18.55 -18.55 -18.55 -18.55 -18.55 -18.55 -18.55 -18.55 -18.55 -18.55 -18.55 -18.55 -18.55 -18.55 -18.55 -18.55 -18.55
1957.00 -19.62 -19.62 -19.62 -19.62 -19.62 -19.62 -19.62 -19.62 -19.62 -19.62 -19.62 -19.62 -19.62 -19.62 -19.62 -19.62 -19.62 -19.62 -19.62 -19.62 -19.62 -19.62 -19.62
1958.00 -20.65 -20.65 -20.65 -20.65 -20.65 -20.65 -20.65 -20.65 -20.65 -20.65 -20.65 -20.65 -20.65 -20.65 -20.65 -20.65 -20.65 -20.65 -20.65 -20.65 -20.65 -20.65 -20.65
1959.00 -21.67 -21.67 -21.67 -21.67 -21.67 -21.67 -21.67 -21.67 -21.67 -21.67 -21.67 -21.67 -21.67 -21.67 -21.67 -21.67 -21.67 -21.67 -21.67 -21.67 -21.67 -21.67 -21.67
1960.00 -22.13 -22.13 -22.13 -22.13 -22.13 -22.13 -22.13 -22.13 -22.13 -22.13 -22.13 -22.13 -22.13 -22.13 -22.13 -22.13 -22.13 -22.13 -22.13 -22.13 -22.13 -22.13 -22.13
1961.00 -22.51 -22.51 -22.51 -22.51 -22.51 -22.51 -22.51 -22.51 -22.51 -22.51 -22.51 -22.51 -22.51 -22.51 -22.51 -22.51 -22.51 -22.51 -22.51 -22.51 -22.51 -22.51 -22.51
1962.00 -23.53 -23.53 -23.53 -23.53 -23.53 -23.53 -23.53 -23.53 -23.53 -23.53 -23.53 -23.53 -23.53 -23.53 -23.53 -23.53 -23.53 -23.53 -23.53 -23.53 -23.53 -23.53 -23.53
1963.00 -24.49 -24.49 -24.49 -24.49 -24.49 -24.49 -24.49 -24.49 -24.49 -24.49 -24.49 -24.49 -24.49 -24.49 -24.49 -24.49 -24.49 -24.49 -24.49 -24.49 -24.49 -24.49 -24.49
1964.00 -25.64 -25.64 -25.64 -25.64 -25.64 -25.64 -25.64 -25.64 -25.64 -25.64 -25.64 -25.64 -25.64 -25.64 -25.64 -25.64 -25.64 -25.64 -25.64 -25.64 -25.64 -25.64 -25.64
1965.00 -26.52 -26.52 -26.52 -26.52 -26.52 -26.52 -26.52 -26.52 -26.52 -26.52 -26.52 -26.52 -26.52 -26.52 -26.52 -26.52 -26.52 -26.52 -26.52 -26.52 -26.52 -26.52 -26.52
1966.00 -27.28 -27.28 -27.28 -27.28 -27.28 -27.28 -27.28 -27.28 -27.28 -27.28 -27.28 -27.28 -27.28 -27.28 -27.28 -27.28 -27.28 -27.28 -27.28 -27.28 -27.28 -27.28 -27.28
1967.00 -27.74 -27.74 -27.74 -27.74 -27.74 -27.74 -27.74 -27.74 -27.74 -27.74 -27.74 -27.74 -27.74 -27.74 -27.74 -27.74 -27.74 -27.74 -27.74 -27.74 -27.74 -27.74 -27.74
1968.00 -28.43 -28.43 -28.43 -28.43 -28.43 -28.43 -28.43 -28.43 -28.43 -28.43 -28.43 -28.43 -28.43 -28.43 -28.43 -28.43 -28.43 -28.43 -28.43 -28.43 -28.43 -28.43 -28.43
1969.00 -28.02 -28.02 -28.02 -28.02 -28.02 -28.02 -28.02 -28.02 -28.02 -28.02 -28.02 -28.02 -28.02 -28.02 -28.02 -28.02 -28.02 -28.02 -28.02 -28.02 -28.02 -28.02 -28.02
1970.00 93.53 93.53 93.53 93.53 93.53 93.53 93.53 93.53 93.53 93.53 93.53 93.53 93.53 93.53 93.53 93.53 93.53 93.53 93.53 93.53 93.53 93.53 93.53
1971.00 105.31 105.31 105.31 105.31 105.31 105.31 105.31 105.31 105.31 105.31 105.31 105.31 105.31 105.31 105.31 105.31 105.31 105.31 105.31 105.31 105.31 105.31 105.31
1972.00 112.08 112.08 112.08 112.08 112.08 112.08 112.08 112.08 112.08 112.08 112.08 112.08 112.08 112.08 112.08 112.08 112.08 112.08 112.08 112.08 112.08 112.08 112.08
1973.00 114.97 114.97 114.97 114.97 114.97 114.97 114.97 114.97 114.97 114.97 114.97 114.97 114.97 114.97 114.97 114.97 114.97 114.97 114.97 114.97 114.97 114.97 114.97
1974.00 117.08 117.08 117.08 117.08 117.08 117.08 117.08 117.08 117.08 117.08 117.08 117.08 117.08 117.08 117.08 117.08 117.08 117.08 117.08 117.08 117.08 117.08 117.08
1975.00 116.84 116.84 116.84 116.84 116.84 116.84 116.84 116.84 116.84 116.84 116.84 116.84 116.84 116.84 116.84 116.84 116.84 116.84 116.84 116.84 116.84 116.84 116.84
1976.00 120.92 120.92 120.92 120.92 120.92 120.92 120.92 120.92 120.92 120.92 120.92 120.92 120.92 120.92 120.92 120.92 120.92 120.92 120.92 120.92 120.92 120.92 120.92
1977.00 122.12 122.12 122.12 122.12 122.12 122.12 122.12 122.12 122.12 122.12 122.12 122.12 122.12 122.12 122.12 122.12 122.12 122.12 122.12 122.12 122.12 122.12 122.12
1978.00 124.87 124.87 124.87 124.87 124.87 124.87 124.87 124.87 124.87 124.87 124.87 124.87 124.87 124.87 124.87 124.87 124.87 124.87 124.87 124.87 124.87 124.87 124.87
1979.00 123.91 123.91 123.91 123.91 123.91 123.91 123.91 123.91 123.91 123.91 123.91 123.91 123.91 123.91 123.91 123.91 123.91 123.91 123.91 123.91 123.91 123.91 123.91
1980.00 126.94 126.94 126.94 126.94 126.94 126.94 126.94 126.94 126.94 126.94 126.94 126.94 126.94 126.94 126.94 126.94 126.94 126.94 126.94 126.94 126.94 126.94 126.94
1981.00 125.35 125.35 125.35 125.35 125.35 125.35 125.35 125.35 125.35 125.35 125.35 125.35 125.35 125.35 125.35 125.35 125.35 125.35 125.35 125.35 125.35 125.35 125.35
1982.00 125.80 125.80 125.80 125.80 125.80 125.80 125.80 125.80 125.80 125.80 125.80 125.80 125.80 125.80 125.80 125.80 125.80 125.80 125.80 125.80 125.80 125.80 125.80
1983.00 122.27 122.27 122.27 122.27 122.27 122.27 122.27 122.27 122.27 122.27 122.27 122.27 122.27 122.27 122.27 122.27 122.27 122.27 122.27 122.27 122.27 122.27 122.27
1984.00 116.42 116.42 116.42 116.42 116.42 116.42 116.42 116.42 116.42 116.42 116.42 116.42 116.42 116.42 116.42 116.42 116.42 116.42 116.42 116.42 116.42 116.42 116.42
1985.00 115.30 115.30 115.30 115.30 115.30 115.30 115.30 115.30 115.30 115.30 115.30 115.30 115.30 115.30 115.30 115.30 115.30 115.30 115.30 115.30 115.30 115.30 115.30
1986.00 113.18 113.18 113.18 113.18 113.18 113.18 113.18 113.18 113.18 113.18 113.18 113.18 113.18 113.18 113.18 113.18 113.18 113.18 113.18 113.18 113.18 113.18 113.18
1987.00 110.01 110.01 110.01 110.01 110.01 110.01 110.01 110.01 110.01 110.01 110.01 110.01 110.01 110.01 110.01 110.01 110.01 110.01 110.01 110.01 110.01 110.01 110.01
1988.00 62.69 64.90 67.11 69.32 71.53 73.74 75.96 78.17 80.38 82.59 84.80 87.01 89.22 91.43 93.64 95.85 98.06 100.28 102.49 104.70 106.91 109.12 111.33
1989.00 61.19 63.32 65.45 67.59 69.72 71.85 73.98 76.11 78.25 80.38 82.51 84.64 86.78 88.91 91.04 93.17 95.30 97.44 99.57 101.70 103.83 105.97 108.10
1990.00 59.54 61.58 63.63 65.68 67.73 69.77 71.82 73.87 75.92 77.96 80.01 82.06 84.10 86.15 88.20 90.25 92.29 94.34 96.39 98.44 100.48 102.53 104.58
1991.00 58.33 60.33 62.33 64.33 66.33 68.33 70.33 72.33 74.33 76.33 78.33 80.33 82.33 84.33 86.33 88.33 90.33 92.33 94.33 96.33 98.33 100.33 102.33
1992.00 57.72 59.70 61.68 63.65 65.63 67.61 69.58 71.56 73.54 75.51 77.49 79.47 81.44 83.42 85.40 87.37 89.35 91.33 93.31 95.28 97.26 99.24 101.21
1993.00 57.43 59.37 61.32 63.27 65.21 67.16 69.10 71.05 73.00 74.94 76.89 78.84 80.78 82.73 84.67 86.62 88.57 90.51 92.46 94.41 96.35 98.30 100.24
1994.00 57.04 58.96 60.88 62.79 64.71 66.63 68.54 70.46 72.38 74.29 76.21 78.13 80.04 81.96 83.88 85.79 87.71 89.63 91.54 93.46 95.38 97.29 99.21
1995.00 57.48 59.39 61.31 63.22 65.13 67.05 68.96 70.88 72.79 74.71 76.62 78.53 80.45 82.36 84.28 86.19 88.11 90.02 91.93 93.85 95.76 97.68 99.59
1996.00 56.95 58.82 60.70 62.57 64.44 66.32 68.19 70.06 71.94 73.81 75.68 77.56 79.43 81.30 83.18 85.05 86.92 88.80 90.67 92.54 94.42 96.29 98.16
1997.00 57.45 59.32 61.18 63.04 64.91 66.77 68.63 70.50 72.36 74.23 76.09 77.95 79.82 81.68 83.55 85.41 87.27 89.14 91.00 92.87 94.73 96.59 98.46
1998.00 57.35 59.18 61.02 62.86 64.69 66.53 68.36 70.20 72.03 73.87 75.70 77.54 79.37 81.21 83.04 84.88 86.71 88.55 90.39 92.22 94.06 95.89 97.73
1999.00 56.20 57.97 59.75 61.52 63.29 65.06 66.84 68.61 70.38 72.15 73.93 75.70 77.47 79.24 81.02 82.79 84.56 86.33 88.11 89.88 91.65 93.42 95.20
2000.00 53.68 55.36 57.03 58.70 60.37 62.04 63.71 65.38 67.05 68.72 70.39 72.06 73.73 75.40 77.07 78.74 80.42 82.09 83.76 85.43 87.10 88.77 90.44
2001.00 51.92 53.54 55.15 56.76 58.38 59.99 61.60 63.22 64.83 66.44 68.06 69.67 71.29 72.90 74.51 76.13 77.74 79.35 80.97 82.58 84.19 85.81 87.42
2002.00 51.29 52.87 54.45 56.03 57.61 59.19 60.77 62.34 63.92 65.50 67.08 68.66 70.24 71.82 73.40 74.98 76.56 78.14 79.71 81.29 82.87 84.45 86.03
2003.00 50.61 52.16 53.71 55.26 56.81 58.36 59.91 61.46 63.02 64.57 66.12 67.67 69.22 70.77 72.32 73.87 75.42 76.98 78.53 80.08 81.63 83.18 84.73
2004.00 48.83 50.28 51.73 53.18 54.63 56.08 57.53 58.98 60.42 61.87 63.32 64.77 66.22 67.67 69.12 70.57 72.02 73.47 74.92 76.36 77.81 79.26 80.71
2005.00 48.77 50.19 51.61 53.03 54.46 55.88 57.30 58.72 60.15 61.57 62.99 64.41 65.84 67.26 68.68 70.11 71.53 72.95 74.37 75.80 77.22 78.64 80.06
2006.00 48.21 49.60 50.98 52.36 53.75 55.13 56.51 57.89 59.28 60.66 62.04 63.43 64.81 66.19 67.57 68.96 70.34 71.72 73.11 74.49 75.87 77.26 78.64
2007.00 47.17 48.51 49.85 51.19 52.54 53.88 55.22 56.56 57.90 59.25 60.59 61.93 63.27 64.62 65.96 67.30 68.64 69.99 71.33 72.67 74.01 75.35 76.70
2008.00 44.54 45.79 47.03 48.28 49.53 50.78 52.02 53.27 54.52 55.77 57.01 58.26 59.51 60.75 62.00 63.25 64.50 65.74 66.99 68.24 69.49 70.73 71.98
2009.00 42.75 43.93 45.12 46.30 47.49 48.67 49.86 51.05 52.23 53.42 54.60 55.79 56.97 58.16 59.35 60.53 61.72 62.90 64.09 65.27 66.46 67.65 68.83
2010.00 39.90 40.98 42.06 43.13 44.21 45.29 46.37 47.45 48.53 49.61 50.69 51.76 52.84 53.92 55.00 56.08 57.16 58.24 59.32 60.40 61.47 62.55 63.63
2011.00 39.26 40.31 41.35 42.40 43.44 44.49 45.53 46.58 47.62 48.67 49.71 50.75 51.80 52.84 53.89 54.93 55.98 57.02 58.07 59.11 60.16 61.20 62.24
2012.00 38.48 39.49 40.50 41.51 42.52 43.53 44.54 45.55 46.56 47.57 48.58 49.59 50.60 51.61 52.62 53.63 54.64 55.65 56.66 57.67 58.68 59.69 60.70
2013.00 37.53 38.50 39.47 40.45 41.42 42.39 43.37 44.34 45.31 46.28 47.26 48.23 49.20 50.17 51.15 52.12 53.09 54.06 55.04 56.01 56.98 57.95 58.93
2014.00 35.95 36.88 37.80 38.73 39.66 40.59 41.52 42.45 43.37 44.30 45.23 46.16 47.09 48.02 48.94 49.87 50.80 51.73 52.66 53.59 54.51 55.44 56.37
2015.00 36.05 36.97 37.89 38.81 39.73 40.65 41.57 42.49 43.41 44.33 45.26 46.18 47.10 48.02 48.94 49.86 50.78 51.70 52.62 53.54 54.46 55.38 56.30
2016.00 35.32 36.21 37.11 38.01 38.90 39.80 40.70 41.60 42.49 43.39 44.29 45.18 46.08 46.98 47.87 48.77 49.67 50.56 51.46 52.36 53.25 54.15 55.05
2017.00 34.17 35.03 35.90 36.76 37.63 38.49 39.36 40.23 41.09 41.96 42.82 43.69 44.55 45.42 46.28 47.15 48.01 48.88 49.75 50.61 51.48 52.34 53.21
2018.00 8.05 8.05 8.05 8.05 8.05 8.05 8.05 8.05 8.05 8.05 8.05 8.05 8.05 8.05 8.05 8.05 8.05 8.05 8.05 8.05 8.05 8.05 8.05
2019.00 7.38 7.38 7.38 7.38 7.38 7.38 7.38 7.38 7.38 7.38 7.38 7.38 7.38 7.38 7.38 7.38 7.38 7.38 7.38 7.38 7.38 7.38 7.38
2020.00 6.84 6.84 6.84 6.84 6.84 6.84 6.84 6.84 6.84 6.84 6.84 6.84 6.84 6.84 6.84 6.84 6.84 6.84 6.84 6.84 6.84 6.84 6.84
2021.00 6.82 6.82 6.82 6.82 6.82 6.82 6.82 6.82 6.82 6.82 6.82 6.82 6.82 6.82 6.82 6.82 6.82 6.82 6.82 6.82 6.82 6.82 6.82
2022.00 6.83 6.83 6.83 6.83 6.83 6.83 6.83 6.83 6.83 6.83 6.83 6.83 6.83 6.83 6.83 6.83 6.83 6.83 6.83 6.83 6.83 6.83 6.83
2023.00 6.87 6.87 6.87 6.87 6.87 6.87 6.87 6.87 6.87 6.87 6.87 6.87 6.87 6.87 6.87 6.87 6.87 6.87 6.87 6.87 6.87 6.87 6.87
2024.00 6.78 6.78 6.78 6.78 6.78 6.78 6.78 6.78 6.78 6.78 6.78 6.78 6.78 6.78 6.78 6.78 6.78 6.78 6.78 6.78 6.78 6.78 6.78
2025.00 6.58 6.58 6.58 6.58 6.58 6.58 6.58 6.58 6.58 6.58 6.58 6.58 6.58 6.58 6.58 6.58 6.58 6.58 6.58 6.58 6.58 6.58 6.58
2026.00 6.39 6.39 6.39 6.39 6.39 6.39 6.39 6.39 6.39 6.39 6.39 6.39 6.39 6.39 6.39 6.39 6.39 6.39 6.39 6.39 6.39 6.39 6.39
2027.00 6.28 6.28 6.28 6.28 6.28 6.28 6.28 6.28 6.28 6.28 6.28 6.28 6.28 6.28 6.28 6.28 6.28 6.28 6.28 6.28 6.28 6.28 6.28
2028.00 6.10 6.10 6.10 6.10 6.10 6.10 6.10 6.10 6.10 6.10 6.10 6.10 6.10 6.10 6.10 6.10 6.10 6.10 6.10 6.10 6.10 6.10 6.10
2029.00 6.15 6.15 6.15 6.15 6.15 6.15 6.15 6.15 6.15 6.15 6.15 6.15 6.15 6.15 6.15 6.15 6.15 6.15 6.15 6.15 6.15 6.15 6.15
2030.00 6.06 6.06 6.06 6.06 6.06 6.06 6.06 6.06 6.06 6.06 6.06 6.06 6.06 6.06 6.06 6.06 6.06 6.06 6.06 6.06 6.06 6.06 6.06
2031.00 5.97 5.97 5.97 5.97 5.97 5.97 5.97 5.97 5.97 5.97 5.97 5.97 5.97 5.97 5.97 5.97 5.97 5.97 5.97 5.97 5.97 5.97 5.97
2032.00 6.11 6.11 6.11 6.11 6.11 6.11 6.11 6.11 6.11 6.11 6.11 6.11 6.11 6.11 6.11 6.11 6.11 6.11 6.11 6.11 6.11 6.11 6.11
2033.00 6.12 6.12 6.12 6.12 6.12 6.12 6.12 6.12 6.12 6.12 6.12 6.12 6.12 6.12 6.12 6.12 6.12 6.12 6.12 6.12 6.12 6.12 6.12
2034.00 6.15 6.15 6.15 6.15 6.15 6.15 6.15 6.15 6.15 6.15 6.15 6.15 6.15 6.15 6.15 6.15 6.15 6.15 6.15 6.15 6.15 6.15 6.15
2035.00 6.19 6.19 6.19 6.19 6.19 6.19 6.19 6.19 6.19 6.19 6.19 6.19 6.19 6.19 6.19 6.19 6.19 6.19 6.19 6.19 6.19 6.19 6.19
2036.00 6.29 6.29 6.29 6.29 6.29 6.29 6.29 6.29 6.29 6.29 6.29 6.29 6.29 6.29 6.29 6.29 6.29 6.29 6.29 6.29 6.29 6.29 6.29
2037.00 6.45 6.45 6.45 6.45 6.45 6.45 6.45 6.45 6.45 6.45 6.45 6.45 6.45 6.45 6.45 6.45 6.45 6.45 6.45 6.45 6.45 6.45 6.45
2038.00 6.48 6.48 6.48 6.48 6.48 6.48 6.48 6.48 6.48 6.48 6.48 6.48 6.48 6.48 6.48 6.48 6.48 6.48 6.48 6.48 6.48 6.48 6.48
2039.00 6.51 6.51 6.51 6.51 6.51 6.51 6.51 6.51 6.51 6.51 6.51 6.51 6.51 6.51 6.51 6.51 6.51 6.51 6.51 6.51 6.51 6.51 6.51
2040.00 6.55 6.55 6.55 6.55 6.55 6.55 6.55 6.55 6.55 6.55 6.55 6.55 6.55 6.55 6.55 6.55 6.55 6.55 6.55 6.55 6.55 6.55 6.55
2041.00 6.40 6.40 6.40 6.40 6.40 6.40 6.40 6.40 6.40 6.40 6.40 6.40 6.40 6.40 6.40 6.40 6.40 6.40 6.40 6.40 6.40 6.40 6.40
2042.00 6.25 6.25 6.25 6.25 6.25 6.25 6.25 6.25 6.25 6.25 6.25 6.25 6.25 6.25 6.25 6.25 6.25 6.25 6.25 6.25 6.25 6.25 6.25
2043.00 6.30 6.30 6.30 6.30 6.30 6.30 6.30 6.30 6.30 6.30 6.30 6.30 6.30 6.30 6.30 6.30 6.30 6.30 6.30 6.30 6.30 6.30 6.30
2044.00 6.20 6.20 6.20 6.20 6.20 6.20 6.20 6.20 6.20 6.20 6.20 6.20 6.20 6.20 6.20 6.20 6.20 6.20 6.20 6.20 6.20 6.20 6.20
2045.00 6.14 6.14 6.14 6.14 6.14 6.14 6.14 6.14 6.14 6.14 6.14 6.14 6.14 6.14 6.14 6.14 6.14 6.14 6.14 6.14 6.14 6.14 6.14
2046.00 6.14 6.14 6.14 6.14 6.14 6.14 6.14 6.14 6.14 6.14 6.14 6.14 6.14 6.14 6.14 6.14 6.14 6.14 6.14 6.14 6.14 6.14 6.14
2047.00 6.13 6.13 6.13 6.13 6.13 6.13 6.13 6.13 6.13 6.13 6.13 6.13 6.13 6.13 6.13 6.13 6.13 6.13 6.13 6.13 6.13 6.13 6.13
2048.00 6.14 6.14 6.14 6.14 6.14 6.14 6.14 6.14 6.14 6.14 6.14 6.14 6.14 6.14 6.14 6.14 6.14 6.14 6.14 6.14 6.14 6.14 6.14
2049.00 6.16 6.16 6.16 6.16 6.16 6.16 6.16 6.16 6.16 6.16 6.16 6.16 6.16 6.16 6.16 6.16 6.16 6.16 6.16 6.16 6.16 6.16 6.16
2050.00 6.19 6.19 6.19 6.19 6.19 6.19 6.19 6.19 6.19 6.19 6.19 6.19 6.19 6.19 6.19 6.19 6.19 6.19 6.19 6.19 6.19 6.19 6.19
2051.00 6.14 6.14 6.14 6.14 6.14 6.14 6.14 6.14 6.14 6.14 6.14 6.14 6.14 6.14 6.14 6.14 6.14 6.14 6.14 6.14 6.14 6.14 6.14
2052.00 6.10 6.10 6.10 6.10 6.10 6.10 6.10 6.10 6.10 6.10 6.10 6.10 6.10 6.10 6.10 6.10 6.10 6.10 6.10 6.10 6.10 6.10 6.10
2053.00 5.93 5.93 5.93 5.93 5.93 5.93 5.93 5.93 5.93 5.93 5.93 5.93 5.93 5.93 5.93 5.93 5.93 5.93 5.93 5.93 5.93 5.93 5.93
2054.00 5.92 5.92 5.92 5.92 5.92 5.92 5.92 5.92 5.92 5.92 5.92 5.92 5.92 5.92 5.92 5.92 5.92 5.92 5.92 5.92 5.92 5.92 5.92
2055.00 6.01 6.01 6.01 6.01 6.01 6.01 6.01 6.01 6.01 6.01 6.01 6.01 6.01 6.01 6.01 6.01 6.01 6.01 6.01 6.01 6.01 6.01 6.01
2056.00 5.96 5.96 5.96 5.96 5.96 5.96 5.96 5.96 5.96 5.96 5.96 5.96 5.96 5.96 5.96 5.96 5.96 5.96 5.96 5.96 5.96 5.96 5.96
2057.00 5.96 5.96 5.96 5.96 5.96 5.96 5.96 5.96 5.96 5.96 5.96 5.96 5.96 5.96 5.96 5.96 5.96 5.96 5.96 5.96 5.96 5.96 5.96
2058.00 6.04 6.04 6.04 6.04 6.04 6.04 6.04 6.04 6.04 6.04 6.04 6.04 6.04 6.04 6.04 6.04 6.04 6.04 6.04 6.04 6.04 6.04 6.04
2059.00 5.98 5.98 5.98 5.98 5.98 5.98 5.98 5.98 5.98 5.98 5.98 5.98 5.98 5.98 5.98 5.98 5.98 5.98 5.98 5.98 5.98 5.98 5.98
2060.00 6.02 6.02 6.02 6.02 6.02 6.02 6.02 6.02 6.02 6.02 6.02 6.02 6.02 6.02 6.02 6.02 6.02 6.02 6.02 6.02 6.02 6.02 6.02
2061.00 6.18 6.18 6.18 6.18 6.18 6.18 6.18 6.18 6.18 6.18 6.18 6.18 6.18 6.18 6.18 6.18 6.18 6.18 6.18 6.18 6.18 6.18 6.18
2062.00 6.13 6.13 6.13 6.13 6.13 6.13 6.13 6.13 6.13 6.13 6.13 6.13 6.13 6.13 6.13 6.13 6.13 6.13 6.13 6.13 6.13 6.13 6.13
2063.00 6.09 6.09 6.09 6.09 6.09 6.09 6.09 6.09 6.09 6.09 6.09 6.09 6.09 6.09 6.09 6.09 6.09 6.09 6.09 6.09 6.09 6.09 6.09
2064.00 5.90 5.90 5.90 5.90 5.90 5.90 5.90 5.90 5.90 5.90 5.90 5.90 5.90 5.90 5.90 5.90 5.90 5.90 5.90 5.90 5.90 5.90 5.90
2065.00 5.74 5.74 5.74 5.74 5.74 5.74 5.74 5.74 5.74 5.74 5.74 5.74 5.74 5.74 5.74 5.74 5.74 5.74 5.74 5.74 5.74 5.74 5.74
