# yearspad, alpred
# [0.6  0.62 0.64 0.66 0.68 0.7  0.72 0.74 0.76 0.78 0.8  0.82 0.84 0.86
#  0.88 0.9  0.92 0.94 0.96 0.98 1.   1.02 1.04]
1922.00 5.98 5.98 5.98 5.98 5.98 5.98 5.98 5.98 5.98 5.98 5.98 5.98 5.98 5.98 5.98 5.98 5.98 5.98 5.98 5.98 5.98 5.98 5.98
1923.00 5.98 5.98 5.98 5.98 5.98 5.98 5.98 5.98 5.98 5.98 5.98 5.98 5.98 5.98 5.98 5.98 5.98 5.98 5.98 5.98 5.98 5.98 5.98
1924.00 5.65 5.65 5.65 5.65 5.65 5.65 5.65 5.65 5.65 5.65 5.65 5.65 5.65 5.65 5.65 5.65 5.65 5.65 5.65 5.65 5.65 5.65 5.65
1925.00 5.86 5.86 5.86 5.86 5.86 5.86 5.86 5.86 5.86 5.86 5.86 5.86 5.86 5.86 5.86 5.86 5.86 5.86 5.86 5.86 5.86 5.86 5.86
1926.00 5.57 5.57 5.57 5.57 5.57 5.57 5.57 5.57 5.57 5.57 5.57 5.57 5.57 5.57 5.57 5.57 5.57 5.57 5.57 5.57 5.57 5.57 5.57
1927.00 5.78 5.78 5.78 5.78 5.78 5.78 5.78 5.78 5.78 5.78 5.78 5.78 5.78 5.78 5.78 5.78 5.78 5.78 5.78 5.78 5.78 5.78 5.78
1928.00 5.70 5.70 5.70 5.70 5.70 5.70 5.70 5.70 5.70 5.70 5.70 5.70 5.70 5.70 5.70 5.70 5.70 5.70 5.70 5.70 5.70 5.70 5.70
1929.00 5.27 5.27 5.27 5.27 5.27 5.27 5.27 5.27 5.27 5.27 5.27 5.27 5.27 5.27 5.27 5.27 5.27 5.27 5.27 5.27 5.27 5.27 5.27
1930.00 5.04 5.04 5.04 5.04 5.04 5.04 5.04 5.04 5.04 5.04 5.04 5.04 5.04 5.04 5.04 5.04 5.04 5.04 5.04 5.04 5.04 5.04 5.04
1931.00 5.20 5.20 5.20 5.20 5.20 5.20 5.20 5.20 5.20 5.20 5.20 5.20 5.20 5.20 5.20 5.20 5.20 5.20 5.20 5.20 5.20 5.20 5.20
1932.00 4.75 4.75 4.75 4.75 4.75 4.75 4.75 4.75 4.75 4.75 4.75 4.75 4.75 4.75 4.75 4.75 4.75 4.75 4.75 4.75 4.75 4.75 4.75
1933.00 4.83 4.83 4.83 4.83 4.83 4.83 4.83 4.83 4.83 4.83 4.83 4.83 4.83 4.83 4.83 4.83 4.83 4.83 4.83 4.83 4.83 4.83 4.83
1934.00 4.37 4.37 4.37 4.37 4.37 4.37 4.37 4.37 4.37 4.37 4.37 4.37 4.37 4.37 4.37 4.37 4.37 4.37 4.37 4.37 4.37 4.37 4.37
1935.00 4.42 4.42 4.42 4.42 4.42 4.42 4.42 4.42 4.42 4.42 4.42 4.42 4.42 4.42 4.42 4.42 4.42 4.42 4.42 4.42 4.42 4.42 4.42
1936.00 4.15 4.15 4.15 4.15 4.15 4.15 4.15 4.15 4.15 4.15 4.15 4.15 4.15 4.15 4.15 4.15 4.15 4.15 4.15 4.15 4.15 4.15 4.15
1937.00 4.41 4.41 4.41 4.41 4.41 4.41 4.41 4.41 4.41 4.41 4.41 4.41 4.41 4.41 4.41 4.41 4.41 4.41 4.41 4.41 4.41 4.41 4.41
1938.00 4.66 4.66 4.66 4.66 4.66 4.66 4.66 4.66 4.66 4.66 4.66 4.66 4.66 4.66 4.66 4.66 4.66 4.66 4.66 4.66 4.66 4.66 4.66
1939.00 4.94 4.94 4.94 4.94 4.94 4.94 4.94 4.94 4.94 4.94 4.94 4.94 4.94 4.94 4.94 4.94 4.94 4.94 4.94 4.94 4.94 4.94 4.94
1940.00 4.51 4.51 4.51 4.51 4.51 4.51 4.51 4.51 4.51 4.51 4.51 4.51 4.51 4.51 4.51 4.51 4.51 4.51 4.51 4.51 4.51 4.51 4.51
1941.00 4.49 4.49 4.49 4.49 4.49 4.49 4.49 4.49 4.49 4.49 4.49 4.49 4.49 4.49 4.49 4.49 4.49 4.49 4.49 4.49 4.49 4.49 4.49
1942.00 4.09 4.09 4.09 4.09 4.09 4.09 4.09 4.09 4.09 4.09 4.09 4.09 4.09 4.09 4.09 4.09 4.09 4.09 4.09 4.09 4.09 4.09 4.09
1943.00 4.11 4.11 4.11 4.11 4.11 4.11 4.11 4.11 4.11 4.11 4.11 4.11 4.11 4.11 4.11 4.11 4.11 4.11 4.11 4.11 4.11 4.11 4.11
1944.00 3.96 3.96 3.96 3.96 3.96 3.96 3.96 3.96 3.96 3.96 3.96 3.96 3.96 3.96 3.96 3.96 3.96 3.96 3.96 3.96 3.96 3.96 3.96
1945.00 4.16 4.16 4.16 4.16 4.16 4.16 4.16 4.16 4.16 4.16 4.16 4.16 4.16 4.16 4.16 4.16 4.16 4.16 4.16 4.16 4.16 4.16 4.16
1946.00 3.40 3.40 3.40 3.40 3.40 3.40 3.40 3.40 3.40 3.40 3.40 3.40 3.40 3.40 3.40 3.40 3.40 3.40 3.40 3.40 3.40 3.40 3.40
1947.00 3.03 3.03 3.03 3.03 3.03 3.03 3.03 3.03 3.03 3.03 3.03 3.03 3.03 3.03 3.03 3.03 3.03 3.03 3.03 3.03 3.03 3.03 3.03
1948.00 2.42 2.42 2.42 2.42 2.42 2.42 2.42 2.42 2.42 2.42 2.42 2.42 2.42 2.42 2.42 2.42 2.42 2.42 2.42 2.42 2.42 2.42 2.42
1949.00 2.70 2.70 2.70 2.70 2.70 2.70 2.70 2.70 2.70 2.70 2.70 2.70 2.70 2.70 2.70 2.70 2.70 2.70 2.70 2.70 2.70 2.70 2.70
1950.00 1.83 1.83 1.83 1.83 1.83 1.83 1.83 1.83 1.83 1.83 1.83 1.83 1.83 1.83 1.83 1.83 1.83 1.83 1.83 1.83 1.83 1.83 1.83
1951.00 1.60 1.60 1.60 1.60 1.60 1.60 1.60 1.60 1.60 1.60 1.60 1.60 1.60 1.60 1.60 1.60 1.60 1.60 1.60 1.60 1.60 1.60 1.60
1952.00 0.66 0.66 0.66 0.66 0.66 0.66 0.66 0.66 0.66 0.66 0.66 0.66 0.66 0.66 0.66 0.66 0.66 0.66 0.66 0.66 0.66 0.66 0.66
1953.00 0.04 0.04 0.04 0.04 0.04 0.04 0.04 0.04 0.04 0.04 0.04 0.04 0.04 0.04 0.04 0.04 0.04 0.04 0.04 0.04 0.04 0.04 0.04
1954.00 -0.79 -0.79 -0.79 -0.79 -0.79 -0.79 -0.79 -0.79 -0.79 -0.79 -0.79 -0.79 -0.79 -0.79 -0.79 -0.79 -0.79 -0.79 -0.79 -0.79 -0.79 -0.79 -0.79
1955.00 -0.83 -0.83 -0.83 -0.83 -0.83 -0.83 -0.83 -0.83 -0.83 -0.83 -0.83 -0.83 -0.83 -0.83 -0.83 -0.83 -0.83 -0.83 -0.83 -0.83 -0.83 -0.83 -0.83
1956.00 -1.37 -1.37 -1.37 -1.37 -1.37 -1.37 -1.37 -1.37 -1.37 -1.37 -1.37 -1.37 -1.37 -1.37 -1.37 -1.37 -1.37 -1.37 -1.37 -1.37 -1.37 -1.37 -1.37
1957.00 -2.45 -2.45 -2.45 -2.45 -2.45 -2.45 -2.45 -2.45 -2.45 -2.45 -2.45 -2.45 -2.45 -2.45 -2.45 -2.45 -2.45 -2.45 -2.45 -2.45 -2.45 -2.45 -2.45
1958.00 -2.90 -2.90 -2.90 -2.90 -2.90 -2.90 -2.90 -2.90 -2.90 -2.90 -2.90 -2.90 -2.90 -2.90 -2.90 -2.90 -2.90 -2.90 -2.90 -2.90 -2.90 -2.90 -2.90
1959.00 -3.63 -3.63 -3.63 -3.63 -3.63 -3.63 -3.63 -3.63 -3.63 -3.63 -3.63 -3.63 -3.63 -3.63 -3.63 -3.63 -3.63 -3.63 -3.63 -3.63 -3.63 -3.63 -3.63
1960.00 -4.32 -4.32 -4.32 -4.32 -4.32 -4.32 -4.32 -4.32 -4.32 -4.32 -4.32 -4.32 -4.32 -4.32 -4.32 -4.32 -4.32 -4.32 -4.32 -4.32 -4.32 -4.32 -4.32
1961.00 -4.85 -4.85 -4.85 -4.85 -4.85 -4.85 -4.85 -4.85 -4.85 -4.85 -4.85 -4.85 -4.85 -4.85 -4.85 -4.85 -4.85 -4.85 -4.85 -4.85 -4.85 -4.85 -4.85
1962.00 -5.41 -5.41 -5.41 -5.41 -5.41 -5.41 -5.41 -5.41 -5.41 -5.41 -5.41 -5.41 -5.41 -5.41 -5.41 -5.41 -5.41 -5.41 -5.41 -5.41 -5.41 -5.41 -5.41
1963.00 -6.26 -6.26 -6.26 -6.26 -6.26 -6.26 -6.26 -6.26 -6.26 -6.26 -6.26 -6.26 -6.26 -6.26 -6.26 -6.26 -6.26 -6.26 -6.26 -6.26 -6.26 -6.26 -6.26
1964.00 -6.59 -6.59 -6.59 -6.59 -6.59 -6.59 -6.59 -6.59 -6.59 -6.59 -6.59 -6.59 -6.59 -6.59 -6.59 -6.59 -6.59 -6.59 -6.59 -6.59 -6.59 -6.59 -6.59
1965.00 -7.03 -7.03 -7.03 -7.03 -7.03 -7.03 -7.03 -7.03 -7.03 -7.03 -7.03 -7.03 -7.03 -7.03 -7.03 -7.03 -7.03 -7.03 -7.03 -7.03 -7.03 -7.03 -7.03
1966.00 -7.51 -7.51 -7.51 -7.51 -7.51 -7.51 -7.51 -7.51 -7.51 -7.51 -7.51 -7.51 -7.51 -7.51 -7.51 -7.51 -7.51 -7.51 -7.51 -7.51 -7.51 -7.51 -7.51
1967.00 -8.20 -8.20 -8.20 -8.20 -8.20 -8.20 -8.20 -8.20 -8.20 -8.20 -8.20 -8.20 -8.20 -8.20 -8.20 -8.20 -8.20 -8.20 -8.20 -8.20 -8.20 -8.20 -8.20
1968.00 -9.04 -9.04 -9.04 -9.04 -9.04 -9.04 -9.04 -9.04 -9.04 -9.04 -9.04 -9.04 -9.04 -9.04 -9.04 -9.04 -9.04 -9.04 -9.04 -9.04 -9.04 -9.04 -9.04
1969.00 -9.92 -9.92 -9.92 -9.92 -9.92 -9.92 -9.92 -9.92 -9.92 -9.92 -9.92 -9.92 -9.92 -9.92 -9.92 -9.92 -9.92 -9.92 -9.92 -9.92 -9.92 -9.92 -9.92
1970.00 111.23 111.23 111.23 111.23 111.23 111.23 111.23 111.23 111.23 111.23 111.23 111.23 111.23 111.23 111.23 111.23 111.23 111.23 111.23 111.23 111.23 111.23 111.23
1971.00 115.61 115.61 115.61 115.61 115.61 115.61 115.61 115.61 115.61 115.61 115.61 115.61 115.61 115.61 115.61 115.61 115.61 115.61 115.61 115.61 115.61 115.61 115.61
1972.00 122.12 122.12 122.12 122.12 122.12 122.12 122.12 122.12 122.12 122.12 122.12 122.12 122.12 122.12 122.12 122.12 122.12 122.12 122.12 122.12 122.12 122.12 122.12
1973.00 119.94 119.94 119.94 119.94 119.94 119.94 119.94 119.94 119.94 119.94 119.94 119.94 119.94 119.94 119.94 119.94 119.94 119.94 119.94 119.94 119.94 119.94 119.94
1974.00 121.92 121.92 121.92 121.92 121.92 121.92 121.92 121.92 121.92 121.92 121.92 121.92 121.92 121.92 121.92 121.92 121.92 121.92 121.92 121.92 121.92 121.92 121.92
1975.00 123.67 123.67 123.67 123.67 123.67 123.67 123.67 123.67 123.67 123.67 123.67 123.67 123.67 123.67 123.67 123.67 123.67 123.67 123.67 123.67 123.67 123.67 123.67
1976.00 124.97 124.97 124.97 124.97 124.97 124.97 124.97 124.97 124.97 124.97 124.97 124.97 124.97 124.97 124.97 124.97 124.97 124.97 124.97 124.97 124.97 124.97 124.97
1977.00 126.96 126.96 126.96 126.96 126.96 126.96 126.96 126.96 126.96 126.96 126.96 126.96 126.96 126.96 126.96 126.96 126.96 126.96 126.96 126.96 126.96 126.96 126.96
1978.00 127.13 127.13 127.13 127.13 127.13 127.13 127.13 127.13 127.13 127.13 127.13 127.13 127.13 127.13 127.13 127.13 127.13 127.13 127.13 127.13 127.13 127.13 127.13
1979.00 120.38 120.38 120.38 120.38 120.38 120.38 120.38 120.38 120.38 120.38 120.38 120.38 120.38 120.38 120.38 120.38 120.38 120.38 120.38 120.38 120.38 120.38 120.38
1980.00 121.99 121.99 121.99 121.99 121.99 121.99 121.99 121.99 121.99 121.99 121.99 121.99 121.99 121.99 121.99 121.99 121.99 121.99 121.99 121.99 121.99 121.99 121.99
1981.00 121.14 121.14 121.14 121.14 121.14 121.14 121.14 121.14 121.14 121.14 121.14 121.14 121.14 121.14 121.14 121.14 121.14 121.14 121.14 121.14 121.14 121.14 121.14
1982.00 122.32 122.32 122.32 122.32 122.32 122.32 122.32 122.32 122.32 122.32 122.32 122.32 122.32 122.32 122.32 122.32 122.32 122.32 122.32 122.32 122.32 122.32 122.32
1983.00 113.77 113.77 113.77 113.77 113.77 113.77 113.77 113.77 113.77 113.77 113.77 113.77 113.77 113.77 113.77 113.77 113.77 113.77 113.77 113.77 113.77 113.77 113.77
1984.00 110.02 110.02 110.02 110.02 110.02 110.02 110.02 110.02 110.02 110.02 110.02 110.02 110.02 110.02 110.02 110.02 110.02 110.02 110.02 110.02 110.02 110.02 110.02
1985.00 103.61 103.61 103.61 103.61 103.61 103.61 103.61 103.61 103.61 103.61 103.61 103.61 103.61 103.61 103.61 103.61 103.61 103.61 103.61 103.61 103.61 103.61 103.61
1986.00 97.81 97.81 97.81 97.81 97.81 97.81 97.81 97.81 97.81 97.81 97.81 97.81 97.81 97.81 97.81 97.81 97.81 97.81 97.81 97.81 97.81 97.81 97.81
1987.00 91.75 91.75 91.75 91.75 91.75 91.75 91.75 91.75 91.75 91.75 91.75 91.75 91.75 91.75 91.75 91.75 91.75 91.75 91.75 91.75 91.75 91.75 91.75
1988.00 44.04 46.26 48.47 50.69 52.91 55.13 57.35 59.57 61.79 64.01 66.23 68.45 70.67 72.89 75.11 77.33 79.55 81.77 83.99 86.21 88.43 90.65 92.87
1989.00 41.60 43.74 45.89 48.03 50.17 52.31 54.45 56.59 58.73 60.87 63.01 65.16 67.30 69.44 71.58 73.72 75.86 78.00 80.14 82.28 84.43 86.57 88.71
1990.00 39.69 41.75 43.80 45.85 47.91 49.96 52.02 54.07 56.12 58.18 60.23 62.29 64.34 66.40 68.45 70.50 72.56 74.61 76.67 78.72 80.77 82.83 84.88
1991.00 38.92 40.93 42.94 44.95 46.95 48.96 50.97 52.98 54.99 57.00 59.01 61.02 63.03 65.04 67.05 69.06 71.06 73.07 75.08 77.09 79.10 81.11 83.12
1992.00 38.82 40.81 42.79 44.77 46.76 48.74 50.73 52.71 54.69 56.68 58.66 60.64 62.63 64.61 66.60 68.58 70.56 72.55 74.53 76.51 78.50 80.48 82.46
1993.00 38.82 40.77 42.73 44.68 46.63 48.59 50.54 52.50 54.45 56.40 58.36 60.31 62.27 64.22 66.17 68.13 70.08 72.04 73.99 75.94 77.90 79.85 81.81
1994.00 39.24 41.16 43.09 45.01 46.94 48.86 50.78 52.71 54.63 56.55 58.48 60.40 62.32 64.25 66.17 68.10 70.02 71.94 73.87 75.79 77.71 79.64 81.56
1995.00 39.81 41.73 43.65 45.57 47.49 49.41 51.33 53.26 55.18 57.10 59.02 60.94 62.86 64.78 66.70 68.62 70.54 72.47 74.39 76.31 78.23 80.15 82.07
1996.00 39.21 41.10 42.98 44.86 46.74 48.62 50.50 52.38 54.26 56.15 58.03 59.91 61.79 63.67 65.55 67.43 69.31 71.19 73.08 74.96 76.84 78.72 80.60
1997.00 39.71 41.59 43.46 45.33 47.20 49.07 50.94 52.81 54.68 56.55 58.42 60.29 62.16 64.04 65.91 67.78 69.65 71.52 73.39 75.26 77.13 79.00 80.87
1998.00 39.74 41.59 43.43 45.27 47.11 48.96 50.80 52.64 54.48 56.33 58.17 60.01 61.85 63.70 65.54 67.38 69.22 71.07 72.91 74.75 76.59 78.44 80.28
1999.00 38.73 40.51 42.29 44.07 45.85 47.64 49.42 51.20 52.98 54.76 56.54 58.32 60.10 61.88 63.66 65.45 67.23 69.01 70.79 72.57 74.35 76.13 77.91
2000.00 36.62 38.30 39.97 41.65 43.33 45.01 46.69 48.37 50.05 51.73 53.41 55.09 56.77 58.45 60.13 61.81 63.49 65.17 66.84 68.52 70.20 71.88 73.56
2001.00 35.38 37.00 38.63 40.25 41.87 43.49 45.11 46.73 48.35 49.97 51.60 53.22 54.84 56.46 58.08 59.70 61.32 62.94 64.56 66.19 67.81 69.43 71.05
2002.00 34.68 36.27 37.85 39.44 41.02 42.61 44.20 45.78 47.37 48.95 50.54 52.13 53.71 55.30 56.88 58.47 60.06 61.64 63.23 64.81 66.40 67.98 69.57
2003.00 34.62 36.18 37.74 39.30 40.85 42.41 43.97 45.53 47.09 48.65 50.21 51.77 53.32 54.88 56.44 58.00 59.56 61.12 62.68 64.24 65.80 67.35 68.91
2004.00 32.44 33.89 35.35 36.81 38.26 39.72 41.18 42.64 44.09 45.55 47.01 48.46 49.92 51.38 52.84 54.29 55.75 57.21 58.67 60.12 61.58 63.04 64.49
2005.00 32.23 33.66 35.09 36.53 37.96 39.39 40.82 42.26 43.69 45.12 46.55 47.99 49.42 50.85 52.29 53.72 55.15 56.58 58.02 59.45 60.88 62.31 63.75
2006.00 31.96 33.35 34.75 36.15 37.55 38.95 40.35 41.75 43.15 44.55 45.95 47.35 48.75 50.14 51.54 52.94 54.34 55.74 57.14 58.54 59.94 61.34 62.74
2007.00 31.36 32.72 34.07 35.43 36.79 38.14 39.50 40.86 42.21 43.57 44.93 46.28 47.64 49.00 50.35 51.71 53.07 54.42 55.78 57.14 58.49 59.85 61.21
2008.00 29.45 30.71 31.97 33.24 34.50 35.77 37.03 38.29 39.56 40.82 42.09 43.35 44.61 45.88 47.14 48.40 49.67 50.93 52.20 53.46 54.72 55.99 57.25
2009.00 28.27 29.47 30.67 31.87 33.07 34.28 35.48 36.68 37.88 39.08 40.28 41.48 42.69 43.89 45.09 46.29 47.49 48.69 49.90 51.10 52.30 53.50 54.70
2010.00 25.96 27.04 28.13 29.22 30.31 31.40 32.48 33.57 34.66 35.75 36.84 37.93 39.01 40.10 41.19 42.28 43.37 44.45 45.54 46.63 47.72 48.81 49.89
2011.00 25.73 26.79 27.84 28.89 29.95 31.00 32.05 33.11 34.16 35.21 36.27 37.32 38.38 39.43 40.48 41.54 42.59 43.64 44.70 45.75 46.80 47.86 48.91
2012.00 24.63 25.65 26.67 27.69 28.71 29.73 30.74 31.76 32.78 33.80 34.82 35.84 36.86 37.87 38.89 39.91 40.93 41.95 42.97 43.98 45.00 46.02 47.04
2013.00 24.18 25.16 26.14 27.12 28.11 29.09 30.07 31.05 32.03 33.01 33.99 34.97 35.95 36.93 37.91 38.89 39.87 40.85 41.83 42.81 43.79 44.77 45.75
2014.00 23.14 24.08 25.01 25.95 26.88 27.82 28.75 29.69 30.63 31.56 32.50 33.43 34.37 35.30 36.24 37.17 38.11 39.05 39.98 40.92 41.85 42.79 43.72
2015.00 23.84 24.77 25.70 26.62 27.55 28.48 29.41 30.34 31.27 32.20 33.12 34.05 34.98 35.91 36.84 37.77 38.70 39.62 40.55 41.48 42.41 43.34 44.27
2016.00 23.54 24.44 25.35 26.25 27.15 28.06 28.96 29.86 30.77 31.67 32.57 33.48 34.38 35.29 36.19 37.09 38.00 38.90 39.80 40.71 41.61 42.51 43.42
2017.00 23.57 24.45 25.32 26.19 27.06 27.94 28.81 29.68 30.56 31.43 32.30 33.17 34.05 34.92 35.79 36.66 37.54 38.41 39.28 40.16 41.03 41.90 42.77
2018.00 -2.61 -2.61 -2.61 -2.61 -2.61 -2.61 -2.61 -2.61 -2.61 -2.61 -2.61 -2.61 -2.61 -2.61 -2.61 -2.61 -2.61 -2.61 -2.61 -2.61 -2.61 -2.61 -2.61
2019.00 -2.10 -2.10 -2.10 -2.10 -2.10 -2.10 -2.10 -2.10 -2.10 -2.10 -2.10 -2.10 -2.10 -2.10 -2.10 -2.10 -2.10 -2.10 -2.10 -2.10 -2.10 -2.10 -2.10
2020.00 -2.26 -2.26 -2.26 -2.26 -2.26 -2.26 -2.26 -2.26 -2.26 -2.26 -2.26 -2.26 -2.26 -2.26 -2.26 -2.26 -2.26 -2.26 -2.26 -2.26 -2.26 -2.26 -2.26
2021.00 -1.11 -1.11 -1.11 -1.11 -1.11 -1.11 -1.11 -1.11 -1.11 -1.11 -1.11 -1.11 -1.11 -1.11 -1.11 -1.11 -1.11 -1.11 -1.11 -1.11 -1.11 -1.11 -1.11
2022.00 -0.71 -0.71 -0.71 -0.71 -0.71 -0.71 -0.71 -0.71 -0.71 -0.71 -0.71 -0.71 -0.71 -0.71 -0.71 -0.71 -0.71 -0.71 -0.71 -0.71 -0.71 -0.71 -0.71
2023.00 -0.13 -0.13 -0.13 -0.13 -0.13 -0.13 -0.13 -0.13 -0.13 -0.13 -0.13 -0.13 -0.13 -0.13 -0.13 -0.13 -0.13 -0.13 -0.13 -0.13 -0.13 -0.13 -0.13
2024.00 0.40 0.40 0.40 0.40 0.40 0.40 0.40 0.40 0.40 0.40 0.40 0.40 0.40 0.40 0.40 0.40 0.40 0.40 0.40 0.40 0.40 0.40 0.40
2025.00 1.01 1.01 1.01 1.01 1.01 1.01 1.01 1.01 1.01 1.01 1.01 1.01 1.01 1.01 1.01 1.01 1.01 1.01 1.01 1.01 1.01 1.01 1.01
2026.00 1.40 1.40 1.40 1.40 1.40 1.40 1.40 1.40 1.40 1.40 1.40 1.40 1.40 1.40 1.40 1.40 1.40 1.40 1.40 1.40 1.40 1.40 1.40
2027.00 2.22 2.22 2.22 2.22 2.22 2.22 2.22 2.22 2.22 2.22 2.22 2.22 2.22 2.22 2.22 2.22 2.22 2.22 2.22 2.22 2.22 2.22 2.22
2028.00 2.62 2.62 2.62 2.62 2.62 2.62 2.62 2.62 2.62 2.62 2.62 2.62 2.62 2.62 2.62 2.62 2.62 2.62 2.62 2.62 2.62 2.62 2.62
2029.00 3.20 3.20 3.20 3.20 3.20 3.20 3.20 3.20 3.20 3.20 3.20 3.20 3.20 3.20 3.20 3.20 3.20 3.20 3.20 3.20 3.20 3.20 3.20
2030.00 3.23 3.23 3.23 3.23 3.23 3.23 3.23 3.23 3.23 3.23 3.23 3.23 3.23 3.23 3.23 3.23 3.23 3.23 3.23 3.23 3.23 3.23 3.23
2031.00 3.94 3.94 3.94 3.94 3.94 3.94 3.94 3.94 3.94 3.94 3.94 3.94 3.94 3.94 3.94 3.94 3.94 3.94 3.94 3.94 3.94 3.94 3.94
2032.00 4.31 4.31 4.31 4.31 4.31 4.31 4.31 4.31 4.31 4.31 4.31 4.31 4.31 4.31 4.31 4.31 4.31 4.31 4.31 4.31 4.31 4.31 4.31
2033.00 4.90 4.90 4.90 4.90 4.90 4.90 4.90 4.90 4.90 4.90 4.90 4.90 4.90 4.90 4.90 4.90 4.90 4.90 4.90 4.90 4.90 4.90 4.90
2034.00 5.31 5.31 5.31 5.31 5.31 5.31 5.31 5.31 5.31 5.31 5.31 5.31 5.31 5.31 5.31 5.31 5.31 5.31 5.31 5.31 5.31 5.31 5.31
2035.00 5.91 5.91 5.91 5.91 5.91 5.91 5.91 5.91 5.91 5.91 5.91 5.91 5.91 5.91 5.91 5.91 5.91 5.91 5.91 5.91 5.91 5.91 5.91
2036.00 5.94 5.94 5.94 5.94 5.94 5.94 5.94 5.94 5.94 5.94 5.94 5.94 5.94 5.94 5.94 5.94 5.94 5.94 5.94 5.94 5.94 5.94 5.94
2037.00 6.21 6.21 6.21 6.21 6.21 6.21 6.21 6.21 6.21 6.21 6.21 6.21 6.21 6.21 6.21 6.21 6.21 6.21 6.21 6.21 6.21 6.21 6.21
2038.00 6.19 6.19 6.19 6.19 6.19 6.19 6.19 6.19 6.19 6.19 6.19 6.19 6.19 6.19 6.19 6.19 6.19 6.19 6.19 6.19 6.19 6.19 6.19
2039.00 6.30 6.30 6.30 6.30 6.30 6.30 6.30 6.30 6.30 6.30 6.30 6.30 6.30 6.30 6.30 6.30 6.30 6.30 6.30 6.30 6.30 6.30 6.30
2040.00 6.07 6.07 6.07 6.07 6.07 6.07 6.07 6.07 6.07 6.07 6.07 6.07 6.07 6.07 6.07 6.07 6.07 6.07 6.07 6.07 6.07 6.07 6.07
2041.00 6.18 6.18 6.18 6.18 6.18 6.18 6.18 6.18 6.18 6.18 6.18 6.18 6.18 6.18 6.18 6.18 6.18 6.18 6.18 6.18 6.18 6.18 6.18
2042.00 6.00 6.00 6.00 6.00 6.00 6.00 6.00 6.00 6.00 6.00 6.00 6.00 6.00 6.00 6.00 6.00 6.00 6.00 6.00 6.00 6.00 6.00 6.00
2043.00 6.17 6.17 6.17 6.17 6.17 6.17 6.17 6.17 6.17 6.17 6.17 6.17 6.17 6.17 6.17 6.17 6.17 6.17 6.17 6.17 6.17 6.17 6.17
2044.00 6.02 6.02 6.02 6.02 6.02 6.02 6.02 6.02 6.02 6.02 6.02 6.02 6.02 6.02 6.02 6.02 6.02 6.02 6.02 6.02 6.02 6.02 6.02
2045.00 6.15 6.15 6.15 6.15 6.15 6.15 6.15 6.15 6.15 6.15 6.15 6.15 6.15 6.15 6.15 6.15 6.15 6.15 6.15 6.15 6.15 6.15 6.15
2046.00 6.02 6.02 6.02 6.02 6.02 6.02 6.02 6.02 6.02 6.02 6.02 6.02 6.02 6.02 6.02 6.02 6.02 6.02 6.02 6.02 6.02 6.02 6.02
2047.00 6.22 6.22 6.22 6.22 6.22 6.22 6.22 6.22 6.22 6.22 6.22 6.22 6.22 6.22 6.22 6.22 6.22 6.22 6.22 6.22 6.22 6.22 6.22
2048.00 6.02 6.02 6.02 6.02 6.02 6.02 6.02 6.02 6.02 6.02 6.02 6.02 6.02 6.02 6.02 6.02 6.02 6.02 6.02 6.02 6.02 6.02 6.02
2049.00 6.25 6.25 6.25 6.25 6.25 6.25 6.25 6.25 6.25 6.25 6.25 6.25 6.25 6.25 6.25 6.25 6.25 6.25 6.25 6.25 6.25 6.25 6.25
2050.00 6.13 6.13 6.13 6.13 6.13 6.13 6.13 6.13 6.13 6.13 6.13 6.13 6.13 6.13 6.13 6.13 6.13 6.13 6.13 6.13 6.13 6.13 6.13
2051.00 6.15 6.15 6.15 6.15 6.15 6.15 6.15 6.15 6.15 6.15 6.15 6.15 6.15 6.15 6.15 6.15 6.15 6.15 6.15 6.15 6.15 6.15 6.15
2052.00 5.94 5.94 5.94 5.94 5.94 5.94 5.94 5.94 5.94 5.94 5.94 5.94 5.94 5.94 5.94 5.94 5.94 5.94 5.94 5.94 5.94 5.94 5.94
2053.00 6.08 6.08 6.08 6.08 6.08 6.08 6.08 6.08 6.08 6.08 6.08 6.08 6.08 6.08 6.08 6.08 6.08 6.08 6.08 6.08 6.08 6.08 6.08
2054.00 5.93 5.93 5.93 5.93 5.93 5.93 5.93 5.93 5.93 5.93 5.93 5.93 5.93 5.93 5.93 5.93 5.93 5.93 5.93 5.93 5.93 5.93 5.93
2055.00 6.08 6.08 6.08 6.08 6.08 6.08 6.08 6.08 6.08 6.08 6.08 6.08 6.08 6.08 6.08 6.08 6.08 6.08 6.08 6.08 6.08 6.08 6.08
2056.00 6.09 6.09 6.09 6.09 6.09 6.09 6.09 6.09 6.09 6.09 6.09 6.09 6.09 6.09 6.09 6.09 6.09 6.09 6.09 6.09 6.09 6.09 6.09
2057.00 6.24 6.24 6.24 6.24 6.24 6.24 6.24 6.24 6.24 6.24 6.24 6.24 6.24 6.24 6.24 6.24 6.24 6.24 6.24 6.24 6.24 6.24 6.24
2058.00 6.18 6.18 6.18 6.18 6.18 6.18 6.18 6.18 6.18 6.18 6.18 6.18 6.18 6.18 6.18 6.18 6.18 6.18 6.18 6.18 6.18 6.18 6.18
2059.00 6.41 6.41 6.41 6.41 6.41 6.41 6.41 6.41 6.41 6.41 6.41 6.41 6.41 6.41 6.41 6.41 6.41 6.41 6.41 6.41 6.41 6.41 6.41
2060.00 6.32 6.32 6.32 6.32 6.32 6.32 6.32 6.32 6.32 6.32 6.32 6.32 6.32 6.32 6.32 6.32 6.32 6.32 6.32 6.32 6.32 6.32 6.32
2061.00 6.60 6.60 6.60 6.60 6.60 6.60 6.60 6.60 6.60 6.60 6.60 6.60 6.60 6.60 6.60 6.60 6.60 6.60 6.60 6.60 6.60 6.60 6.60
2062.00 6.37 6.37 6.37 6.37 6.37 6.37 6.37 6.37 6.37 6.37 6.37 6.37 6.37 6.37 6.37 6.37 6.37 6.37 6.37 6.37 6.37 6.37 6.37
2063.00 6.37 6.37 6.37 6.37 6.37 6.37 6.37 6.37 6.37 6.37 6.37 6.37 6.37 6.37 6.37 6.37 6.37 6.37 6.37 6.37 6.37 6.37 6.37
2064.00 6.18 6.18 6.18 6.18 6.18 6.18 6.18 6.18 6.18 6.18 6.18 6.18 6.18 6.18 6.18 6.18 6.18 6.18 6.18 6.18 6.18 6.18 6.18
2065.00 6.24 6.24 6.24 6.24 6.24 6.24 6.24 6.24 6.24 6.24 6.24 6.24 6.24 6.24 6.24 6.24 6.24 6.24 6.24 6.24 6.24 6.24 6.24
