# yearspad, alpred
# [0.6  0.62 0.64 0.66 0.68 0.7  0.72 0.74 0.76 0.78 0.8  0.82 0.84 0.86
#  0.88 0.9  0.92 0.94 0.96 0.98 1.   1.02 1.04]
1922.00 -16.45 -16.45 -16.45 -16.45 -16.45 -16.45 -16.45 -16.45 -16.45 -16.45 -16.45 -16.45 -16.45 -16.45 -16.45 -16.45 -16.45 -16.45 -16.45 -16.45 -16.45 -16.45 -16.45
1923.00 -17.88 -17.88 -17.88 -17.88 -17.88 -17.88 -17.88 -17.88 -17.88 -17.88 -17.88 -17.88 -17.88 -17.88 -17.88 -17.88 -17.88 -17.88 -17.88 -17.88 -17.88 -17.88 -17.88
1924.00 -20.03 -20.03 -20.03 -20.03 -20.03 -20.03 -20.03 -20.03 -20.03 -20.03 -20.03 -20.03 -20.03 -20.03 -20.03 -20.03 -20.03 -20.03 -20.03 -20.03 -20.03 -20.03 -20.03
1925.00 -21.21 -21.21 -21.21 -21.21 -21.21 -21.21 -21.21 -21.21 -21.21 -21.21 -21.21 -21.21 -21.21 -21.21 -21.21 -21.21 -21.21 -21.21 -21.21 -21.21 -21.21 -21.21 -21.21
1926.00 -22.01 -22.01 -22.01 -22.01 -22.01 -22.01 -22.01 -22.01 -22.01 -22.01 -22.01 -22.01 -22.01 -22.01 -22.01 -22.01 -22.01 -22.01 -22.01 -22.01 -22.01 -22.01 -22.01
1927.00 -22.24 -22.24 -22.24 -22.24 -22.24 -22.24 -22.24 -22.24 -22.24 -22.24 -22.24 -22.24 -22.24 -22.24 -22.24 -22.24 -22.24 -22.24 -22.24 -22.24 -22.24 -22.24 -22.24
1928.00 -22.09 -22.09 -22.09 -22.09 -22.09 -22.09 -22.09 -22.09 -22.09 -22.09 -22.09 -22.09 -22.09 -22.09 -22.09 -22.09 -22.09 -22.09 -22.09 -22.09 -22.09 -22.09 -22.09
1929.00 -21.27 -21.27 -21.27 -21.27 -21.27 -21.27 -21.27 -21.27 -21.27 -21.27 -21.27 -21.27 -21.27 -21.27 -21.27 -21.27 -21.27 -21.27 -21.27 -21.27 -21.27 -21.27 -21.27
1930.00 -21.02 -21.02 -21.02 -21.02 -21.02 -21.02 -21.02 -21.02 -21.02 -21.02 -21.02 -21.02 -21.02 -21.02 -21.02 -21.02 -21.02 -21.02 -21.02 -21.02 -21.02 -21.02 -21.02
1931.00 -20.29 -20.29 -20.29 -20.29 -20.29 -20.29 -20.29 -20.29 -20.29 -20.29 -20.29 -20.29 -20.29 -20.29 -20.29 -20.29 -20.29 -20.29 -20.29 -20.29 -20.29 -20.29 -20.29
1932.00 -18.80 -18.80 -18.80 -18.80 -18.80 -18.80 -18.80 -18.80 -18.80 -18.80 -18.80 -18.80 -18.80 -18.80 -18.80 -18.80 -18.80 -18.80 -18.80 -18.80 -18.80 -18.80 -18.80
1933.00 -17.64 -17.64 -17.64 -17.64 -17.64 -17.64 -17.64 -17.64 -17.64 -17.64 -17.64 -17.64 -17.64 -17.64 -17.64 -17.64 -17.64 -17.64 -17.64 -17.64 -17.64 -17.64 -17.64
1934.00 -17.04 -17.04 -17.04 -17.04 -17.04 -17.04 -17.04 -17.04 -17.04 -17.04 -17.04 -17.04 -17.04 -17.04 -17.04 -17.04 -17.04 -17.04 -17.04 -17.04 -17.04 -17.04 -17.04
1935.00 -15.24 -15.24 -15.24 -15.24 -15.24 -15.24 -15.24 -15.24 -15.24 -15.24 -15.24 -15.24 -15.24 -15.24 -15.24 -15.24 -15.24 -15.24 -15.24 -15.24 -15.24 -15.24 -15.24
1936.00 -13.42 -13.42 -13.42 -13.42 -13.42 -13.42 -13.42 -13.42 -13.42 -13.42 -13.42 -13.42 -13.42 -13.42 -13.42 -13.42 -13.42 -13.42 -13.42 -13.42 -13.42 -13.42 -13.42
1937.00 -11.32 -11.32 -11.32 -11.32 -11.32 -11.32 -11.32 -11.32 -11.32 -11.32 -11.32 -11.32 -11.32 -11.32 -11.32 -11.32 -11.32 -11.32 -11.32 -11.32 -11.32 -11.32 -11.32
1938.00 -9.13 -9.13 -9.13 -9.13 -9.13 -9.13 -9.13 -9.13 -9.13 -9.13 -9.13 -9.13 -9.13 -9.13 -9.13 -9.13 -9.13 -9.13 -9.13 -9.13 -9.13 -9.13 -9.13
1939.00 -5.89 -5.89 -5.89 -5.89 -5.89 -5.89 -5.89 -5.89 -5.89 -5.89 -5.89 -5.89 -5.89 -5.89 -5.89 -5.89 -5.89 -5.89 -5.89 -5.89 -5.89 -5.89 -5.89
1940.00 -3.56 -3.56 -3.56 -3.56 -3.56 -3.56 -3.56 -3.56 -3.56 -3.56 -3.56 -3.56 -3.56 -3.56 -3.56 -3.56 -3.56 -3.56 -3.56 -3.56 -3.56 -3.56 -3.56
1941.00 -2.47 -2.47 -2.47 -2.47 -2.47 -2.47 -2.47 -2.47 -2.47 -2.47 -2.47 -2.47 -2.47 -2.47 -2.47 -2.47 -2.47 -2.47 -2.47 -2.47 -2.47 -2.47 -2.47
1942.00 -1.65 -1.65 -1.65 -1.65 -1.65 -1.65 -1.65 -1.65 -1.65 -1.65 -1.65 -1.65 -1.65 -1.65 -1.65 -1.65 -1.65 -1.65 -1.65 -1.65 -1.65 -1.65 -1.65
1943.00 0.43 0.43 0.43 0.43 0.43 0.43 0.43 0.43 0.43 0.43 0.43 0.43 0.43 0.43 0.43 0.43 0.43 0.43 0.43 0.43 0.43 0.43 0.43
1944.00 1.63 1.63 1.63 1.63 1.63 1.63 1.63 1.63 1.63 1.63 1.63 1.63 1.63 1.63 1.63 1.63 1.63 1.63 1.63 1.63 1.63 1.63 1.63
1945.00 3.58 3.58 3.58 3.58 3.58 3.58 3.58 3.58 3.58 3.58 3.58 3.58 3.58 3.58 3.58 3.58 3.58 3.58 3.58 3.58 3.58 3.58 3.58
1946.00 5.56 5.56 5.56 5.56 5.56 5.56 5.56 5.56 5.56 5.56 5.56 5.56 5.56 5.56 5.56 5.56 5.56 5.56 5.56 5.56 5.56 5.56 5.56
1947.00 6.75 6.75 6.75 6.75 6.75 6.75 6.75 6.75 6.75 6.75 6.75 6.75 6.75 6.75 6.75 6.75 6.75 6.75 6.75 6.75 6.75 6.75 6.75
1948.00 6.73 6.73 6.73 6.73 6.73 6.73 6.73 6.73 6.73 6.73 6.73 6.73 6.73 6.73 6.73 6.73 6.73 6.73 6.73 6.73 6.73 6.73 6.73
1949.00 7.86 7.86 7.86 7.86 7.86 7.86 7.86 7.86 7.86 7.86 7.86 7.86 7.86 7.86 7.86 7.86 7.86 7.86 7.86 7.86 7.86 7.86 7.86
1950.00 9.19 9.19 9.19 9.19 9.19 9.19 9.19 9.19 9.19 9.19 9.19 9.19 9.19 9.19 9.19 9.19 9.19 9.19 9.19 9.19 9.19 9.19 9.19
1951.00 9.73 9.73 9.73 9.73 9.73 9.73 9.73 9.73 9.73 9.73 9.73 9.73 9.73 9.73 9.73 9.73 9.73 9.73 9.73 9.73 9.73 9.73 9.73
1952.00 10.28 10.28 10.28 10.28 10.28 10.28 10.28 10.28 10.28 10.28 10.28 10.28 10.28 10.28 10.28 10.28 10.28 10.28 10.28 10.28 10.28 10.28 10.28
1953.00 12.86 12.86 12.86 12.86 12.86 12.86 12.86 12.86 12.86 12.86 12.86 12.86 12.86 12.86 12.86 12.86 12.86 12.86 12.86 12.86 12.86 12.86 12.86
1954.00 16.06 16.06 16.06 16.06 16.06 16.06 16.06 16.06 16.06 16.06 16.06 16.06 16.06 16.06 16.06 16.06 16.06 16.06 16.06 16.06 16.06 16.06 16.06
1955.00 19.21 19.21 19.21 19.21 19.21 19.21 19.21 19.21 19.21 19.21 19.21 19.21 19.21 19.21 19.21 19.21 19.21 19.21 19.21 19.21 19.21 19.21 19.21
1956.00 22.21 22.21 22.21 22.21 22.21 22.21 22.21 22.21 22.21 22.21 22.21 22.21 22.21 22.21 22.21 22.21 22.21 22.21 22.21 22.21 22.21 22.21 22.21
1957.00 24.16 24.16 24.16 24.16 24.16 24.16 24.16 24.16 24.16 24.16 24.16 24.16 24.16 24.16 24.16 24.16 24.16 24.16 24.16 24.16 24.16 24.16 24.16
1958.00 25.48 25.48 25.48 25.48 25.48 25.48 25.48 25.48 25.48 25.48 25.48 25.48 25.48 25.48 25.48 25.48 25.48 25.48 25.48 25.48 25.48 25.48 25.48
1959.00 27.28 27.28 27.28 27.28 27.28 27.28 27.28 27.28 27.28 27.28 27.28 27.28 27.28 27.28 27.28 27.28 27.28 27.28 27.28 27.28 27.28 27.28 27.28
1960.00 29.44 29.44 29.44 29.44 29.44 29.44 29.44 29.44 29.44 29.44 29.44 29.44 29.44 29.44 29.44 29.44 29.44 29.44 29.44 29.44 29.44 29.44 29.44
1961.00 31.02 31.02 31.02 31.02 31.02 31.02 31.02 31.02 31.02 31.02 31.02 31.02 31.02 31.02 31.02 31.02 31.02 31.02 31.02 31.02 31.02 31.02 31.02
1962.00 32.87 32.87 32.87 32.87 32.87 32.87 32.87 32.87 32.87 32.87 32.87 32.87 32.87 32.87 32.87 32.87 32.87 32.87 32.87 32.87 32.87 32.87 32.87
1963.00 34.32 34.32 34.32 34.32 34.32 34.32 34.32 34.32 34.32 34.32 34.32 34.32 34.32 34.32 34.32 34.32 34.32 34.32 34.32 34.32 34.32 34.32 34.32
1964.00 35.49 35.49 35.49 35.49 35.49 35.49 35.49 35.49 35.49 35.49 35.49 35.49 35.49 35.49 35.49 35.49 35.49 35.49 35.49 35.49 35.49 35.49 35.49
1965.00 37.50 37.50 37.50 37.50 37.50 37.50 37.50 37.50 37.50 37.50 37.50 37.50 37.50 37.50 37.50 37.50 37.50 37.50 37.50 37.50 37.50 37.50 37.50
1966.00 39.74 39.74 39.74 39.74 39.74 39.74 39.74 39.74 39.74 39.74 39.74 39.74 39.74 39.74 39.74 39.74 39.74 39.74 39.74 39.74 39.74 39.74 39.74
1967.00 41.35 41.35 41.35 41.35 41.35 41.35 41.35 41.35 41.35 41.35 41.35 41.35 41.35 41.35 41.35 41.35 41.35 41.35 41.35 41.35 41.35 41.35 41.35
1968.00 43.89 43.89 43.89 43.89 43.89 43.89 43.89 43.89 43.89 43.89 43.89 43.89 43.89 43.89 43.89 43.89 43.89 43.89 43.89 43.89 43.89 43.89 43.89
1969.00 47.68 47.68 47.68 47.68 47.68 47.68 47.68 47.68 47.68 47.68 47.68 47.68 47.68 47.68 47.68 47.68 47.68 47.68 47.68 47.68 47.68 47.68 47.68
1970.00 172.53 172.53 172.53 172.53 172.53 172.53 172.53 172.53 172.53 172.53 172.53 172.53 172.53 172.53 172.53 172.53 172.53 172.53 172.53 172.53 172.53 172.53 172.53
1971.00 187.75 187.75 187.75 187.75 187.75 187.75 187.75 187.75 187.75 187.75 187.75 187.75 187.75 187.75 187.75 187.75 187.75 187.75 187.75 187.75 187.75 187.75 187.75
1972.00 213.94 213.94 213.94 213.94 213.94 213.94 213.94 213.94 213.94 213.94 213.94 213.94 213.94 213.94 213.94 213.94 213.94 213.94 213.94 213.94 213.94 213.94 213.94
1973.00 226.30 226.30 226.30 226.30 226.30 226.30 226.30 226.30 226.30 226.30 226.30 226.30 226.30 226.30 226.30 226.30 226.30 226.30 226.30 226.30 226.30 226.30 226.30
1974.00 227.31 227.31 227.31 227.31 227.31 227.31 227.31 227.31 227.31 227.31 227.31 227.31 227.31 227.31 227.31 227.31 227.31 227.31 227.31 227.31 227.31 227.31 227.31
1975.00 226.07 226.07 226.07 226.07 226.07 226.07 226.07 226.07 226.07 226.07 226.07 226.07 226.07 226.07 226.07 226.07 226.07 226.07 226.07 226.07 226.07 226.07 226.07
1976.00 230.02 230.02 230.02 230.02 230.02 230.02 230.02 230.02 230.02 230.02 230.02 230.02 230.02 230.02 230.02 230.02 230.02 230.02 230.02 230.02 230.02 230.02 230.02
1977.00 217.01 217.01 217.01 217.01 217.01 217.01 217.01 217.01 217.01 217.01 217.01 217.01 217.01 217.01 217.01 217.01 217.01 217.01 217.01 217.01 217.01 217.01 217.01
1978.00 205.59 205.59 205.59 205.59 205.59 205.59 205.59 205.59 205.59 205.59 205.59 205.59 205.59 205.59 205.59 205.59 205.59 205.59 205.59 205.59 205.59 205.59 205.59
1979.00 197.24 197.24 197.24 197.24 197.24 197.24 197.24 197.24 197.24 197.24 197.24 197.24 197.24 197.24 197.24 197.24 197.24 197.24 197.24 197.24 197.24 197.24 197.24
1980.00 187.82 187.82 187.82 187.82 187.82 187.82 187.82 187.82 187.82 187.82 187.82 187.82 187.82 187.82 187.82 187.82 187.82 187.82 187.82 187.82 187.82 187.82 187.82
1981.00 179.43 179.43 179.43 179.43 179.43 179.43 179.43 179.43 179.43 179.43 179.43 179.43 179.43 179.43 179.43 179.43 179.43 179.43 179.43 179.43 179.43 179.43 179.43
1982.00 178.92 178.92 178.92 178.92 178.92 178.92 178.92 178.92 178.92 178.92 178.92 178.92 178.92 178.92 178.92 178.92 178.92 178.92 178.92 178.92 178.92 178.92 178.92
1983.00 169.70 169.70 169.70 169.70 169.70 169.70 169.70 169.70 169.70 169.70 169.70 169.70 169.70 169.70 169.70 169.70 169.70 169.70 169.70 169.70 169.70 169.70 169.70
1984.00 160.62 160.62 160.62 160.62 160.62 160.62 160.62 160.62 160.62 160.62 160.62 160.62 160.62 160.62 160.62 160.62 160.62 160.62 160.62 160.62 160.62 160.62 160.62
1985.00 156.35 156.35 156.35 156.35 156.35 156.35 156.35 156.35 156.35 156.35 156.35 156.35 156.35 156.35 156.35 156.35 156.35 156.35 156.35 156.35 156.35 156.35 156.35
1986.00 154.38 154.38 154.38 154.38 154.38 154.38 154.38 154.38 154.38 154.38 154.38 154.38 154.38 154.38 154.38 154.38 154.38 154.38 154.38 154.38 154.38 154.38 154.38
1987.00 150.48 150.48 150.48 150.48 150.48 150.48 150.48 150.48 150.48 150.48 150.48 150.48 150.48 150.48 150.48 150.48 150.48 150.48 150.48 150.48 150.48 150.48 150.48
1988.00 101.37 103.56 105.76 107.95 110.15 112.35 114.54 116.74 118.94 121.13 123.33 125.52 127.72 129.92 132.11 134.31 136.50 138.70 140.90 143.09 145.29 147.49 149.68
1989.00 98.67 100.79 102.91 105.03 107.15 109.27 111.39 113.51 115.63 117.75 119.87 121.99 124.10 126.22 128.34 130.46 132.58 134.70 136.82 138.94 141.06 143.18 145.30
1990.00 95.00 97.04 99.07 101.10 103.14 105.17 107.21 109.24 111.28 113.31 115.35 117.38 119.42 121.45 123.48 125.52 127.55 129.59 131.62 133.66 135.69 137.73 139.76
1991.00 91.37 93.36 95.35 97.34 99.33 101.32 103.31 105.30 107.29 109.28 111.27 113.26 115.25 117.23 119.22 121.21 123.20 125.19 127.18 129.17 131.16 133.15 135.14
1992.00 88.48 90.45 92.42 94.39 96.35 98.32 100.29 102.25 104.22 106.19 108.15 110.12 112.09 114.05 116.02 117.99 119.95 121.92 123.89 125.85 127.82 129.79 131.75
1993.00 84.85 86.79 88.73 90.66 92.60 94.54 96.47 98.41 100.35 102.28 104.22 106.15 108.09 110.03 111.96 113.90 115.84 117.77 119.71 121.65 123.58 125.52 127.46
1994.00 81.40 83.31 85.22 87.14 89.05 90.97 92.88 94.79 96.71 98.62 100.53 102.45 104.36 106.28 108.19 110.10 112.02 113.93 115.85 117.76 119.67 121.59 123.50
1995.00 78.40 80.30 82.21 84.12 86.02 87.93 89.84 91.75 93.65 95.56 97.47 99.38 101.28 103.19 105.10 107.00 108.91 110.82 112.73 114.63 116.54 118.45 120.36
1996.00 73.78 75.64 77.51 79.37 81.24 83.10 84.96 86.83 88.69 90.56 92.42 94.29 96.15 98.01 99.88 101.74 103.61 105.47 107.33 109.20 111.06 112.93 114.79
1997.00 71.09 72.94 74.80 76.65 78.51 80.37 82.22 84.08 85.93 87.79 89.65 91.50 93.36 95.22 97.07 98.93 100.78 102.64 104.50 106.35 108.21 110.07 111.92
1998.00 69.85 71.68 73.50 75.33 77.16 78.99 80.81 82.64 84.47 86.30 88.13 89.95 91.78 93.61 95.44 97.26 99.09 100.92 102.75 104.58 106.40 108.23 110.06
1999.00 67.43 69.20 70.97 72.74 74.51 76.28 78.05 79.81 81.58 83.35 85.12 86.89 88.66 90.43 92.20 93.97 95.73 97.50 99.27 101.04 102.81 104.58 106.35
2000.00 63.16 64.83 66.50 68.16 69.83 71.49 73.16 74.83 76.49 78.16 79.82 81.49 83.15 84.82 86.49 88.15 89.82 91.48 93.15 94.82 96.48 98.15 99.81
2001.00 60.25 61.86 63.47 65.08 66.69 68.31 69.92 71.53 73.14 74.75 76.36 77.97 79.58 81.19 82.81 84.42 86.03 87.64 89.25 90.86 92.47 94.08 95.69
2002.00 57.48 59.05 60.63 62.20 63.78 65.36 66.93 68.51 70.09 71.66 73.24 74.81 76.39 77.97 79.54 81.12 82.70 84.27 85.85 87.42 89.00 90.58 92.15
2003.00 54.58 56.13 57.68 59.22 60.77 62.32 63.87 65.42 66.97 68.52 70.06 71.61 73.16 74.71 76.26 77.81 79.35 80.90 82.45 84.00 85.55 87.10 88.65
2004.00 50.64 52.09 53.53 54.98 56.42 57.87 59.32 60.76 62.21 63.65 65.10 66.55 67.99 69.44 70.89 72.33 73.78 75.22 76.67 78.12 79.56 81.01 82.45
2005.00 49.59 51.01 52.43 53.85 55.27 56.70 58.12 59.54 60.96 62.38 63.80 65.22 66.64 68.06 69.48 70.90 72.32 73.74 75.16 76.58 78.00 79.42 80.84
2006.00 46.80 48.19 49.57 50.95 52.34 53.72 55.11 56.49 57.87 59.26 60.64 62.03 63.41 64.79 66.18 67.56 68.95 70.33 71.71 73.10 74.48 75.87 77.25
2007.00 43.59 44.93 46.28 47.63 48.97 50.32 51.67 53.01 54.36 55.70 57.05 58.40 59.74 61.09 62.44 63.78 65.13 66.48 67.82 69.17 70.52 71.86 73.21
2008.00 39.39 40.64 41.90 43.15 44.41 45.67 46.92 48.18 49.43 50.69 51.94 53.20 54.45 55.71 56.96 58.22 59.47 60.73 61.99 63.24 64.50 65.75 67.01
2009.00 35.73 36.93 38.12 39.31 40.51 41.70 42.89 44.09 45.28 46.48 47.67 48.86 50.06 51.25 52.44 53.64 54.83 56.02 57.22 58.41 59.61 60.80 61.99
2010.00 29.30 30.38 31.46 32.54 33.63 34.71 35.79 36.87 37.96 39.04 40.12 41.20 42.29 43.37 44.45 45.53 46.62 47.70 48.78 49.86 50.94 52.03 53.11
2011.00 25.82 26.87 27.92 28.97 30.01 31.06 32.11 33.16 34.20 35.25 36.30 37.34 38.39 39.44 40.49 41.53 42.58 43.63 44.68 45.72 46.77 47.82 48.87
2012.00 22.58 23.59 24.60 25.62 26.63 27.64 28.65 29.67 30.68 31.69 32.70 33.71 34.73 35.74 36.75 37.76 38.78 39.79 40.80 41.81 42.83 43.84 44.85
2013.00 19.15 20.13 21.10 22.08 23.05 24.03 25.00 25.98 26.95 27.93 28.90 29.88 30.85 31.83 32.80 33.78 34.75 35.73 36.71 37.68 38.66 39.63 40.61
2014.00 15.25 16.18 17.11 18.04 18.97 19.90 20.83 21.76 22.69 23.62 24.55 25.48 26.41 27.34 28.27 29.20 30.13 31.06 31.99 32.92 33.85 34.78 35.71
2015.00 14.09 15.01 15.94 16.86 17.79 18.71 19.63 20.56 21.48 22.40 23.33 24.25 25.18 26.10 27.02 27.95 28.87 29.80 30.72 31.64 32.57 33.49 34.41
2016.00 11.98 12.88 13.78 14.68 15.58 16.47 17.37 18.27 19.17 20.07 20.97 21.87 22.77 23.66 24.56 25.46 26.36 27.26 28.16 29.06 29.96 30.85 31.75
2017.00 9.83 10.70 11.56 12.43 13.30 14.17 15.03 15.90 16.77 17.64 18.50 19.37 20.24 21.11 21.97 22.84 23.71 24.58 25.44 26.31 27.18 28.05 28.91
2018.00 -17.60 -17.60 -17.60 -17.60 -17.60 -17.60 -17.60 -17.60 -17.60 -17.60 -17.60 -17.60 -17.60 -17.60 -17.60 -17.60 -17.60 -17.60 -17.60 -17.60 -17.60 -17.60 -17.60
2019.00 -18.65 -18.65 -18.65 -18.65 -18.65 -18.65 -18.65 -18.65 -18.65 -18.65 -18.65 -18.65 -18.65 -18.65 -18.65 -18.65 -18.65 -18.65 -18.65 -18.65 -18.65 -18.65 -18.65
2020.00 -20.24 -20.24 -20.24 -20.24 -20.24 -20.24 -20.24 -20.24 -20.24 -20.24 -20.24 -20.24 -20.24 -20.24 -20.24 -20.24 -20.24 -20.24 -20.24 -20.24 -20.24 -20.24 -20.24
2021.00 -20.99 -20.99 -20.99 -20.99 -20.99 -20.99 -20.99 -20.99 -20.99 -20.99 -20.99 -20.99 -20.99 -20.99 -20.99 -20.99 -20.99 -20.99 -20.99 -20.99 -20.99 -20.99 -20.99
2022.00 -20.89 -20.89 -20.89 -20.89 -20.89 -20.89 -20.89 -20.89 -20.89 -20.89 -20.89 -20.89 -20.89 -20.89 -20.89 -20.89 -20.89 -20.89 -20.89 -20.89 -20.89 -20.89 -20.89
2023.00 -20.01 -20.01 -20.01 -20.01 -20.01 -20.01 -20.01 -20.01 -20.01 -20.01 -20.01 -20.01 -20.01 -20.01 -20.01 -20.01 -20.01 -20.01 -20.01 -20.01 -20.01 -20.01 -20.01
2024.00 -19.91 -19.91 -19.91 -19.91 -19.91 -19.91 -19.91 -19.91 -19.91 -19.91 -19.91 -19.91 -19.91 -19.91 -19.91 -19.91 -19.91 -19.91 -19.91 -19.91 -19.91 -19.91 -19.91
2025.00 -18.74 -18.74 -18.74 -18.74 -18.74 -18.74 -18.74 -18.74 -18.74 -18.74 -18.74 -18.74 -18.74 -18.74 -18.74 -18.74 -18.74 -18.74 -18.74 -18.74 -18.74 -18.74 -18.74
2026.00 -17.10 -17.10 -17.10 -17.10 -17.10 -17.10 -17.10 -17.10 -17.10 -17.10 -17.10 -17.10 -17.10 -17.10 -17.10 -17.10 -17.10 -17.10 -17.10 -17.10 -17.10 -17.10 -17.10
2027.00 -16.17 -16.17 -16.17 -16.17 -16.17 -16.17 -16.17 -16.17 -16.17 -16.17 -16.17 -16.17 -16.17 -16.17 -16.17 -16.17 -16.17 -16.17 -16.17 -16.17 -16.17 -16.17 -16.17
2028.00 -15.64 -15.64 -15.64 -15.64 -15.64 -15.64 -15.64 -15.64 -15.64 -15.64 -15.64 -15.64 -15.64 -15.64 -15.64 -15.64 -15.64 -15.64 -15.64 -15.64 -15.64 -15.64 -15.64
2029.00 -14.88 -14.88 -14.88 -14.88 -14.88 -14.88 -14.88 -14.88 -14.88 -14.88 -14.88 -14.88 -14.88 -14.88 -14.88 -14.88 -14.88 -14.88 -14.88 -14.88 -14.88 -14.88 -14.88
2030.00 -14.90 -14.90 -14.90 -14.90 -14.90 -14.90 -14.90 -14.90 -14.90 -14.90 -14.90 -14.90 -14.90 -14.90 -14.90 -14.90 -14.90 -14.90 -14.90 -14.90 -14.90 -14.90 -14.90
2031.00 -14.87 -14.87 -14.87 -14.87 -14.87 -14.87 -14.87 -14.87 -14.87 -14.87 -14.87 -14.87 -14.87 -14.87 -14.87 -14.87 -14.87 -14.87 -14.87 -14.87 -14.87 -14.87 -14.87
2032.00 -14.95 -14.95 -14.95 -14.95 -14.95 -14.95 -14.95 -14.95 -14.95 -14.95 -14.95 -14.95 -14.95 -14.95 -14.95 -14.95 -14.95 -14.95 -14.95 -14.95 -14.95 -14.95 -14.95
2033.00 -14.78 -14.78 -14.78 -14.78 -14.78 -14.78 -14.78 -14.78 -14.78 -14.78 -14.78 -14.78 -14.78 -14.78 -14.78 -14.78 -14.78 -14.78 -14.78 -14.78 -14.78 -14.78 -14.78
2034.00 -15.32 -15.32 -15.32 -15.32 -15.32 -15.32 -15.32 -15.32 -15.32 -15.32 -15.32 -15.32 -15.32 -15.32 -15.32 -15.32 -15.32 -15.32 -15.32 -15.32 -15.32 -15.32 -15.32
2035.00 -15.64 -15.64 -15.64 -15.64 -15.64 -15.64 -15.64 -15.64 -15.64 -15.64 -15.64 -15.64 -15.64 -15.64 -15.64 -15.64 -15.64 -15.64 -15.64 -15.64 -15.64 -15.64 -15.64
2036.00 -15.54 -15.54 -15.54 -15.54 -15.54 -15.54 -15.54 -15.54 -15.54 -15.54 -15.54 -15.54 -15.54 -15.54 -15.54 -15.54 -15.54 -15.54 -15.54 -15.54 -15.54 -15.54 -15.54
2037.00 -15.23 -15.23 -15.23 -15.23 -15.23 -15.23 -15.23 -15.23 -15.23 -15.23 -15.23 -15.23 -15.23 -15.23 -15.23 -15.23 -15.23 -15.23 -15.23 -15.23 -15.23 -15.23 -15.23
2038.00 -15.33 -15.33 -15.33 -15.33 -15.33 -15.33 -15.33 -15.33 -15.33 -15.33 -15.33 -15.33 -15.33 -15.33 -15.33 -15.33 -15.33 -15.33 -15.33 -15.33 -15.33 -15.33 -15.33
2039.00 -15.13 -15.13 -15.13 -15.13 -15.13 -15.13 -15.13 -15.13 -15.13 -15.13 -15.13 -15.13 -15.13 -15.13 -15.13 -15.13 -15.13 -15.13 -15.13 -15.13 -15.13 -15.13 -15.13
2040.00 -15.23 -15.23 -15.23 -15.23 -15.23 -15.23 -15.23 -15.23 -15.23 -15.23 -15.23 -15.23 -15.23 -15.23 -15.23 -15.23 -15.23 -15.23 -15.23 -15.23 -15.23 -15.23 -15.23
2041.00 -15.30 -15.30 -15.30 -15.30 -15.30 -15.30 -15.30 -15.30 -15.30 -15.30 -15.30 -15.30 -15.30 -15.30 -15.30 -15.30 -15.30 -15.30 -15.30 -15.30 -15.30 -15.30 -15.30
2042.00 -15.87 -15.87 -15.87 -15.87 -15.87 -15.87 -15.87 -15.87 -15.87 -15.87 -15.87 -15.87 -15.87 -15.87 -15.87 -15.87 -15.87 -15.87 -15.87 -15.87 -15.87 -15.87 -15.87
2043.00 -16.30 -16.30 -16.30 -16.30 -16.30 -16.30 -16.30 -16.30 -16.30 -16.30 -16.30 -16.30 -16.30 -16.30 -16.30 -16.30 -16.30 -16.30 -16.30 -16.30 -16.30 -16.30 -16.30
2044.00 -16.76 -16.76 -16.76 -16.76 -16.76 -16.76 -16.76 -16.76 -16.76 -16.76 -16.76 -16.76 -16.76 -16.76 -16.76 -16.76 -16.76 -16.76 -16.76 -16.76 -16.76 -16.76 -16.76
2045.00 -17.11 -17.11 -17.11 -17.11 -17.11 -17.11 -17.11 -17.11 -17.11 -17.11 -17.11 -17.11 -17.11 -17.11 -17.11 -17.11 -17.11 -17.11 -17.11 -17.11 -17.11 -17.11 -17.11
2046.00 -17.67 -17.67 -17.67 -17.67 -17.67 -17.67 -17.67 -17.67 -17.67 -17.67 -17.67 -17.67 -17.67 -17.67 -17.67 -17.67 -17.67 -17.67 -17.67 -17.67 -17.67 -17.67 -17.67
2047.00 -17.48 -17.48 -17.48 -17.48 -17.48 -17.48 -17.48 -17.48 -17.48 -17.48 -17.48 -17.48 -17.48 -17.48 -17.48 -17.48 -17.48 -17.48 -17.48 -17.48 -17.48 -17.48 -17.48
2048.00 -17.20 -17.20 -17.20 -17.20 -17.20 -17.20 -17.20 -17.20 -17.20 -17.20 -17.20 -17.20 -17.20 -17.20 -17.20 -17.20 -17.20 -17.20 -17.20 -17.20 -17.20 -17.20 -17.20
2049.00 -16.87 -16.87 -16.87 -16.87 -16.87 -16.87 -16.87 -16.87 -16.87 -16.87 -16.87 -16.87 -16.87 -16.87 -16.87 -16.87 -16.87 -16.87 -16.87 -16.87 -16.87 -16.87 -16.87
2050.00 -16.49 -16.49 -16.49 -16.49 -16.49 -16.49 -16.49 -16.49 -16.49 -16.49 -16.49 -16.49 -16.49 -16.49 -16.49 -16.49 -16.49 -16.49 -16.49 -16.49 -16.49 -16.49 -16.49
2051.00 -15.68 -15.68 -15.68 -15.68 -15.68 -15.68 -15.68 -15.68 -15.68 -15.68 -15.68 -15.68 -15.68 -15.68 -15.68 -15.68 -15.68 -15.68 -15.68 -15.68 -15.68 -15.68 -15.68
2052.00 -15.48 -15.48 -15.48 -15.48 -15.48 -15.48 -15.48 -15.48 -15.48 -15.48 -15.48 -15.48 -15.48 -15.48 -15.48 -15.48 -15.48 -15.48 -15.48 -15.48 -15.48 -15.48 -15.48
2053.00 -15.38 -15.38 -15.38 -15.38 -15.38 -15.38 -15.38 -15.38 -15.38 -15.38 -15.38 -15.38 -15.38 -15.38 -15.38 -15.38 -15.38 -15.38 -15.38 -15.38 -15.38 -15.38 -15.38
2054.00 -15.36 -15.36 -15.36 -15.36 -15.36 -15.36 -15.36 -15.36 -15.36 -15.36 -15.36 -15.36 -15.36 -15.36 -15.36 -15.36 -15.36 -15.36 -15.36 -15.36 -15.36 -15.36 -15.36
2055.00 -15.16 -15.16 -15.16 -15.16 -15.16 -15.16 -15.16 -15.16 -15.16 -15.16 -15.16 -15.16 -15.16 -15.16 -15.16 -15.16 -15.16 -15.16 -15.16 -15.16 -15.16 -15.16 -15.16
2056.00 -15.34 -15.34 -15.34 -15.34 -15.34 -15.34 -15.34 -15.34 -15.34 -15.34 -15.34 -15.34 -15.34 -15.34 -15.34 -15.34 -15.34 -15.34 -15.34 -15.34 -15.34 -15.34 -15.34
2057.00 -15.46 -15.46 -15.46 -15.46 -15.46 -15.46 -15.46 -15.46 -15.46 -15.46 -15.46 -15.46 -15.46 -15.46 -15.46 -15.46 -15.46 -15.46 -15.46 -15.46 -15.46 -15.46 -15.46
2058.00 -15.70 -15.70 -15.70 -15.70 -15.70 -15.70 -15.70 -15.70 -15.70 -15.70 -15.70 -15.70 -15.70 -15.70 -15.70 -15.70 -15.70 -15.70 -15.70 -15.70 -15.70 -15.70 -15.70
2059.00 -15.56 -15.56 -15.56 -15.56 -15.56 -15.56 -15.56 -15.56 -15.56 -15.56 -15.56 -15.56 -15.56 -15.56 -15.56 -15.56 -15.56 -15.56 -15.56 -15.56 -15.56 -15.56 -15.56
2060.00 -15.67 -15.67 -15.67 -15.67 -15.67 -15.67 -15.67 -15.67 -15.67 -15.67 -15.67 -15.67 -15.67 -15.67 -15.67 -15.67 -15.67 -15.67 -15.67 -15.67 -15.67 -15.67 -15.67
2061.00 -15.51 -15.51 -15.51 -15.51 -15.51 -15.51 -15.51 -15.51 -15.51 -15.51 -15.51 -15.51 -15.51 -15.51 -15.51 -15.51 -15.51 -15.51 -15.51 -15.51 -15.51 -15.51 -15.51
2062.00 -15.36 -15.36 -15.36 -15.36 -15.36 -15.36 -15.36 -15.36 -15.36 -15.36 -15.36 -15.36 -15.36 -15.36 -15.36 -15.36 -15.36 -15.36 -15.36 -15.36 -15.36 -15.36 -15.36
2063.00 -15.22 -15.22 -15.22 -15.22 -15.22 -15.22 -15.22 -15.22 -15.22 -15.22 -15.22 -15.22 -15.22 -15.22 -15.22 -15.22 -15.22 -15.22 -15.22 -15.22 -15.22 -15.22 -15.22
2064.00 -15.80 -15.80 -15.80 -15.80 -15.80 -15.80 -15.80 -15.80 -15.80 -15.80 -15.80 -15.80 -15.80 -15.80 -15.80 -15.80 -15.80 -15.80 -15.80 -15.80 -15.80 -15.80 -15.80
2065.00 -15.98 -15.98 -15.98 -15.98 -15.98 -15.98 -15.98 -15.98 -15.98 -15.98 -15.98 -15.98 -15.98 -15.98 -15.98 -15.98 -15.98 -15.98 -15.98 -15.98 -15.98 -15.98 -15.98
