# yearspad, alpred
# [0.6  0.62 0.64 0.66 0.68 0.7  0.72 0.74 0.76 0.78 0.8  0.82 0.84 0.86
#  0.88 0.9  0.92 0.94 0.96 0.98 1.   1.02 1.04]
1922.00 9.06 9.06 9.06 9.06 9.06 9.06 9.06 9.06 9.06 9.06 9.06 9.06 9.06 9.06 9.06 9.06 9.06 9.06 9.06 9.06 9.06 9.06 9.06
1923.00 8.71 8.71 8.71 8.71 8.71 8.71 8.71 8.71 8.71 8.71 8.71 8.71 8.71 8.71 8.71 8.71 8.71 8.71 8.71 8.71 8.71 8.71 8.71
1924.00 8.27 8.27 8.27 8.27 8.27 8.27 8.27 8.27 8.27 8.27 8.27 8.27 8.27 8.27 8.27 8.27 8.27 8.27 8.27 8.27 8.27 8.27 8.27
1925.00 7.84 7.84 7.84 7.84 7.84 7.84 7.84 7.84 7.84 7.84 7.84 7.84 7.84 7.84 7.84 7.84 7.84 7.84 7.84 7.84 7.84 7.84 7.84
1926.00 7.42 7.42 7.42 7.42 7.42 7.42 7.42 7.42 7.42 7.42 7.42 7.42 7.42 7.42 7.42 7.42 7.42 7.42 7.42 7.42 7.42 7.42 7.42
1927.00 6.52 6.52 6.52 6.52 6.52 6.52 6.52 6.52 6.52 6.52 6.52 6.52 6.52 6.52 6.52 6.52 6.52 6.52 6.52 6.52 6.52 6.52 6.52
1928.00 5.74 5.74 5.74 5.74 5.74 5.74 5.74 5.74 5.74 5.74 5.74 5.74 5.74 5.74 5.74 5.74 5.74 5.74 5.74 5.74 5.74 5.74 5.74
1929.00 5.29 5.29 5.29 5.29 5.29 5.29 5.29 5.29 5.29 5.29 5.29 5.29 5.29 5.29 5.29 5.29 5.29 5.29 5.29 5.29 5.29 5.29 5.29
1930.00 4.32 4.32 4.32 4.32 4.32 4.32 4.32 4.32 4.32 4.32 4.32 4.32 4.32 4.32 4.32 4.32 4.32 4.32 4.32 4.32 4.32 4.32 4.32
1931.00 3.65 3.65 3.65 3.65 3.65 3.65 3.65 3.65 3.65 3.65 3.65 3.65 3.65 3.65 3.65 3.65 3.65 3.65 3.65 3.65 3.65 3.65 3.65
1932.00 2.83 2.83 2.83 2.83 2.83 2.83 2.83 2.83 2.83 2.83 2.83 2.83 2.83 2.83 2.83 2.83 2.83 2.83 2.83 2.83 2.83 2.83 2.83
1933.00 1.62 1.62 1.62 1.62 1.62 1.62 1.62 1.62 1.62 1.62 1.62 1.62 1.62 1.62 1.62 1.62 1.62 1.62 1.62 1.62 1.62 1.62 1.62
1934.00 0.66 0.66 0.66 0.66 0.66 0.66 0.66 0.66 0.66 0.66 0.66 0.66 0.66 0.66 0.66 0.66 0.66 0.66 0.66 0.66 0.66 0.66 0.66
1935.00 0.02 0.02 0.02 0.02 0.02 0.02 0.02 0.02 0.02 0.02 0.02 0.02 0.02 0.02 0.02 0.02 0.02 0.02 0.02 0.02 0.02 0.02 0.02
1936.00 -0.22 -0.22 -0.22 -0.22 -0.22 -0.22 -0.22 -0.22 -0.22 -0.22 -0.22 -0.22 -0.22 -0.22 -0.22 -0.22 -0.22 -0.22 -0.22 -0.22 -0.22 -0.22 -0.22
1937.00 -0.56 -0.56 -0.56 -0.56 -0.56 -0.56 -0.56 -0.56 -0.56 -0.56 -0.56 -0.56 -0.56 -0.56 -0.56 -0.56 -0.56 -0.56 -0.56 -0.56 -0.56 -0.56 -0.56
1938.00 -0.89 -0.89 -0.89 -0.89 -0.89 -0.89 -0.89 -0.89 -0.89 -0.89 -0.89 -0.89 -0.89 -0.89 -0.89 -0.89 -0.89 -0.89 -0.89 -0.89 -0.89 -0.89 -0.89
1939.00 -0.97 -0.97 -0.97 -0.97 -0.97 -0.97 -0.97 -0.97 -0.97 -0.97 -0.97 -0.97 -0.97 -0.97 -0.97 -0.97 -0.97 -0.97 -0.97 -0.97 -0.97 -0.97 -0.97
1940.00 -1.39 -1.39 -1.39 -1.39 -1.39 -1.39 -1.39 -1.39 -1.39 -1.39 -1.39 -1.39 -1.39 -1.39 -1.39 -1.39 -1.39 -1.39 -1.39 -1.39 -1.39 -1.39 -1.39
1941.00 -2.06 -2.06 -2.06 -2.06 -2.06 -2.06 -2.06 -2.06 -2.06 -2.06 -2.06 -2.06 -2.06 -2.06 -2.06 -2.06 -2.06 -2.06 -2.06 -2.06 -2.06 -2.06 -2.06
1942.00 -2.34 -2.34 -2.34 -2.34 -2.34 -2.34 -2.34 -2.34 -2.34 -2.34 -2.34 -2.34 -2.34 -2.34 -2.34 -2.34 -2.34 -2.34 -2.34 -2.34 -2.34 -2.34 -2.34
1943.00 -2.72 -2.72 -2.72 -2.72 -2.72 -2.72 -2.72 -2.72 -2.72 -2.72 -2.72 -2.72 -2.72 -2.72 -2.72 -2.72 -2.72 -2.72 -2.72 -2.72 -2.72 -2.72 -2.72
1944.00 -3.51 -3.51 -3.51 -3.51 -3.51 -3.51 -3.51 -3.51 -3.51 -3.51 -3.51 -3.51 -3.51 -3.51 -3.51 -3.51 -3.51 -3.51 -3.51 -3.51 -3.51 -3.51 -3.51
1945.00 -4.08 -4.08 -4.08 -4.08 -4.08 -4.08 -4.08 -4.08 -4.08 -4.08 -4.08 -4.08 -4.08 -4.08 -4.08 -4.08 -4.08 -4.08 -4.08 -4.08 -4.08 -4.08 -4.08
1946.00 -4.64 -4.64 -4.64 -4.64 -4.64 -4.64 -4.64 -4.64 -4.64 -4.64 -4.64 -4.64 -4.64 -4.64 -4.64 -4.64 -4.64 -4.64 -4.64 -4.64 -4.64 -4.64 -4.64
1947.00 -4.80 -4.80 -4.80 -4.80 -4.80 -4.80 -4.80 -4.80 -4.80 -4.80 -4.80 -4.80 -4.80 -4.80 -4.80 -4.80 -4.80 -4.80 -4.80 -4.80 -4.80 -4.80 -4.80
1948.00 -5.63 -5.63 -5.63 -5.63 -5.63 -5.63 -5.63 -5.63 -5.63 -5.63 -5.63 -5.63 -5.63 -5.63 -5.63 -5.63 -5.63 -5.63 -5.63 -5.63 -5.63 -5.63 -5.63
1949.00 -5.95 -5.95 -5.95 -5.95 -5.95 -5.95 -5.95 -5.95 -5.95 -5.95 -5.95 -5.95 -5.95 -5.95 -5.95 -5.95 -5.95 -5.95 -5.95 -5.95 -5.95 -5.95 -5.95
1950.00 -7.13 -7.13 -7.13 -7.13 -7.13 -7.13 -7.13 -7.13 -7.13 -7.13 -7.13 -7.13 -7.13 -7.13 -7.13 -7.13 -7.13 -7.13 -7.13 -7.13 -7.13 -7.13 -7.13
1951.00 -8.68 -8.68 -8.68 -8.68 -8.68 -8.68 -8.68 -8.68 -8.68 -8.68 -8.68 -8.68 -8.68 -8.68 -8.68 -8.68 -8.68 -8.68 -8.68 -8.68 -8.68 -8.68 -8.68
1952.00 -10.30 -10.30 -10.30 -10.30 -10.30 -10.30 -10.30 -10.30 -10.30 -10.30 -10.30 -10.30 -10.30 -10.30 -10.30 -10.30 -10.30 -10.30 -10.30 -10.30 -10.30 -10.30 -10.30
1953.00 -10.87 -10.87 -10.87 -10.87 -10.87 -10.87 -10.87 -10.87 -10.87 -10.87 -10.87 -10.87 -10.87 -10.87 -10.87 -10.87 -10.87 -10.87 -10.87 -10.87 -10.87 -10.87 -10.87
1954.00 -11.81 -11.81 -11.81 -11.81 -11.81 -11.81 -11.81 -11.81 -11.81 -11.81 -11.81 -11.81 -11.81 -11.81 -11.81 -11.81 -11.81 -11.81 -11.81 -11.81 -11.81 -11.81 -11.81
1955.00 -12.67 -12.67 -12.67 -12.67 -12.67 -12.67 -12.67 -12.67 -12.67 -12.67 -12.67 -12.67 -12.67 -12.67 -12.67 -12.67 -12.67 -12.67 -12.67 -12.67 -12.67 -12.67 -12.67
1956.00 -13.61 -13.61 -13.61 -13.61 -13.61 -13.61 -13.61 -13.61 -13.61 -13.61 -13.61 -13.61 -13.61 -13.61 -13.61 -13.61 -13.61 -13.61 -13.61 -13.61 -13.61 -13.61 -13.61
1957.00 -14.55 -14.55 -14.55 -14.55 -14.55 -14.55 -14.55 -14.55 -14.55 -14.55 -14.55 -14.55 -14.55 -14.55 -14.55 -14.55 -14.55 -14.55 -14.55 -14.55 -14.55 -14.55 -14.55
1958.00 -15.91 -15.91 -15.91 -15.91 -15.91 -15.91 -15.91 -15.91 -15.91 -15.91 -15.91 -15.91 -15.91 -15.91 -15.91 -15.91 -15.91 -15.91 -15.91 -15.91 -15.91 -15.91 -15.91
1959.00 -16.88 -16.88 -16.88 -16.88 -16.88 -16.88 -16.88 -16.88 -16.88 -16.88 -16.88 -16.88 -16.88 -16.88 -16.88 -16.88 -16.88 -16.88 -16.88 -16.88 -16.88 -16.88 -16.88
1960.00 -17.96 -17.96 -17.96 -17.96 -17.96 -17.96 -17.96 -17.96 -17.96 -17.96 -17.96 -17.96 -17.96 -17.96 -17.96 -17.96 -17.96 -17.96 -17.96 -17.96 -17.96 -17.96 -17.96
1961.00 -19.32 -19.32 -19.32 -19.32 -19.32 -19.32 -19.32 -19.32 -19.32 -19.32 -19.32 -19.32 -19.32 -19.32 -19.32 -19.32 -19.32 -19.32 -19.32 -19.32 -19.32 -19.32 -19.32
1962.00 -20.12 -20.12 -20.12 -20.12 -20.12 -20.12 -20.12 -20.12 -20.12 -20.12 -20.12 -20.12 -20.12 -20.12 -20.12 -20.12 -20.12 -20.12 -20.12 -20.12 -20.12 -20.12 -20.12
1963.00 -20.68 -20.68 -20.68 -20.68 -20.68 -20.68 -20.68 -20.68 -20.68 -20.68 -20.68 -20.68 -20.68 -20.68 -20.68 -20.68 -20.68 -20.68 -20.68 -20.68 -20.68 -20.68 -20.68
1964.00 -21.47 -21.47 -21.47 -21.47 -21.47 -21.47 -21.47 -21.47 -21.47 -21.47 -21.47 -21.47 -21.47 -21.47 -21.47 -21.47 -21.47 -21.47 -21.47 -21.47 -21.47 -21.47 -21.47
1965.00 -22.29 -22.29 -22.29 -22.29 -22.29 -22.29 -22.29 -22.29 -22.29 -22.29 -22.29 -22.29 -22.29 -22.29 -22.29 -22.29 -22.29 -22.29 -22.29 -22.29 -22.29 -22.29 -22.29
1966.00 -23.62 -23.62 -23.62 -23.62 -23.62 -23.62 -23.62 -23.62 -23.62 -23.62 -23.62 -23.62 -23.62 -23.62 -23.62 -23.62 -23.62 -23.62 -23.62 -23.62 -23.62 -23.62 -23.62
1967.00 -25.19 -25.19 -25.19 -25.19 -25.19 -25.19 -25.19 -25.19 -25.19 -25.19 -25.19 -25.19 -25.19 -25.19 -25.19 -25.19 -25.19 -25.19 -25.19 -25.19 -25.19 -25.19 -25.19
1968.00 -26.74 -26.74 -26.74 -26.74 -26.74 -26.74 -26.74 -26.74 -26.74 -26.74 -26.74 -26.74 -26.74 -26.74 -26.74 -26.74 -26.74 -26.74 -26.74 -26.74 -26.74 -26.74 -26.74
1969.00 -27.42 -27.42 -27.42 -27.42 -27.42 -27.42 -27.42 -27.42 -27.42 -27.42 -27.42 -27.42 -27.42 -27.42 -27.42 -27.42 -27.42 -27.42 -27.42 -27.42 -27.42 -27.42 -27.42
1970.00 93.83 93.83 93.83 93.83 93.83 93.83 93.83 93.83 93.83 93.83 93.83 93.83 93.83 93.83 93.83 93.83 93.83 93.83 93.83 93.83 93.83 93.83 93.83
1971.00 98.49 98.49 98.49 98.49 98.49 98.49 98.49 98.49 98.49 98.49 98.49 98.49 98.49 98.49 98.49 98.49 98.49 98.49 98.49 98.49 98.49 98.49 98.49
1972.00 103.83 103.83 103.83 103.83 103.83 103.83 103.83 103.83 103.83 103.83 103.83 103.83 103.83 103.83 103.83 103.83 103.83 103.83 103.83 103.83 103.83 103.83 103.83
1973.00 108.65 108.65 108.65 108.65 108.65 108.65 108.65 108.65 108.65 108.65 108.65 108.65 108.65 108.65 108.65 108.65 108.65 108.65 108.65 108.65 108.65 108.65 108.65
1974.00 110.59 110.59 110.59 110.59 110.59 110.59 110.59 110.59 110.59 110.59 110.59 110.59 110.59 110.59 110.59 110.59 110.59 110.59 110.59 110.59 110.59 110.59 110.59
1975.00 117.88 117.88 117.88 117.88 117.88 117.88 117.88 117.88 117.88 117.88 117.88 117.88 117.88 117.88 117.88 117.88 117.88 117.88 117.88 117.88 117.88 117.88 117.88
1976.00 125.30 125.30 125.30 125.30 125.30 125.30 125.30 125.30 125.30 125.30 125.30 125.30 125.30 125.30 125.30 125.30 125.30 125.30 125.30 125.30 125.30 125.30 125.30
1977.00 122.24 122.24 122.24 122.24 122.24 122.24 122.24 122.24 122.24 122.24 122.24 122.24 122.24 122.24 122.24 122.24 122.24 122.24 122.24 122.24 122.24 122.24 122.24
1978.00 121.93 121.93 121.93 121.93 121.93 121.93 121.93 121.93 121.93 121.93 121.93 121.93 121.93 121.93 121.93 121.93 121.93 121.93 121.93 121.93 121.93 121.93 121.93
1979.00 121.31 121.31 121.31 121.31 121.31 121.31 121.31 121.31 121.31 121.31 121.31 121.31 121.31 121.31 121.31 121.31 121.31 121.31 121.31 121.31 121.31 121.31 121.31
1980.00 123.70 123.70 123.70 123.70 123.70 123.70 123.70 123.70 123.70 123.70 123.70 123.70 123.70 123.70 123.70 123.70 123.70 123.70 123.70 123.70 123.70 123.70 123.70
1981.00 125.71 125.71 125.71 125.71 125.71 125.71 125.71 125.71 125.71 125.71 125.71 125.71 125.71 125.71 125.71 125.71 125.71 125.71 125.71 125.71 125.71 125.71 125.71
1982.00 126.73 126.73 126.73 126.73 126.73 126.73 126.73 126.73 126.73 126.73 126.73 126.73 126.73 126.73 126.73 126.73 126.73 126.73 126.73 126.73 126.73 126.73 126.73
1983.00 119.56 119.56 119.56 119.56 119.56 119.56 119.56 119.56 119.56 119.56 119.56 119.56 119.56 119.56 119.56 119.56 119.56 119.56 119.56 119.56 119.56 119.56 119.56
1984.00 109.41 109.41 109.41 109.41 109.41 109.41 109.41 109.41 109.41 109.41 109.41 109.41 109.41 109.41 109.41 109.41 109.41 109.41 109.41 109.41 109.41 109.41 109.41
1985.00 103.25 103.25 103.25 103.25 103.25 103.25 103.25 103.25 103.25 103.25 103.25 103.25 103.25 103.25 103.25 103.25 103.25 103.25 103.25 103.25 103.25 103.25 103.25
1986.00 99.75 99.75 99.75 99.75 99.75 99.75 99.75 99.75 99.75 99.75 99.75 99.75 99.75 99.75 99.75 99.75 99.75 99.75 99.75 99.75 99.75 99.75 99.75
1987.00 92.37 92.37 92.37 92.37 92.37 92.37 92.37 92.37 92.37 92.37 92.37 92.37 92.37 92.37 92.37 92.37 92.37 92.37 92.37 92.37 92.37 92.37 92.37
1988.00 44.48 46.70 48.92 51.14 53.36 55.58 57.80 60.02 62.23 64.45 66.67 68.89 71.11 73.33 75.55 77.77 79.99 82.21 84.43 86.65 88.87 91.09 93.31
1989.00 42.54 44.69 46.83 48.97 51.11 53.25 55.40 57.54 59.68 61.82 63.96 66.11 68.25 70.39 72.53 74.67 76.82 78.96 81.10 83.24 85.38 87.52 89.67
1990.00 40.89 42.95 45.00 47.06 49.12 51.17 53.23 55.29 57.35 59.40 61.46 63.52 65.58 67.63 69.69 71.75 73.80 75.86 77.92 79.98 82.03 84.09 86.15
1991.00 40.47 42.48 44.49 46.49 48.50 50.51 52.52 54.53 56.53 58.54 60.55 62.56 64.57 66.58 68.58 70.59 72.60 74.61 76.62 78.63 80.63 82.64 84.65
1992.00 41.65 43.64 45.63 47.62 49.61 51.60 53.58 55.57 57.56 59.55 61.54 63.53 65.52 67.50 69.49 71.48 73.47 75.46 77.45 79.44 81.42 83.41 85.40
1993.00 41.83 43.79 45.74 47.70 49.65 51.61 53.56 55.52 57.48 59.43 61.39 63.34 65.30 67.25 69.21 71.16 73.12 75.07 77.03 78.98 80.94 82.89 84.85
1994.00 41.96 43.89 45.81 47.74 49.67 51.59 53.52 55.45 57.37 59.30 61.23 63.15 65.08 67.01 68.93 70.86 72.79 74.71 76.64 78.57 80.49 82.42 84.35
1995.00 42.68 44.61 46.53 48.46 50.38 52.31 54.23 56.16 58.08 60.01 61.93 63.86 65.78 67.71 69.63 71.56 73.48 75.41 77.33 79.26 81.18 83.11 85.03
1996.00 42.13 44.01 45.90 47.78 49.66 51.55 53.43 55.31 57.20 59.08 60.97 62.85 64.73 66.62 68.50 70.38 72.27 74.15 76.03 77.92 79.80 81.69 83.57
1997.00 42.87 44.75 46.62 48.50 50.37 52.25 54.12 56.00 57.87 59.75 61.62 63.50 65.38 67.25 69.13 71.00 72.88 74.75 76.63 78.50 80.38 82.25 84.13
1998.00 43.39 45.24 47.09 48.93 50.78 52.63 54.47 56.32 58.17 60.01 61.86 63.71 65.55 67.40 69.24 71.09 72.94 74.78 76.63 78.48 80.32 82.17 84.02
1999.00 42.65 44.44 46.22 48.01 49.79 51.57 53.36 55.14 56.93 58.71 60.50 62.28 64.06 65.85 67.63 69.42 71.20 72.98 74.77 76.55 78.34 80.12 81.91
2000.00 40.30 41.98 43.66 45.34 47.02 48.70 50.38 52.06 53.74 55.42 57.10 58.79 60.47 62.15 63.83 65.51 67.19 68.87 70.55 72.23 73.91 75.59 77.27
2001.00 39.42 41.04 42.67 44.29 45.91 47.53 49.16 50.78 52.40 54.03 55.65 57.27 58.90 60.52 62.14 63.77 65.39 67.01 68.63 70.26 71.88 73.50 75.13
2002.00 39.34 40.93 42.52 44.11 45.70 47.29 48.87 50.46 52.05 53.64 55.23 56.82 58.40 59.99 61.58 63.17 64.76 66.35 67.93 69.52 71.11 72.70 74.29
2003.00 38.89 40.45 42.01 43.57 45.13 46.69 48.25 49.81 51.38 52.94 54.50 56.06 57.62 59.18 60.74 62.30 63.87 65.43 66.99 68.55 70.11 71.67 73.23
2004.00 36.76 38.21 39.67 41.13 42.59 44.05 45.51 46.96 48.42 49.88 51.34 52.80 54.25 55.71 57.17 58.63 60.09 61.54 63.00 64.46 65.92 67.38 68.83
2005.00 36.72 38.15 39.58 41.01 42.44 43.88 45.31 46.74 48.17 49.60 51.03 52.47 53.90 55.33 56.76 58.19 59.62 61.06 62.49 63.92 65.35 66.78 68.21
2006.00 36.50 37.89 39.28 40.67 42.06 43.45 44.84 46.23 47.62 49.01 50.40 51.79 53.18 54.57 55.96 57.35 58.74 60.13 61.52 62.91 64.31 65.70 67.09
2007.00 36.31 37.66 39.01 40.36 41.70 43.05 44.40 45.75 47.09 48.44 49.79 51.14 52.48 53.83 55.18 56.53 57.87 59.22 60.57 61.92 63.26 64.61 65.96
2008.00 35.39 36.64 37.90 39.15 40.41 41.66 42.92 44.17 45.43 46.68 47.94 49.19 50.45 51.71 52.96 54.22 55.47 56.73 57.98 59.24 60.49 61.75 63.00
2009.00 34.53 35.73 36.92 38.11 39.30 40.50 41.69 42.88 44.07 45.26 46.46 47.65 48.84 50.03 51.23 52.42 53.61 54.80 56.00 57.19 58.38 59.57 60.76
2010.00 31.61 32.69 33.77 34.85 35.93 37.00 38.08 39.16 40.24 41.32 42.40 43.48 44.56 45.64 46.72 47.80 48.88 49.96 51.04 52.11 53.19 54.27 55.35
2011.00 30.96 32.00 33.05 34.09 35.14 36.18 37.22 38.27 39.31 40.36 41.40 42.45 43.49 44.53 45.58 46.62 47.67 48.71 49.75 50.80 51.84 52.89 53.93
2012.00 30.42 31.43 32.44 33.44 34.45 35.46 36.46 37.47 38.48 39.48 40.49 41.50 42.50 43.51 44.52 45.52 46.53 47.54 48.55 49.55 50.56 51.57 52.57
2013.00 29.54 30.50 31.47 32.44 33.41 34.38 35.35 36.32 37.29 38.26 39.23 40.20 41.17 42.13 43.10 44.07 45.04 46.01 46.98 47.95 48.92 49.89 50.86
2014.00 28.76 29.68 30.60 31.53 32.45 33.37 34.29 35.22 36.14 37.06 37.98 38.91 39.83 40.75 41.67 42.60 43.52 44.44 45.36 46.29 47.21 48.13 49.05
2015.00 29.43 30.35 31.26 32.18 33.09 34.01 34.92 35.84 36.75 37.67 38.58 39.50 40.41 41.33 42.24 43.16 44.07 44.99 45.90 46.82 47.73 48.65 49.56
2016.00 28.98 29.87 30.76 31.66 32.55 33.44 34.33 35.23 36.12 37.01 37.90 38.79 39.69 40.58 41.47 42.36 43.26 44.15 45.04 45.93 46.83 47.72 48.61
2017.00 28.39 29.25 30.11 30.98 31.84 32.70 33.56 34.43 35.29 36.15 37.02 37.88 38.74 39.61 40.47 41.33 42.20 43.06 43.92 44.79 45.65 46.51 47.38
2018.00 2.39 2.39 2.39 2.39 2.39 2.39 2.39 2.39 2.39 2.39 2.39 2.39 2.39 2.39 2.39 2.39 2.39 2.39 2.39 2.39 2.39 2.39 2.39
2019.00 2.58 2.58 2.58 2.58 2.58 2.58 2.58 2.58 2.58 2.58 2.58 2.58 2.58 2.58 2.58 2.58 2.58 2.58 2.58 2.58 2.58 2.58 2.58
2020.00 2.45 2.45 2.45 2.45 2.45 2.45 2.45 2.45 2.45 2.45 2.45 2.45 2.45 2.45 2.45 2.45 2.45 2.45 2.45 2.45 2.45 2.45 2.45
2021.00 2.43 2.43 2.43 2.43 2.43 2.43 2.43 2.43 2.43 2.43 2.43 2.43 2.43 2.43 2.43 2.43 2.43 2.43 2.43 2.43 2.43 2.43 2.43
2022.00 2.64 2.64 2.64 2.64 2.64 2.64 2.64 2.64 2.64 2.64 2.64 2.64 2.64 2.64 2.64 2.64 2.64 2.64 2.64 2.64 2.64 2.64 2.64
2023.00 2.77 2.77 2.77 2.77 2.77 2.77 2.77 2.77 2.77 2.77 2.77 2.77 2.77 2.77 2.77 2.77 2.77 2.77 2.77 2.77 2.77 2.77 2.77
2024.00 2.76 2.76 2.76 2.76 2.76 2.76 2.76 2.76 2.76 2.76 2.76 2.76 2.76 2.76 2.76 2.76 2.76 2.76 2.76 2.76 2.76 2.76 2.76
2025.00 3.57 3.57 3.57 3.57 3.57 3.57 3.57 3.57 3.57 3.57 3.57 3.57 3.57 3.57 3.57 3.57 3.57 3.57 3.57 3.57 3.57 3.57 3.57
2026.00 4.11 4.11 4.11 4.11 4.11 4.11 4.11 4.11 4.11 4.11 4.11 4.11 4.11 4.11 4.11 4.11 4.11 4.11 4.11 4.11 4.11 4.11 4.11
2027.00 4.53 4.53 4.53 4.53 4.53 4.53 4.53 4.53 4.53 4.53 4.53 4.53 4.53 4.53 4.53 4.53 4.53 4.53 4.53 4.53 4.53 4.53 4.53
2028.00 4.73 4.73 4.73 4.73 4.73 4.73 4.73 4.73 4.73 4.73 4.73 4.73 4.73 4.73 4.73 4.73 4.73 4.73 4.73 4.73 4.73 4.73 4.73
2029.00 5.14 5.14 5.14 5.14 5.14 5.14 5.14 5.14 5.14 5.14 5.14 5.14 5.14 5.14 5.14 5.14 5.14 5.14 5.14 5.14 5.14 5.14 5.14
2030.00 5.64 5.64 5.64 5.64 5.64 5.64 5.64 5.64 5.64 5.64 5.64 5.64 5.64 5.64 5.64 5.64 5.64 5.64 5.64 5.64 5.64 5.64 5.64
2031.00 6.18 6.18 6.18 6.18 6.18 6.18 6.18 6.18 6.18 6.18 6.18 6.18 6.18 6.18 6.18 6.18 6.18 6.18 6.18 6.18 6.18 6.18 6.18
2032.00 7.00 7.00 7.00 7.00 7.00 7.00 7.00 7.00 7.00 7.00 7.00 7.00 7.00 7.00 7.00 7.00 7.00 7.00 7.00 7.00 7.00 7.00 7.00
2033.00 7.89 7.89 7.89 7.89 7.89 7.89 7.89 7.89 7.89 7.89 7.89 7.89 7.89 7.89 7.89 7.89 7.89 7.89 7.89 7.89 7.89 7.89 7.89
2034.00 8.25 8.25 8.25 8.25 8.25 8.25 8.25 8.25 8.25 8.25 8.25 8.25 8.25 8.25 8.25 8.25 8.25 8.25 8.25 8.25 8.25 8.25 8.25
2035.00 8.85 8.85 8.85 8.85 8.85 8.85 8.85 8.85 8.85 8.85 8.85 8.85 8.85 8.85 8.85 8.85 8.85 8.85 8.85 8.85 8.85 8.85 8.85
2036.00 9.23 9.23 9.23 9.23 9.23 9.23 9.23 9.23 9.23 9.23 9.23 9.23 9.23 9.23 9.23 9.23 9.23 9.23 9.23 9.23 9.23 9.23 9.23
2037.00 9.35 9.35 9.35 9.35 9.35 9.35 9.35 9.35 9.35 9.35 9.35 9.35 9.35 9.35 9.35 9.35 9.35 9.35 9.35 9.35 9.35 9.35 9.35
2038.00 9.36 9.36 9.36 9.36 9.36 9.36 9.36 9.36 9.36 9.36 9.36 9.36 9.36 9.36 9.36 9.36 9.36 9.36 9.36 9.36 9.36 9.36 9.36
2039.00 9.41 9.41 9.41 9.41 9.41 9.41 9.41 9.41 9.41 9.41 9.41 9.41 9.41 9.41 9.41 9.41 9.41 9.41 9.41 9.41 9.41 9.41 9.41
2040.00 9.45 9.45 9.45 9.45 9.45 9.45 9.45 9.45 9.45 9.45 9.45 9.45 9.45 9.45 9.45 9.45 9.45 9.45 9.45 9.45 9.45 9.45 9.45
2041.00 9.48 9.48 9.48 9.48 9.48 9.48 9.48 9.48 9.48 9.48 9.48 9.48 9.48 9.48 9.48 9.48 9.48 9.48 9.48 9.48 9.48 9.48 9.48
2042.00 9.41 9.41 9.41 9.41 9.41 9.41 9.41 9.41 9.41 9.41 9.41 9.41 9.41 9.41 9.41 9.41 9.41 9.41 9.41 9.41 9.41 9.41 9.41
2043.00 9.45 9.45 9.45 9.45 9.45 9.45 9.45 9.45 9.45 9.45 9.45 9.45 9.45 9.45 9.45 9.45 9.45 9.45 9.45 9.45 9.45 9.45 9.45
2044.00 9.34 9.34 9.34 9.34 9.34 9.34 9.34 9.34 9.34 9.34 9.34 9.34 9.34 9.34 9.34 9.34 9.34 9.34 9.34 9.34 9.34 9.34 9.34
2045.00 9.29 9.29 9.29 9.29 9.29 9.29 9.29 9.29 9.29 9.29 9.29 9.29 9.29 9.29 9.29 9.29 9.29 9.29 9.29 9.29 9.29 9.29 9.29
2046.00 9.16 9.16 9.16 9.16 9.16 9.16 9.16 9.16 9.16 9.16 9.16 9.16 9.16 9.16 9.16 9.16 9.16 9.16 9.16 9.16 9.16 9.16 9.16
2047.00 9.19 9.19 9.19 9.19 9.19 9.19 9.19 9.19 9.19 9.19 9.19 9.19 9.19 9.19 9.19 9.19 9.19 9.19 9.19 9.19 9.19 9.19 9.19
2048.00 9.14 9.14 9.14 9.14 9.14 9.14 9.14 9.14 9.14 9.14 9.14 9.14 9.14 9.14 9.14 9.14 9.14 9.14 9.14 9.14 9.14 9.14 9.14
2049.00 9.04 9.04 9.04 9.04 9.04 9.04 9.04 9.04 9.04 9.04 9.04 9.04 9.04 9.04 9.04 9.04 9.04 9.04 9.04 9.04 9.04 9.04 9.04
2050.00 8.91 8.91 8.91 8.91 8.91 8.91 8.91 8.91 8.91 8.91 8.91 8.91 8.91 8.91 8.91 8.91 8.91 8.91 8.91 8.91 8.91 8.91 8.91
2051.00 8.93 8.93 8.93 8.93 8.93 8.93 8.93 8.93 8.93 8.93 8.93 8.93 8.93 8.93 8.93 8.93 8.93 8.93 8.93 8.93 8.93 8.93 8.93
2052.00 8.80 8.80 8.80 8.80 8.80 8.80 8.80 8.80 8.80 8.80 8.80 8.80 8.80 8.80 8.80 8.80 8.80 8.80 8.80 8.80 8.80 8.80 8.80
2053.00 8.74 8.74 8.74 8.74 8.74 8.74 8.74 8.74 8.74 8.74 8.74 8.74 8.74 8.74 8.74 8.74 8.74 8.74 8.74 8.74 8.74 8.74 8.74
2054.00 8.82 8.82 8.82 8.82 8.82 8.82 8.82 8.82 8.82 8.82 8.82 8.82 8.82 8.82 8.82 8.82 8.82 8.82 8.82 8.82 8.82 8.82 8.82
2055.00 8.90 8.90 8.90 8.90 8.90 8.90 8.90 8.90 8.90 8.90 8.90 8.90 8.90 8.90 8.90 8.90 8.90 8.90 8.90 8.90 8.90 8.90 8.90
2056.00 8.91 8.91 8.91 8.91 8.91 8.91 8.91 8.91 8.91 8.91 8.91 8.91 8.91 8.91 8.91 8.91 8.91 8.91 8.91 8.91 8.91 8.91 8.91
2057.00 9.07 9.07 9.07 9.07 9.07 9.07 9.07 9.07 9.07 9.07 9.07 9.07 9.07 9.07 9.07 9.07 9.07 9.07 9.07 9.07 9.07 9.07 9.07
2058.00 9.21 9.21 9.21 9.21 9.21 9.21 9.21 9.21 9.21 9.21 9.21 9.21 9.21 9.21 9.21 9.21 9.21 9.21 9.21 9.21 9.21 9.21 9.21
2059.00 9.38 9.38 9.38 9.38 9.38 9.38 9.38 9.38 9.38 9.38 9.38 9.38 9.38 9.38 9.38 9.38 9.38 9.38 9.38 9.38 9.38 9.38 9.38
2060.00 9.43 9.43 9.43 9.43 9.43 9.43 9.43 9.43 9.43 9.43 9.43 9.43 9.43 9.43 9.43 9.43 9.43 9.43 9.43 9.43 9.43 9.43 9.43
2061.00 9.43 9.43 9.43 9.43 9.43 9.43 9.43 9.43 9.43 9.43 9.43 9.43 9.43 9.43 9.43 9.43 9.43 9.43 9.43 9.43 9.43 9.43 9.43
2062.00 9.40 9.40 9.40 9.40 9.40 9.40 9.40 9.40 9.40 9.40 9.40 9.40 9.40 9.40 9.40 9.40 9.40 9.40 9.40 9.40 9.40 9.40 9.40
2063.00 9.37 9.37 9.37 9.37 9.37 9.37 9.37 9.37 9.37 9.37 9.37 9.37 9.37 9.37 9.37 9.37 9.37 9.37 9.37 9.37 9.37 9.37 9.37
2064.00 9.19 9.19 9.19 9.19 9.19 9.19 9.19 9.19 9.19 9.19 9.19 9.19 9.19 9.19 9.19 9.19 9.19 9.19 9.19 9.19 9.19 9.19 9.19
2065.00 9.24 9.24 9.24 9.24 9.24 9.24 9.24 9.24 9.24 9.24 9.24 9.24 9.24 9.24 9.24 9.24 9.24 9.24 9.24 9.24 9.24 9.24 9.24
