# yearspad, alpred
# [0.6  0.62 0.64 0.66 0.68 0.7  0.72 0.74 0.76 0.78 0.8  0.82 0.84 0.86
#  0.88 0.9  0.92 0.94 0.96 0.98 1.   1.02 1.04]
1922.00 5.05 5.05 5.05 5.05 5.05 5.05 5.05 5.05 5.05 5.05 5.05 5.05 5.05 5.05 5.05 5.05 5.05 5.05 5.05 5.05 5.05 5.05 5.05
1923.00 5.40 5.40 5.40 5.40 5.40 5.40 5.40 5.40 5.40 5.40 5.40 5.40 5.40 5.40 5.40 5.40 5.40 5.40 5.40 5.40 5.40 5.40 5.40
1924.00 6.06 6.06 6.06 6.06 6.06 6.06 6.06 6.06 6.06 6.06 6.06 6.06 6.06 6.06 6.06 6.06 6.06 6.06 6.06 6.06 6.06 6.06 6.06
1925.00 6.20 6.20 6.20 6.20 6.20 6.20 6.20 6.20 6.20 6.20 6.20 6.20 6.20 6.20 6.20 6.20 6.20 6.20 6.20 6.20 6.20 6.20 6.20
1926.00 6.31 6.31 6.31 6.31 6.31 6.31 6.31 6.31 6.31 6.31 6.31 6.31 6.31 6.31 6.31 6.31 6.31 6.31 6.31 6.31 6.31 6.31 6.31
1927.00 6.30 6.30 6.30 6.30 6.30 6.30 6.30 6.30 6.30 6.30 6.30 6.30 6.30 6.30 6.30 6.30 6.30 6.30 6.30 6.30 6.30 6.30 6.30
1928.00 6.07 6.07 6.07 6.07 6.07 6.07 6.07 6.07 6.07 6.07 6.07 6.07 6.07 6.07 6.07 6.07 6.07 6.07 6.07 6.07 6.07 6.07 6.07
1929.00 6.15 6.15 6.15 6.15 6.15 6.15 6.15 6.15 6.15 6.15 6.15 6.15 6.15 6.15 6.15 6.15 6.15 6.15 6.15 6.15 6.15 6.15 6.15
1930.00 6.23 6.23 6.23 6.23 6.23 6.23 6.23 6.23 6.23 6.23 6.23 6.23 6.23 6.23 6.23 6.23 6.23 6.23 6.23 6.23 6.23 6.23 6.23
1931.00 6.13 6.13 6.13 6.13 6.13 6.13 6.13 6.13 6.13 6.13 6.13 6.13 6.13 6.13 6.13 6.13 6.13 6.13 6.13 6.13 6.13 6.13 6.13
1932.00 6.09 6.09 6.09 6.09 6.09 6.09 6.09 6.09 6.09 6.09 6.09 6.09 6.09 6.09 6.09 6.09 6.09 6.09 6.09 6.09 6.09 6.09 6.09
1933.00 5.78 5.78 5.78 5.78 5.78 5.78 5.78 5.78 5.78 5.78 5.78 5.78 5.78 5.78 5.78 5.78 5.78 5.78 5.78 5.78 5.78 5.78 5.78
1934.00 5.70 5.70 5.70 5.70 5.70 5.70 5.70 5.70 5.70 5.70 5.70 5.70 5.70 5.70 5.70 5.70 5.70 5.70 5.70 5.70 5.70 5.70 5.70
1935.00 5.46 5.46 5.46 5.46 5.46 5.46 5.46 5.46 5.46 5.46 5.46 5.46 5.46 5.46 5.46 5.46 5.46 5.46 5.46 5.46 5.46 5.46 5.46
1936.00 4.93 4.93 4.93 4.93 4.93 4.93 4.93 4.93 4.93 4.93 4.93 4.93 4.93 4.93 4.93 4.93 4.93 4.93 4.93 4.93 4.93 4.93 4.93
1937.00 4.60 4.60 4.60 4.60 4.60 4.60 4.60 4.60 4.60 4.60 4.60 4.60 4.60 4.60 4.60 4.60 4.60 4.60 4.60 4.60 4.60 4.60 4.60
1938.00 4.16 4.16 4.16 4.16 4.16 4.16 4.16 4.16 4.16 4.16 4.16 4.16 4.16 4.16 4.16 4.16 4.16 4.16 4.16 4.16 4.16 4.16 4.16
1939.00 3.16 3.16 3.16 3.16 3.16 3.16 3.16 3.16 3.16 3.16 3.16 3.16 3.16 3.16 3.16 3.16 3.16 3.16 3.16 3.16 3.16 3.16 3.16
1940.00 2.90 2.90 2.90 2.90 2.90 2.90 2.90 2.90 2.90 2.90 2.90 2.90 2.90 2.90 2.90 2.90 2.90 2.90 2.90 2.90 2.90 2.90 2.90
1941.00 2.64 2.64 2.64 2.64 2.64 2.64 2.64 2.64 2.64 2.64 2.64 2.64 2.64 2.64 2.64 2.64 2.64 2.64 2.64 2.64 2.64 2.64 2.64
1942.00 2.56 2.56 2.56 2.56 2.56 2.56 2.56 2.56 2.56 2.56 2.56 2.56 2.56 2.56 2.56 2.56 2.56 2.56 2.56 2.56 2.56 2.56 2.56
1943.00 2.13 2.13 2.13 2.13 2.13 2.13 2.13 2.13 2.13 2.13 2.13 2.13 2.13 2.13 2.13 2.13 2.13 2.13 2.13 2.13 2.13 2.13 2.13
1944.00 1.41 1.41 1.41 1.41 1.41 1.41 1.41 1.41 1.41 1.41 1.41 1.41 1.41 1.41 1.41 1.41 1.41 1.41 1.41 1.41 1.41 1.41 1.41
1945.00 0.82 0.82 0.82 0.82 0.82 0.82 0.82 0.82 0.82 0.82 0.82 0.82 0.82 0.82 0.82 0.82 0.82 0.82 0.82 0.82 0.82 0.82 0.82
1946.00 0.04 0.04 0.04 0.04 0.04 0.04 0.04 0.04 0.04 0.04 0.04 0.04 0.04 0.04 0.04 0.04 0.04 0.04 0.04 0.04 0.04 0.04 0.04
1947.00 -0.13 -0.13 -0.13 -0.13 -0.13 -0.13 -0.13 -0.13 -0.13 -0.13 -0.13 -0.13 -0.13 -0.13 -0.13 -0.13 -0.13 -0.13 -0.13 -0.13 -0.13 -0.13 -0.13
1948.00 -0.23 -0.23 -0.23 -0.23 -0.23 -0.23 -0.23 -0.23 -0.23 -0.23 -0.23 -0.23 -0.23 -0.23 -0.23 -0.23 -0.23 -0.23 -0.23 -0.23 -0.23 -0.23 -0.23
1949.00 -0.35 -0.35 -0.35 -0.35 -0.35 -0.35 -0.35 -0.35 -0.35 -0.35 -0.35 -0.35 -0.35 -0.35 -0.35 -0.35 -0.35 -0.35 -0.35 -0.35 -0.35 -0.35 -0.35
1950.00 -1.08 -1.08 -1.08 -1.08 -1.08 -1.08 -1.08 -1.08 -1.08 -1.08 -1.08 -1.08 -1.08 -1.08 -1.08 -1.08 -1.08 -1.08 -1.08 -1.08 -1.08 -1.08 -1.08
1951.00 -1.19 -1.19 -1.19 -1.19 -1.19 -1.19 -1.19 -1.19 -1.19 -1.19 -1.19 -1.19 -1.19 -1.19 -1.19 -1.19 -1.19 -1.19 -1.19 -1.19 -1.19 -1.19 -1.19
1952.00 -1.77 -1.77 -1.77 -1.77 -1.77 -1.77 -1.77 -1.77 -1.77 -1.77 -1.77 -1.77 -1.77 -1.77 -1.77 -1.77 -1.77 -1.77 -1.77 -1.77 -1.77 -1.77 -1.77
1953.00 -2.38 -2.38 -2.38 -2.38 -2.38 -2.38 -2.38 -2.38 -2.38 -2.38 -2.38 -2.38 -2.38 -2.38 -2.38 -2.38 -2.38 -2.38 -2.38 -2.38 -2.38 -2.38 -2.38
1954.00 -3.28 -3.28 -3.28 -3.28 -3.28 -3.28 -3.28 -3.28 -3.28 -3.28 -3.28 -3.28 -3.28 -3.28 -3.28 -3.28 -3.28 -3.28 -3.28 -3.28 -3.28 -3.28 -3.28
1955.00 -4.10 -4.10 -4.10 -4.10 -4.10 -4.10 -4.10 -4.10 -4.10 -4.10 -4.10 -4.10 -4.10 -4.10 -4.10 -4.10 -4.10 -4.10 -4.10 -4.10 -4.10 -4.10 -4.10
1956.00 -4.72 -4.72 -4.72 -4.72 -4.72 -4.72 -4.72 -4.72 -4.72 -4.72 -4.72 -4.72 -4.72 -4.72 -4.72 -4.72 -4.72 -4.72 -4.72 -4.72 -4.72 -4.72 -4.72
1957.00 -4.96 -4.96 -4.96 -4.96 -4.96 -4.96 -4.96 -4.96 -4.96 -4.96 -4.96 -4.96 -4.96 -4.96 -4.96 -4.96 -4.96 -4.96 -4.96 -4.96 -4.96 -4.96 -4.96
1958.00 -5.27 -5.27 -5.27 -5.27 -5.27 -5.27 -5.27 -5.27 -5.27 -5.27 -5.27 -5.27 -5.27 -5.27 -5.27 -5.27 -5.27 -5.27 -5.27 -5.27 -5.27 -5.27 -5.27
1959.00 -5.82 -5.82 -5.82 -5.82 -5.82 -5.82 -5.82 -5.82 -5.82 -5.82 -5.82 -5.82 -5.82 -5.82 -5.82 -5.82 -5.82 -5.82 -5.82 -5.82 -5.82 -5.82 -5.82
1960.00 -6.34 -6.34 -6.34 -6.34 -6.34 -6.34 -6.34 -6.34 -6.34 -6.34 -6.34 -6.34 -6.34 -6.34 -6.34 -6.34 -6.34 -6.34 -6.34 -6.34 -6.34 -6.34 -6.34
1961.00 -7.11 -7.11 -7.11 -7.11 -7.11 -7.11 -7.11 -7.11 -7.11 -7.11 -7.11 -7.11 -7.11 -7.11 -7.11 -7.11 -7.11 -7.11 -7.11 -7.11 -7.11 -7.11 -7.11
1962.00 -7.67 -7.67 -7.67 -7.67 -7.67 -7.67 -7.67 -7.67 -7.67 -7.67 -7.67 -7.67 -7.67 -7.67 -7.67 -7.67 -7.67 -7.67 -7.67 -7.67 -7.67 -7.67 -7.67
1963.00 -8.01 -8.01 -8.01 -8.01 -8.01 -8.01 -8.01 -8.01 -8.01 -8.01 -8.01 -8.01 -8.01 -8.01 -8.01 -8.01 -8.01 -8.01 -8.01 -8.01 -8.01 -8.01 -8.01
1964.00 -8.45 -8.45 -8.45 -8.45 -8.45 -8.45 -8.45 -8.45 -8.45 -8.45 -8.45 -8.45 -8.45 -8.45 -8.45 -8.45 -8.45 -8.45 -8.45 -8.45 -8.45 -8.45 -8.45
1965.00 -8.82 -8.82 -8.82 -8.82 -8.82 -8.82 -8.82 -8.82 -8.82 -8.82 -8.82 -8.82 -8.82 -8.82 -8.82 -8.82 -8.82 -8.82 -8.82 -8.82 -8.82 -8.82 -8.82
1966.00 -9.60 -9.60 -9.60 -9.60 -9.60 -9.60 -9.60 -9.60 -9.60 -9.60 -9.60 -9.60 -9.60 -9.60 -9.60 -9.60 -9.60 -9.60 -9.60 -9.60 -9.60 -9.60 -9.60
1967.00 -10.27 -10.27 -10.27 -10.27 -10.27 -10.27 -10.27 -10.27 -10.27 -10.27 -10.27 -10.27 -10.27 -10.27 -10.27 -10.27 -10.27 -10.27 -10.27 -10.27 -10.27 -10.27 -10.27
1968.00 -11.09 -11.09 -11.09 -11.09 -11.09 -11.09 -11.09 -11.09 -11.09 -11.09 -11.09 -11.09 -11.09 -11.09 -11.09 -11.09 -11.09 -11.09 -11.09 -11.09 -11.09 -11.09 -11.09
1969.00 -12.16 -12.16 -12.16 -12.16 -12.16 -12.16 -12.16 -12.16 -12.16 -12.16 -12.16 -12.16 -12.16 -12.16 -12.16 -12.16 -12.16 -12.16 -12.16 -12.16 -12.16 -12.16 -12.16
1970.00 108.07 108.07 108.07 108.07 108.07 108.07 108.07 108.07 108.07 108.07 108.07 108.07 108.07 108.07 108.07 108.07 108.07 108.07 108.07 108.07 108.07 108.07 108.07
1971.00 108.53 108.53 108.53 108.53 108.53 108.53 108.53 108.53 108.53 108.53 108.53 108.53 108.53 108.53 108.53 108.53 108.53 108.53 108.53 108.53 108.53 108.53 108.53
1972.00 105.02 105.02 105.02 105.02 105.02 105.02 105.02 105.02 105.02 105.02 105.02 105.02 105.02 105.02 105.02 105.02 105.02 105.02 105.02 105.02 105.02 105.02 105.02
1973.00 106.63 106.63 106.63 106.63 106.63 106.63 106.63 106.63 106.63 106.63 106.63 106.63 106.63 106.63 106.63 106.63 106.63 106.63 106.63 106.63 106.63 106.63 106.63
1974.00 110.50 110.50 110.50 110.50 110.50 110.50 110.50 110.50 110.50 110.50 110.50 110.50 110.50 110.50 110.50 110.50 110.50 110.50 110.50 110.50 110.50 110.50 110.50
1975.00 114.08 114.08 114.08 114.08 114.08 114.08 114.08 114.08 114.08 114.08 114.08 114.08 114.08 114.08 114.08 114.08 114.08 114.08 114.08 114.08 114.08 114.08 114.08
1976.00 118.09 118.09 118.09 118.09 118.09 118.09 118.09 118.09 118.09 118.09 118.09 118.09 118.09 118.09 118.09 118.09 118.09 118.09 118.09 118.09 118.09 118.09 118.09
1977.00 117.70 117.70 117.70 117.70 117.70 117.70 117.70 117.70 117.70 117.70 117.70 117.70 117.70 117.70 117.70 117.70 117.70 117.70 117.70 117.70 117.70 117.70 117.70
1978.00 117.41 117.41 117.41 117.41 117.41 117.41 117.41 117.41 117.41 117.41 117.41 117.41 117.41 117.41 117.41 117.41 117.41 117.41 117.41 117.41 117.41 117.41 117.41
1979.00 116.09 116.09 116.09 116.09 116.09 116.09 116.09 116.09 116.09 116.09 116.09 116.09 116.09 116.09 116.09 116.09 116.09 116.09 116.09 116.09 116.09 116.09 116.09
1980.00 116.31 116.31 116.31 116.31 116.31 116.31 116.31 116.31 116.31 116.31 116.31 116.31 116.31 116.31 116.31 116.31 116.31 116.31 116.31 116.31 116.31 116.31 116.31
1981.00 117.02 117.02 117.02 117.02 117.02 117.02 117.02 117.02 117.02 117.02 117.02 117.02 117.02 117.02 117.02 117.02 117.02 117.02 117.02 117.02 117.02 117.02 117.02
1982.00 117.06 117.06 117.06 117.06 117.06 117.06 117.06 117.06 117.06 117.06 117.06 117.06 117.06 117.06 117.06 117.06 117.06 117.06 117.06 117.06 117.06 117.06 117.06
1983.00 110.85 110.85 110.85 110.85 110.85 110.85 110.85 110.85 110.85 110.85 110.85 110.85 110.85 110.85 110.85 110.85 110.85 110.85 110.85 110.85 110.85 110.85 110.85
1984.00 107.66 107.66 107.66 107.66 107.66 107.66 107.66 107.66 107.66 107.66 107.66 107.66 107.66 107.66 107.66 107.66 107.66 107.66 107.66 107.66 107.66 107.66 107.66
1985.00 105.12 105.12 105.12 105.12 105.12 105.12 105.12 105.12 105.12 105.12 105.12 105.12 105.12 105.12 105.12 105.12 105.12 105.12 105.12 105.12 105.12 105.12 105.12
1986.00 103.11 103.11 103.11 103.11 103.11 103.11 103.11 103.11 103.11 103.11 103.11 103.11 103.11 103.11 103.11 103.11 103.11 103.11 103.11 103.11 103.11 103.11 103.11
1987.00 101.29 101.29 101.29 101.29 101.29 101.29 101.29 101.29 101.29 101.29 101.29 101.29 101.29 101.29 101.29 101.29 101.29 101.29 101.29 101.29 101.29 101.29 101.29
1988.00 53.12 55.34 57.55 59.77 61.99 64.21 66.42 68.64 70.86 73.08 75.29 77.51 79.73 81.94 84.16 86.38 88.60 90.81 93.03 95.25 97.47 99.68 101.90
1989.00 50.94 53.08 55.22 57.35 59.49 61.63 63.77 65.91 68.04 70.18 72.32 74.46 76.60 78.73 80.87 83.01 85.15 87.29 89.42 91.56 93.70 95.84 97.98
1990.00 48.92 50.97 53.02 55.07 57.12 59.18 61.23 63.28 65.33 67.38 69.44 71.49 73.54 75.59 77.65 79.70 81.75 83.80 85.85 87.91 89.96 92.01 94.06
1991.00 48.11 50.12 52.12 54.13 56.14 58.14 60.15 62.15 64.16 66.16 68.17 70.17 72.18 74.18 76.19 78.19 80.20 82.20 84.21 86.22 88.22 90.23 92.23
1992.00 48.47 50.45 52.43 54.41 56.40 58.38 60.36 62.34 64.32 66.31 68.29 70.27 72.25 74.23 76.22 78.20 80.18 82.16 84.15 86.13 88.11 90.09 92.07
1993.00 48.40 50.35 52.31 54.26 56.21 58.16 60.11 62.07 64.02 65.97 67.92 69.87 71.83 73.78 75.73 77.68 79.63 81.59 83.54 85.49 87.44 89.39 91.34
1994.00 48.14 50.06 51.99 53.91 55.84 57.76 59.68 61.61 63.53 65.46 67.38 69.31 71.23 73.16 75.08 77.01 78.93 80.85 82.78 84.70 86.63 88.55 90.48
1995.00 48.85 50.77 52.69 54.61 56.54 58.46 60.38 62.30 64.22 66.15 68.07 69.99 71.91 73.83 75.75 77.68 79.60 81.52 83.44 85.36 87.29 89.21 91.13
1996.00 48.35 50.24 52.12 54.00 55.88 57.76 59.64 61.53 63.41 65.29 67.17 69.05 70.93 72.81 74.70 76.58 78.46 80.34 82.22 84.10 85.99 87.87 89.75
1997.00 48.60 50.47 52.34 54.21 56.09 57.96 59.83 61.70 63.58 65.45 67.32 69.19 71.06 72.94 74.81 76.68 78.55 80.43 82.30 84.17 86.04 87.92 89.79
1998.00 48.00 49.85 51.69 53.54 55.39 57.23 59.08 60.92 62.77 64.62 66.46 68.31 70.16 72.00 73.85 75.69 77.54 79.39 81.23 83.08 84.93 86.77 88.62
1999.00 46.26 48.04 49.81 51.59 53.37 55.15 56.93 58.71 60.49 62.27 64.05 65.83 67.61 69.39 71.17 72.95 74.73 76.50 78.28 80.06 81.84 83.62 85.40
2000.00 43.83 45.51 47.19 48.87 50.55 52.22 53.90 55.58 57.26 58.94 60.62 62.30 63.97 65.65 67.33 69.01 70.69 72.37 74.04 75.72 77.40 79.08 80.76
2001.00 42.85 44.47 46.10 47.72 49.34 50.97 52.59 54.21 55.84 57.46 59.08 60.71 62.33 63.95 65.58 67.20 68.82 70.45 72.07 73.69 75.32 76.94 78.56
2002.00 42.49 44.08 45.66 47.25 48.83 50.42 52.00 53.59 55.17 56.75 58.34 59.92 61.51 63.09 64.68 66.26 67.85 69.43 71.02 72.60 74.19 75.77 77.36
2003.00 42.32 43.88 45.44 47.00 48.56 50.12 51.68 53.24 54.80 56.36 57.92 59.48 61.04 62.60 64.16 65.72 67.28 68.84 70.40 71.96 73.52 75.08 76.64
2004.00 39.75 41.21 42.67 44.13 45.59 47.05 48.51 49.97 51.42 52.88 54.34 55.80 57.26 58.72 60.18 61.64 63.10 64.56 66.02 67.48 68.94 70.40 71.86
2005.00 38.82 40.26 41.69 43.13 44.56 45.99 47.43 48.86 50.29 51.73 53.16 54.60 56.03 57.46 58.90 60.33 61.76 63.20 64.63 66.06 67.50 68.93 70.37
2006.00 38.37 39.77 41.17 42.56 43.96 45.35 46.75 48.15 49.54 50.94 52.33 53.73 55.13 56.52 57.92 59.32 60.71 62.11 63.50 64.90 66.30 67.69 69.09
2007.00 37.64 39.00 40.35 41.70 43.06 44.41 45.76 47.12 48.47 49.83 51.18 52.53 53.89 55.24 56.60 57.95 59.30 60.66 62.01 63.36 64.72 66.07 67.43
2008.00 35.57 36.83 38.08 39.34 40.60 41.86 43.12 44.38 45.64 46.90 48.16 49.42 50.68 51.94 53.20 54.46 55.72 56.98 58.24 59.50 60.76 62.02 63.28
2009.00 34.27 35.47 36.67 37.86 39.06 40.26 41.46 42.65 43.85 45.05 46.25 47.44 48.64 49.84 51.04 52.23 53.43 54.63 55.83 57.02 58.22 59.42 60.62
2010.00 31.81 32.89 33.98 35.06 36.15 37.23 38.32 39.40 40.49 41.57 42.66 43.74 44.83 45.91 47.00 48.08 49.17 50.25 51.34 52.42 53.51 54.59 55.68
2011.00 31.19 32.24 33.30 34.35 35.40 36.45 37.50 38.55 39.60 40.65 41.70 42.75 43.80 44.85 45.90 46.95 48.00 49.05 50.10 51.15 52.20 53.25 54.30
2012.00 30.76 31.77 32.79 33.81 34.82 35.84 36.85 37.87 38.88 39.90 40.92 41.93 42.95 43.96 44.98 45.99 47.01 48.03 49.04 50.06 51.07 52.09 53.10
2013.00 30.18 31.15 32.13 33.11 34.09 35.06 36.04 37.02 38.00 38.97 39.95 40.93 41.91 42.89 43.86 44.84 45.82 46.80 47.77 48.75 49.73 50.71 51.68
2014.00 29.46 30.40 31.33 32.27 33.20 34.13 35.07 36.00 36.94 37.87 38.80 39.74 40.67 41.60 42.54 43.47 44.41 45.34 46.27 47.21 48.14 49.08 50.01
2015.00 29.92 30.85 31.77 32.70 33.63 34.55 35.48 36.41 37.34 38.26 39.19 40.12 41.04 41.97 42.90 43.82 44.75 45.68 46.60 47.53 48.46 49.38 50.31
2016.00 29.34 30.24 31.14 32.04 32.95 33.85 34.75 35.65 36.55 37.46 38.36 39.26 40.16 41.06 41.97 42.87 43.77 44.67 45.57 46.47 47.38 48.28 49.18
2017.00 29.08 29.95 30.82 31.70 32.57 33.44 34.31 35.18 36.06 36.93 37.80 38.67 39.54 40.42 41.29 42.16 43.03 43.90 44.77 45.65 46.52 47.39 48.26
2018.00 3.40 3.40 3.40 3.40 3.40 3.40 3.40 3.40 3.40 3.40 3.40 3.40 3.40 3.40 3.40 3.40 3.40 3.40 3.40 3.40 3.40 3.40 3.40
2019.00 3.93 3.93 3.93 3.93 3.93 3.93 3.93 3.93 3.93 3.93 3.93 3.93 3.93 3.93 3.93 3.93 3.93 3.93 3.93 3.93 3.93 3.93 3.93
2020.00 4.68 4.68 4.68 4.68 4.68 4.68 4.68 4.68 4.68 4.68 4.68 4.68 4.68 4.68 4.68 4.68 4.68 4.68 4.68 4.68 4.68 4.68 4.68
2021.00 4.96 4.96 4.96 4.96 4.96 4.96 4.96 4.96 4.96 4.96 4.96 4.96 4.96 4.96 4.96 4.96 4.96 4.96 4.96 4.96 4.96 4.96 4.96
2022.00 4.84 4.84 4.84 4.84 4.84 4.84 4.84 4.84 4.84 4.84 4.84 4.84 4.84 4.84 4.84 4.84 4.84 4.84 4.84 4.84 4.84 4.84 4.84
2023.00 4.92 4.92 4.92 4.92 4.92 4.92 4.92 4.92 4.92 4.92 4.92 4.92 4.92 4.92 4.92 4.92 4.92 4.92 4.92 4.92 4.92 4.92 4.92
2024.00 4.86 4.86 4.86 4.86 4.86 4.86 4.86 4.86 4.86 4.86 4.86 4.86 4.86 4.86 4.86 4.86 4.86 4.86 4.86 4.86 4.86 4.86 4.86
2025.00 4.87 4.87 4.87 4.87 4.87 4.87 4.87 4.87 4.87 4.87 4.87 4.87 4.87 4.87 4.87 4.87 4.87 4.87 4.87 4.87 4.87 4.87 4.87
2026.00 4.83 4.83 4.83 4.83 4.83 4.83 4.83 4.83 4.83 4.83 4.83 4.83 4.83 4.83 4.83 4.83 4.83 4.83 4.83 4.83 4.83 4.83 4.83
2027.00 4.68 4.68 4.68 4.68 4.68 4.68 4.68 4.68 4.68 4.68 4.68 4.68 4.68 4.68 4.68 4.68 4.68 4.68 4.68 4.68 4.68 4.68 4.68
2028.00 4.83 4.83 4.83 4.83 4.83 4.83 4.83 4.83 4.83 4.83 4.83 4.83 4.83 4.83 4.83 4.83 4.83 4.83 4.83 4.83 4.83 4.83 4.83
2029.00 4.77 4.77 4.77 4.77 4.77 4.77 4.77 4.77 4.77 4.77 4.77 4.77 4.77 4.77 4.77 4.77 4.77 4.77 4.77 4.77 4.77 4.77 4.77
2030.00 4.70 4.70 4.70 4.70 4.70 4.70 4.70 4.70 4.70 4.70 4.70 4.70 4.70 4.70 4.70 4.70 4.70 4.70 4.70 4.70 4.70 4.70 4.70
2031.00 4.86 4.86 4.86 4.86 4.86 4.86 4.86 4.86 4.86 4.86 4.86 4.86 4.86 4.86 4.86 4.86 4.86 4.86 4.86 4.86 4.86 4.86 4.86
2032.00 4.72 4.72 4.72 4.72 4.72 4.72 4.72 4.72 4.72 4.72 4.72 4.72 4.72 4.72 4.72 4.72 4.72 4.72 4.72 4.72 4.72 4.72 4.72
2033.00 4.73 4.73 4.73 4.73 4.73 4.73 4.73 4.73 4.73 4.73 4.73 4.73 4.73 4.73 4.73 4.73 4.73 4.73 4.73 4.73 4.73 4.73 4.73
2034.00 4.82 4.82 4.82 4.82 4.82 4.82 4.82 4.82 4.82 4.82 4.82 4.82 4.82 4.82 4.82 4.82 4.82 4.82 4.82 4.82 4.82 4.82 4.82
2035.00 4.75 4.75 4.75 4.75 4.75 4.75 4.75 4.75 4.75 4.75 4.75 4.75 4.75 4.75 4.75 4.75 4.75 4.75 4.75 4.75 4.75 4.75 4.75
2036.00 4.77 4.77 4.77 4.77 4.77 4.77 4.77 4.77 4.77 4.77 4.77 4.77 4.77 4.77 4.77 4.77 4.77 4.77 4.77 4.77 4.77 4.77 4.77
2037.00 4.64 4.64 4.64 4.64 4.64 4.64 4.64 4.64 4.64 4.64 4.64 4.64 4.64 4.64 4.64 4.64 4.64 4.64 4.64 4.64 4.64 4.64 4.64
2038.00 4.61 4.61 4.61 4.61 4.61 4.61 4.61 4.61 4.61 4.61 4.61 4.61 4.61 4.61 4.61 4.61 4.61 4.61 4.61 4.61 4.61 4.61 4.61
2039.00 4.65 4.65 4.65 4.65 4.65 4.65 4.65 4.65 4.65 4.65 4.65 4.65 4.65 4.65 4.65 4.65 4.65 4.65 4.65 4.65 4.65 4.65 4.65
2040.00 4.65 4.65 4.65 4.65 4.65 4.65 4.65 4.65 4.65 4.65 4.65 4.65 4.65 4.65 4.65 4.65 4.65 4.65 4.65 4.65 4.65 4.65 4.65
2041.00 4.72 4.72 4.72 4.72 4.72 4.72 4.72 4.72 4.72 4.72 4.72 4.72 4.72 4.72 4.72 4.72 4.72 4.72 4.72 4.72 4.72 4.72 4.72
2042.00 4.89 4.89 4.89 4.89 4.89 4.89 4.89 4.89 4.89 4.89 4.89 4.89 4.89 4.89 4.89 4.89 4.89 4.89 4.89 4.89 4.89 4.89 4.89
2043.00 4.98 4.98 4.98 4.98 4.98 4.98 4.98 4.98 4.98 4.98 4.98 4.98 4.98 4.98 4.98 4.98 4.98 4.98 4.98 4.98 4.98 4.98 4.98
2044.00 5.02 5.02 5.02 5.02 5.02 5.02 5.02 5.02 5.02 5.02 5.02 5.02 5.02 5.02 5.02 5.02 5.02 5.02 5.02 5.02 5.02 5.02 5.02
2045.00 5.11 5.11 5.11 5.11 5.11 5.11 5.11 5.11 5.11 5.11 5.11 5.11 5.11 5.11 5.11 5.11 5.11 5.11 5.11 5.11 5.11 5.11 5.11
2046.00 5.15 5.15 5.15 5.15 5.15 5.15 5.15 5.15 5.15 5.15 5.15 5.15 5.15 5.15 5.15 5.15 5.15 5.15 5.15 5.15 5.15 5.15 5.15
2047.00 5.13 5.13 5.13 5.13 5.13 5.13 5.13 5.13 5.13 5.13 5.13 5.13 5.13 5.13 5.13 5.13 5.13 5.13 5.13 5.13 5.13 5.13 5.13
2048.00 5.05 5.05 5.05 5.05 5.05 5.05 5.05 5.05 5.05 5.05 5.05 5.05 5.05 5.05 5.05 5.05 5.05 5.05 5.05 5.05 5.05 5.05 5.05
2049.00 4.99 4.99 4.99 4.99 4.99 4.99 4.99 4.99 4.99 4.99 4.99 4.99 4.99 4.99 4.99 4.99 4.99 4.99 4.99 4.99 4.99 4.99 4.99
2050.00 4.92 4.92 4.92 4.92 4.92 4.92 4.92 4.92 4.92 4.92 4.92 4.92 4.92 4.92 4.92 4.92 4.92 4.92 4.92 4.92 4.92 4.92 4.92
2051.00 4.82 4.82 4.82 4.82 4.82 4.82 4.82 4.82 4.82 4.82 4.82 4.82 4.82 4.82 4.82 4.82 4.82 4.82 4.82 4.82 4.82 4.82 4.82
2052.00 4.83 4.83 4.83 4.83 4.83 4.83 4.83 4.83 4.83 4.83 4.83 4.83 4.83 4.83 4.83 4.83 4.83 4.83 4.83 4.83 4.83 4.83 4.83
2053.00 4.85 4.85 4.85 4.85 4.85 4.85 4.85 4.85 4.85 4.85 4.85 4.85 4.85 4.85 4.85 4.85 4.85 4.85 4.85 4.85 4.85 4.85 4.85
2054.00 4.91 4.91 4.91 4.91 4.91 4.91 4.91 4.91 4.91 4.91 4.91 4.91 4.91 4.91 4.91 4.91 4.91 4.91 4.91 4.91 4.91 4.91 4.91
2055.00 4.83 4.83 4.83 4.83 4.83 4.83 4.83 4.83 4.83 4.83 4.83 4.83 4.83 4.83 4.83 4.83 4.83 4.83 4.83 4.83 4.83 4.83 4.83
2056.00 4.81 4.81 4.81 4.81 4.81 4.81 4.81 4.81 4.81 4.81 4.81 4.81 4.81 4.81 4.81 4.81 4.81 4.81 4.81 4.81 4.81 4.81 4.81
2057.00 4.85 4.85 4.85 4.85 4.85 4.85 4.85 4.85 4.85 4.85 4.85 4.85 4.85 4.85 4.85 4.85 4.85 4.85 4.85 4.85 4.85 4.85 4.85
2058.00 4.85 4.85 4.85 4.85 4.85 4.85 4.85 4.85 4.85 4.85 4.85 4.85 4.85 4.85 4.85 4.85 4.85 4.85 4.85 4.85 4.85 4.85 4.85
2059.00 4.78 4.78 4.78 4.78 4.78 4.78 4.78 4.78 4.78 4.78 4.78 4.78 4.78 4.78 4.78 4.78 4.78 4.78 4.78 4.78 4.78 4.78 4.78
2060.00 4.81 4.81 4.81 4.81 4.81 4.81 4.81 4.81 4.81 4.81 4.81 4.81 4.81 4.81 4.81 4.81 4.81 4.81 4.81 4.81 4.81 4.81 4.81
2061.00 4.72 4.72 4.72 4.72 4.72 4.72 4.72 4.72 4.72 4.72 4.72 4.72 4.72 4.72 4.72 4.72 4.72 4.72 4.72 4.72 4.72 4.72 4.72
2062.00 4.65 4.65 4.65 4.65 4.65 4.65 4.65 4.65 4.65 4.65 4.65 4.65 4.65 4.65 4.65 4.65 4.65 4.65 4.65 4.65 4.65 4.65 4.65
2063.00 4.73 4.73 4.73 4.73 4.73 4.73 4.73 4.73 4.73 4.73 4.73 4.73 4.73 4.73 4.73 4.73 4.73 4.73 4.73 4.73 4.73 4.73 4.73
2064.00 4.79 4.79 4.79 4.79 4.79 4.79 4.79 4.79 4.79 4.79 4.79 4.79 4.79 4.79 4.79 4.79 4.79 4.79 4.79 4.79 4.79 4.79 4.79
2065.00 4.95 4.95 4.95 4.95 4.95 4.95 4.95 4.95 4.95 4.95 4.95 4.95 4.95 4.95 4.95 4.95 4.95 4.95 4.95 4.95 4.95 4.95 4.95
