# yearspad, alpred
# [0.6  0.62 0.64 0.66 0.68 0.7  0.72 0.74 0.76 0.78 0.8  0.82 0.84 0.86
#  0.88 0.9  0.92 0.94 0.96 0.98 1.   1.02 1.04]
1922.00 -39.66 -39.66 -39.66 -39.66 -39.66 -39.66 -39.66 -39.66 -39.66 -39.66 -39.66 -39.66 -39.66 -39.66 -39.66 -39.66 -39.66 -39.66 -39.66 -39.66 -39.66 -39.66 -39.66
1923.00 -39.79 -39.79 -39.79 -39.79 -39.79 -39.79 -39.79 -39.79 -39.79 -39.79 -39.79 -39.79 -39.79 -39.79 -39.79 -39.79 -39.79 -39.79 -39.79 -39.79 -39.79 -39.79 -39.79
1924.00 -39.85 -39.85 -39.85 -39.85 -39.85 -39.85 -39.85 -39.85 -39.85 -39.85 -39.85 -39.85 -39.85 -39.85 -39.85 -39.85 -39.85 -39.85 -39.85 -39.85 -39.85 -39.85 -39.85
1925.00 -39.00 -39.00 -39.00 -39.00 -39.00 -39.00 -39.00 -39.00 -39.00 -39.00 -39.00 -39.00 -39.00 -39.00 -39.00 -39.00 -39.00 -39.00 -39.00 -39.00 -39.00 -39.00 -39.00
1926.00 -38.51 -38.51 -38.51 -38.51 -38.51 -38.51 -38.51 -38.51 -38.51 -38.51 -38.51 -38.51 -38.51 -38.51 -38.51 -38.51 -38.51 -38.51 -38.51 -38.51 -38.51 -38.51 -38.51
1927.00 -37.40 -37.40 -37.40 -37.40 -37.40 -37.40 -37.40 -37.40 -37.40 -37.40 -37.40 -37.40 -37.40 -37.40 -37.40 -37.40 -37.40 -37.40 -37.40 -37.40 -37.40 -37.40 -37.40
1928.00 -36.10 -36.10 -36.10 -36.10 -36.10 -36.10 -36.10 -36.10 -36.10 -36.10 -36.10 -36.10 -36.10 -36.10 -36.10 -36.10 -36.10 -36.10 -36.10 -36.10 -36.10 -36.10 -36.10
1929.00 -34.54 -34.54 -34.54 -34.54 -34.54 -34.54 -34.54 -34.54 -34.54 -34.54 -34.54 -34.54 -34.54 -34.54 -34.54 -34.54 -34.54 -34.54 -34.54 -34.54 -34.54 -34.54 -34.54
1930.00 -33.45 -33.45 -33.45 -33.45 -33.45 -33.45 -33.45 -33.45 -33.45 -33.45 -33.45 -33.45 -33.45 -33.45 -33.45 -33.45 -33.45 -33.45 -33.45 -33.45 -33.45 -33.45 -33.45
1931.00 -30.89 -30.89 -30.89 -30.89 -30.89 -30.89 -30.89 -30.89 -30.89 -30.89 -30.89 -30.89 -30.89 -30.89 -30.89 -30.89 -30.89 -30.89 -30.89 -30.89 -30.89 -30.89 -30.89
1932.00 -27.90 -27.90 -27.90 -27.90 -27.90 -27.90 -27.90 -27.90 -27.90 -27.90 -27.90 -27.90 -27.90 -27.90 -27.90 -27.90 -27.90 -27.90 -27.90 -27.90 -27.90 -27.90 -27.90
1933.00 -25.23 -25.23 -25.23 -25.23 -25.23 -25.23 -25.23 -25.23 -25.23 -25.23 -25.23 -25.23 -25.23 -25.23 -25.23 -25.23 -25.23 -25.23 -25.23 -25.23 -25.23 -25.23 -25.23
1934.00 -22.96 -22.96 -22.96 -22.96 -22.96 -22.96 -22.96 -22.96 -22.96 -22.96 -22.96 -22.96 -22.96 -22.96 -22.96 -22.96 -22.96 -22.96 -22.96 -22.96 -22.96 -22.96 -22.96
1935.00 -19.15 -19.15 -19.15 -19.15 -19.15 -19.15 -19.15 -19.15 -19.15 -19.15 -19.15 -19.15 -19.15 -19.15 -19.15 -19.15 -19.15 -19.15 -19.15 -19.15 -19.15 -19.15 -19.15
1936.00 -15.28 -15.28 -15.28 -15.28 -15.28 -15.28 -15.28 -15.28 -15.28 -15.28 -15.28 -15.28 -15.28 -15.28 -15.28 -15.28 -15.28 -15.28 -15.28 -15.28 -15.28 -15.28 -15.28
1937.00 -11.26 -11.26 -11.26 -11.26 -11.26 -11.26 -11.26 -11.26 -11.26 -11.26 -11.26 -11.26 -11.26 -11.26 -11.26 -11.26 -11.26 -11.26 -11.26 -11.26 -11.26 -11.26 -11.26
1938.00 -8.54 -8.54 -8.54 -8.54 -8.54 -8.54 -8.54 -8.54 -8.54 -8.54 -8.54 -8.54 -8.54 -8.54 -8.54 -8.54 -8.54 -8.54 -8.54 -8.54 -8.54 -8.54 -8.54
1939.00 -3.61 -3.61 -3.61 -3.61 -3.61 -3.61 -3.61 -3.61 -3.61 -3.61 -3.61 -3.61 -3.61 -3.61 -3.61 -3.61 -3.61 -3.61 -3.61 -3.61 -3.61 -3.61 -3.61
1940.00 -0.83 -0.83 -0.83 -0.83 -0.83 -0.83 -0.83 -0.83 -0.83 -0.83 -0.83 -0.83 -0.83 -0.83 -0.83 -0.83 -0.83 -0.83 -0.83 -0.83 -0.83 -0.83 -0.83
1941.00 2.74 2.74 2.74 2.74 2.74 2.74 2.74 2.74 2.74 2.74 2.74 2.74 2.74 2.74 2.74 2.74 2.74 2.74 2.74 2.74 2.74 2.74 2.74
1942.00 6.18 6.18 6.18 6.18 6.18 6.18 6.18 6.18 6.18 6.18 6.18 6.18 6.18 6.18 6.18 6.18 6.18 6.18 6.18 6.18 6.18 6.18 6.18
1943.00 11.77 11.77 11.77 11.77 11.77 11.77 11.77 11.77 11.77 11.77 11.77 11.77 11.77 11.77 11.77 11.77 11.77 11.77 11.77 11.77 11.77 11.77 11.77
1944.00 14.69 14.69 14.69 14.69 14.69 14.69 14.69 14.69 14.69 14.69 14.69 14.69 14.69 14.69 14.69 14.69 14.69 14.69 14.69 14.69 14.69 14.69 14.69
1945.00 18.37 18.37 18.37 18.37 18.37 18.37 18.37 18.37 18.37 18.37 18.37 18.37 18.37 18.37 18.37 18.37 18.37 18.37 18.37 18.37 18.37 18.37 18.37
1946.00 22.60 22.60 22.60 22.60 22.60 22.60 22.60 22.60 22.60 22.60 22.60 22.60 22.60 22.60 22.60 22.60 22.60 22.60 22.60 22.60 22.60 22.60 22.60
1947.00 25.98 25.98 25.98 25.98 25.98 25.98 25.98 25.98 25.98 25.98 25.98 25.98 25.98 25.98 25.98 25.98 25.98 25.98 25.98 25.98 25.98 25.98 25.98
1948.00 29.60 29.60 29.60 29.60 29.60 29.60 29.60 29.60 29.60 29.60 29.60 29.60 29.60 29.60 29.60 29.60 29.60 29.60 29.60 29.60 29.60 29.60 29.60
1949.00 34.28 34.28 34.28 34.28 34.28 34.28 34.28 34.28 34.28 34.28 34.28 34.28 34.28 34.28 34.28 34.28 34.28 34.28 34.28 34.28 34.28 34.28 34.28
1950.00 41.41 41.41 41.41 41.41 41.41 41.41 41.41 41.41 41.41 41.41 41.41 41.41 41.41 41.41 41.41 41.41 41.41 41.41 41.41 41.41 41.41 41.41 41.41
1951.00 45.48 45.48 45.48 45.48 45.48 45.48 45.48 45.48 45.48 45.48 45.48 45.48 45.48 45.48 45.48 45.48 45.48 45.48 45.48 45.48 45.48 45.48 45.48
1952.00 50.43 50.43 50.43 50.43 50.43 50.43 50.43 50.43 50.43 50.43 50.43 50.43 50.43 50.43 50.43 50.43 50.43 50.43 50.43 50.43 50.43 50.43 50.43
1953.00 55.76 55.76 55.76 55.76 55.76 55.76 55.76 55.76 55.76 55.76 55.76 55.76 55.76 55.76 55.76 55.76 55.76 55.76 55.76 55.76 55.76 55.76 55.76
1954.00 62.38 62.38 62.38 62.38 62.38 62.38 62.38 62.38 62.38 62.38 62.38 62.38 62.38 62.38 62.38 62.38 62.38 62.38 62.38 62.38 62.38 62.38 62.38
1955.00 66.96 66.96 66.96 66.96 66.96 66.96 66.96 66.96 66.96 66.96 66.96 66.96 66.96 66.96 66.96 66.96 66.96 66.96 66.96 66.96 66.96 66.96 66.96
1956.00 71.93 71.93 71.93 71.93 71.93 71.93 71.93 71.93 71.93 71.93 71.93 71.93 71.93 71.93 71.93 71.93 71.93 71.93 71.93 71.93 71.93 71.93 71.93
1957.00 76.85 76.85 76.85 76.85 76.85 76.85 76.85 76.85 76.85 76.85 76.85 76.85 76.85 76.85 76.85 76.85 76.85 76.85 76.85 76.85 76.85 76.85 76.85
1958.00 82.91 82.91 82.91 82.91 82.91 82.91 82.91 82.91 82.91 82.91 82.91 82.91 82.91 82.91 82.91 82.91 82.91 82.91 82.91 82.91 82.91 82.91 82.91
1959.00 88.24 88.24 88.24 88.24 88.24 88.24 88.24 88.24 88.24 88.24 88.24 88.24 88.24 88.24 88.24 88.24 88.24 88.24 88.24 88.24 88.24 88.24 88.24
1960.00 93.17 93.17 93.17 93.17 93.17 93.17 93.17 93.17 93.17 93.17 93.17 93.17 93.17 93.17 93.17 93.17 93.17 93.17 93.17 93.17 93.17 93.17 93.17
1961.00 98.23 98.23 98.23 98.23 98.23 98.23 98.23 98.23 98.23 98.23 98.23 98.23 98.23 98.23 98.23 98.23 98.23 98.23 98.23 98.23 98.23 98.23 98.23
1962.00 103.18 103.18 103.18 103.18 103.18 103.18 103.18 103.18 103.18 103.18 103.18 103.18 103.18 103.18 103.18 103.18 103.18 103.18 103.18 103.18 103.18 103.18 103.18
1963.00 107.91 107.91 107.91 107.91 107.91 107.91 107.91 107.91 107.91 107.91 107.91 107.91 107.91 107.91 107.91 107.91 107.91 107.91 107.91 107.91 107.91 107.91 107.91
1964.00 113.28 113.28 113.28 113.28 113.28 113.28 113.28 113.28 113.28 113.28 113.28 113.28 113.28 113.28 113.28 113.28 113.28 113.28 113.28 113.28 113.28 113.28 113.28
1965.00 118.74 118.74 118.74 118.74 118.74 118.74 118.74 118.74 118.74 118.74 118.74 118.74 118.74 118.74 118.74 118.74 118.74 118.74 118.74 118.74 118.74 118.74 118.74
1966.00 123.32 123.32 123.32 123.32 123.32 123.32 123.32 123.32 123.32 123.32 123.32 123.32 123.32 123.32 123.32 123.32 123.32 123.32 123.32 123.32 123.32 123.32 123.32
1967.00 128.79 128.79 128.79 128.79 128.79 128.79 128.79 128.79 128.79 128.79 128.79 128.79 128.79 128.79 128.79 128.79 128.79 128.79 128.79 128.79 128.79 128.79 128.79
1968.00 136.03 136.03 136.03 136.03 136.03 136.03 136.03 136.03 136.03 136.03 136.03 136.03 136.03 136.03 136.03 136.03 136.03 136.03 136.03 136.03 136.03 136.03 136.03
1969.00 142.62 142.62 142.62 142.62 142.62 142.62 142.62 142.62 142.62 142.62 142.62 142.62 142.62 142.62 142.62 142.62 142.62 142.62 142.62 142.62 142.62 142.62 142.62
1970.00 265.83 265.83 265.83 265.83 265.83 265.83 265.83 265.83 265.83 265.83 265.83 265.83 265.83 265.83 265.83 265.83 265.83 265.83 265.83 265.83 265.83 265.83 265.83
1971.00 278.00 278.00 278.00 278.00 278.00 278.00 278.00 278.00 278.00 278.00 278.00 278.00 278.00 278.00 278.00 278.00 278.00 278.00 278.00 278.00 278.00 278.00 278.00
1972.00 295.64 295.64 295.64 295.64 295.64 295.64 295.64 295.64 295.64 295.64 295.64 295.64 295.64 295.64 295.64 295.64 295.64 295.64 295.64 295.64 295.64 295.64 295.64
1973.00 279.08 279.08 279.08 279.08 279.08 279.08 279.08 279.08 279.08 279.08 279.08 279.08 279.08 279.08 279.08 279.08 279.08 279.08 279.08 279.08 279.08 279.08 279.08
1974.00 270.10 270.10 270.10 270.10 270.10 270.10 270.10 270.10 270.10 270.10 270.10 270.10 270.10 270.10 270.10 270.10 270.10 270.10 270.10 270.10 270.10 270.10 270.10
1975.00 269.44 269.44 269.44 269.44 269.44 269.44 269.44 269.44 269.44 269.44 269.44 269.44 269.44 269.44 269.44 269.44 269.44 269.44 269.44 269.44 269.44 269.44 269.44
1976.00 290.04 290.04 290.04 290.04 290.04 290.04 290.04 290.04 290.04 290.04 290.04 290.04 290.04 290.04 290.04 290.04 290.04 290.04 290.04 290.04 290.04 290.04 290.04
1977.00 278.72 278.72 278.72 278.72 278.72 278.72 278.72 278.72 278.72 278.72 278.72 278.72 278.72 278.72 278.72 278.72 278.72 278.72 278.72 278.72 278.72 278.72 278.72
1978.00 269.53 269.53 269.53 269.53 269.53 269.53 269.53 269.53 269.53 269.53 269.53 269.53 269.53 269.53 269.53 269.53 269.53 269.53 269.53 269.53 269.53 269.53 269.53
1979.00 254.73 254.73 254.73 254.73 254.73 254.73 254.73 254.73 254.73 254.73 254.73 254.73 254.73 254.73 254.73 254.73 254.73 254.73 254.73 254.73 254.73 254.73 254.73
1980.00 247.94 247.94 247.94 247.94 247.94 247.94 247.94 247.94 247.94 247.94 247.94 247.94 247.94 247.94 247.94 247.94 247.94 247.94 247.94 247.94 247.94 247.94 247.94
1981.00 245.38 245.38 245.38 245.38 245.38 245.38 245.38 245.38 245.38 245.38 245.38 245.38 245.38 245.38 245.38 245.38 245.38 245.38 245.38 245.38 245.38 245.38 245.38
1982.00 239.78 239.78 239.78 239.78 239.78 239.78 239.78 239.78 239.78 239.78 239.78 239.78 239.78 239.78 239.78 239.78 239.78 239.78 239.78 239.78 239.78 239.78 239.78
1983.00 232.71 232.71 232.71 232.71 232.71 232.71 232.71 232.71 232.71 232.71 232.71 232.71 232.71 232.71 232.71 232.71 232.71 232.71 232.71 232.71 232.71 232.71 232.71
1984.00 215.08 215.08 215.08 215.08 215.08 215.08 215.08 215.08 215.08 215.08 215.08 215.08 215.08 215.08 215.08 215.08 215.08 215.08 215.08 215.08 215.08 215.08 215.08
1985.00 201.31 201.31 201.31 201.31 201.31 201.31 201.31 201.31 201.31 201.31 201.31 201.31 201.31 201.31 201.31 201.31 201.31 201.31 201.31 201.31 201.31 201.31 201.31
1986.00 195.99 195.99 195.99 195.99 195.99 195.99 195.99 195.99 195.99 195.99 195.99 195.99 195.99 195.99 195.99 195.99 195.99 195.99 195.99 195.99 195.99 195.99 195.99
1987.00 194.96 194.96 194.96 194.96 194.96 194.96 194.96 194.96 194.96 194.96 194.96 194.96 194.96 194.96 194.96 194.96 194.96 194.96 194.96 194.96 194.96 194.96 194.96
1988.00 141.89 144.07 146.25 148.44 150.62 152.80 154.98 157.17 159.35 161.53 163.71 165.89 168.08 170.26 172.44 174.62 176.81 178.99 181.17 183.35 185.54 187.72 189.90
1989.00 135.87 137.97 140.08 142.19 144.29 146.40 148.50 150.61 152.72 154.82 156.93 159.04 161.14 163.25 165.36 167.46 169.57 171.67 173.78 175.89 177.99 180.10 182.21
1990.00 128.80 130.82 132.85 134.88 136.90 138.93 140.96 142.99 145.01 147.04 149.07 151.09 153.12 155.15 157.18 159.20 161.23 163.26 165.28 167.31 169.34 171.37 173.39
1991.00 121.47 123.45 125.44 127.42 129.41 131.39 133.38 135.36 137.34 139.33 141.31 143.30 145.28 147.27 149.25 151.23 153.22 155.20 157.19 159.17 161.16 163.14 165.13
1992.00 114.54 116.50 118.46 120.42 122.39 124.35 126.31 128.27 130.23 132.19 134.15 136.11 138.07 140.03 141.99 143.95 145.92 147.88 149.84 151.80 153.76 155.72 157.68
1993.00 108.07 110.00 111.92 113.85 115.78 117.71 119.64 121.57 123.50 125.43 127.35 129.28 131.21 133.14 135.07 137.00 138.93 140.86 142.78 144.71 146.64 148.57 150.50
1994.00 103.21 105.11 107.00 108.90 110.80 112.70 114.59 116.49 118.39 120.29 122.18 124.08 125.98 127.88 129.77 131.67 133.57 135.47 137.36 139.26 141.16 143.05 144.95
1995.00 97.46 99.35 101.25 103.14 105.03 106.93 108.82 110.72 112.61 114.50 116.40 118.29 120.18 122.08 123.97 125.87 127.76 129.65 131.55 133.44 135.34 137.23 139.12
1996.00 90.74 92.59 94.44 96.29 98.15 100.00 101.85 103.71 105.56 107.41 109.26 111.12 112.97 114.82 116.68 118.53 120.38 122.23 124.09 125.94 127.79 129.65 131.50
1997.00 85.77 87.61 89.45 91.28 93.12 94.96 96.79 98.63 100.47 102.30 104.14 105.98 107.81 109.65 111.49 113.32 115.16 117.00 118.83 120.67 122.51 124.34 126.18
1998.00 81.70 83.51 85.32 87.13 88.94 90.75 92.56 94.36 96.17 97.98 99.79 101.60 103.41 105.22 107.02 108.83 110.64 112.45 114.26 116.07 117.88 119.69 121.49
1999.00 74.17 75.92 77.66 79.41 81.16 82.90 84.65 86.39 88.14 89.88 91.63 93.37 95.12 96.86 98.61 100.35 102.10 103.85 105.59 107.34 109.08 110.83 112.57
2000.00 67.03 68.68 70.33 71.98 73.63 75.28 76.93 78.58 80.23 81.88 83.53 85.19 86.84 88.49 90.14 91.79 93.44 95.09 96.74 98.39 100.04 101.69 103.34
2001.00 61.43 63.03 64.62 66.22 67.82 69.41 71.01 72.61 74.20 75.80 77.40 78.99 80.59 82.19 83.78 85.38 86.98 88.57 90.17 91.77 93.36 94.96 96.56
2002.00 57.08 58.64 60.20 61.77 63.33 64.89 66.46 68.02 69.58 71.14 72.71 74.27 75.83 77.40 78.96 80.52 82.09 83.65 85.21 86.77 88.34 89.90 91.46
2003.00 52.09 53.62 55.14 56.67 58.20 59.73 61.26 62.79 64.32 65.85 67.38 68.91 70.44 71.96 73.49 75.02 76.55 78.08 79.61 81.14 82.67 84.20 85.73
2004.00 45.55 46.98 48.40 49.83 51.25 52.68 54.10 55.53 56.95 58.38 59.80 61.23 62.65 64.08 65.50 66.93 68.35 69.78 71.20 72.63 74.05 75.48 76.90
2005.00 42.17 43.57 44.98 46.38 47.78 49.18 50.59 51.99 53.39 54.79 56.20 57.60 59.00 60.41 61.81 63.21 64.61 66.02 67.42 68.82 70.22 71.63 73.03
2006.00 36.04 37.40 38.77 40.13 41.50 42.87 44.23 45.60 46.96 48.33 49.69 51.06 52.43 53.79 55.16 56.52 57.89 59.25 60.62 61.98 63.35 64.72 66.08
2007.00 31.45 32.78 34.10 35.43 36.75 38.08 39.40 40.73 42.05 43.38 44.70 46.03 47.35 48.68 50.00 51.33 52.65 53.98 55.30 56.63 57.96 59.28 60.61
2008.00 25.29 26.53 27.77 29.01 30.25 31.48 32.72 33.96 35.20 36.44 37.68 38.92 40.16 41.40 42.64 43.88 45.12 46.36 47.60 48.84 50.08 51.32 52.56
2009.00 21.48 22.66 23.83 25.01 26.18 27.36 28.53 29.71 30.88 32.06 33.23 34.41 35.58 36.76 37.93 39.11 40.28 41.46 42.63 43.81 44.98 46.16 47.33
2010.00 13.20 14.27 15.34 16.41 17.48 18.55 19.61 20.68 21.75 22.82 23.89 24.95 26.02 27.09 28.16 29.23 30.30 31.36 32.43 33.50 34.57 35.64 36.70
2011.00 9.37 10.40 11.44 12.47 13.50 14.54 15.57 16.61 17.64 18.68 19.71 20.75 21.78 22.82 23.85 24.89 25.92 26.95 27.99 29.02 30.06 31.09 32.13
2012.00 4.94 5.94 6.94 7.94 8.94 9.94 10.94 11.94 12.94 13.94 14.94 15.94 16.93 17.93 18.93 19.93 20.93 21.93 22.93 23.93 24.93 25.93 26.93
2013.00 1.34 2.30 3.26 4.23 5.19 6.15 7.11 8.07 9.04 10.00 10.96 11.92 12.89 13.85 14.81 15.77 16.74 17.70 18.66 19.62 20.58 21.55 22.51
2014.00 -3.62 -2.71 -1.79 -0.88 0.04 0.96 1.87 2.79 3.71 4.62 5.54 6.46 7.37 8.29 9.21 10.12 11.04 11.96 12.87 13.79 14.71 15.62 16.54
2015.00 -5.29 -4.38 -3.48 -2.57 -1.66 -0.75 0.16 1.07 1.98 2.89 3.80 4.71 5.62 6.53 7.44 8.35 9.26 10.17 11.08 11.99 12.90 13.81 14.72
2016.00 -7.36 -6.47 -5.59 -4.71 -3.82 -2.94 -2.05 -1.17 -0.29 0.60 1.48 2.36 3.25 4.13 5.02 5.90 6.78 7.67 8.55 9.44 10.32 11.20 12.09
2017.00 -10.38 -9.52 -8.67 -7.81 -6.96 -6.10 -5.25 -4.39 -3.54 -2.69 -1.83 -0.98 -0.12 0.73 1.59 2.44 3.29 4.15 5.00 5.86 6.71 7.57 8.42
2018.00 -38.13 -38.13 -38.13 -38.13 -38.13 -38.13 -38.13 -38.13 -38.13 -38.13 -38.13 -38.13 -38.13 -38.13 -38.13 -38.13 -38.13 -38.13 -38.13 -38.13 -38.13 -38.13 -38.13
2019.00 -38.47 -38.47 -38.47 -38.47 -38.47 -38.47 -38.47 -38.47 -38.47 -38.47 -38.47 -38.47 -38.47 -38.47 -38.47 -38.47 -38.47 -38.47 -38.47 -38.47 -38.47 -38.47 -38.47
2020.00 -38.84 -38.84 -38.84 -38.84 -38.84 -38.84 -38.84 -38.84 -38.84 -38.84 -38.84 -38.84 -38.84 -38.84 -38.84 -38.84 -38.84 -38.84 -38.84 -38.84 -38.84 -38.84 -38.84
2021.00 -39.40 -39.40 -39.40 -39.40 -39.40 -39.40 -39.40 -39.40 -39.40 -39.40 -39.40 -39.40 -39.40 -39.40 -39.40 -39.40 -39.40 -39.40 -39.40 -39.40 -39.40 -39.40 -39.40
2022.00 -39.39 -39.39 -39.39 -39.39 -39.39 -39.39 -39.39 -39.39 -39.39 -39.39 -39.39 -39.39 -39.39 -39.39 -39.39 -39.39 -39.39 -39.39 -39.39 -39.39 -39.39 -39.39 -39.39
2023.00 -38.97 -38.97 -38.97 -38.97 -38.97 -38.97 -38.97 -38.97 -38.97 -38.97 -38.97 -38.97 -38.97 -38.97 -38.97 -38.97 -38.97 -38.97 -38.97 -38.97 -38.97 -38.97 -38.97
2024.00 -39.54 -39.54 -39.54 -39.54 -39.54 -39.54 -39.54 -39.54 -39.54 -39.54 -39.54 -39.54 -39.54 -39.54 -39.54 -39.54 -39.54 -39.54 -39.54 -39.54 -39.54 -39.54 -39.54
2025.00 -39.36 -39.36 -39.36 -39.36 -39.36 -39.36 -39.36 -39.36 -39.36 -39.36 -39.36 -39.36 -39.36 -39.36 -39.36 -39.36 -39.36 -39.36 -39.36 -39.36 -39.36 -39.36 -39.36
2026.00 -38.96 -38.96 -38.96 -38.96 -38.96 -38.96 -38.96 -38.96 -38.96 -38.96 -38.96 -38.96 -38.96 -38.96 -38.96 -38.96 -38.96 -38.96 -38.96 -38.96 -38.96 -38.96 -38.96
2027.00 -38.54 -38.54 -38.54 -38.54 -38.54 -38.54 -38.54 -38.54 -38.54 -38.54 -38.54 -38.54 -38.54 -38.54 -38.54 -38.54 -38.54 -38.54 -38.54 -38.54 -38.54 -38.54 -38.54
2028.00 -38.95 -38.95 -38.95 -38.95 -38.95 -38.95 -38.95 -38.95 -38.95 -38.95 -38.95 -38.95 -38.95 -38.95 -38.95 -38.95 -38.95 -38.95 -38.95 -38.95 -38.95 -38.95 -38.95
2029.00 -38.80 -38.80 -38.80 -38.80 -38.80 -38.80 -38.80 -38.80 -38.80 -38.80 -38.80 -38.80 -38.80 -38.80 -38.80 -38.80 -38.80 -38.80 -38.80 -38.80 -38.80 -38.80 -38.80
2030.00 -38.79 -38.79 -38.79 -38.79 -38.79 -38.79 -38.79 -38.79 -38.79 -38.79 -38.79 -38.79 -38.79 -38.79 -38.79 -38.79 -38.79 -38.79 -38.79 -38.79 -38.79 -38.79 -38.79
2031.00 -38.39 -38.39 -38.39 -38.39 -38.39 -38.39 -38.39 -38.39 -38.39 -38.39 -38.39 -38.39 -38.39 -38.39 -38.39 -38.39 -38.39 -38.39 -38.39 -38.39 -38.39 -38.39 -38.39
2032.00 -38.75 -38.75 -38.75 -38.75 -38.75 -38.75 -38.75 -38.75 -38.75 -38.75 -38.75 -38.75 -38.75 -38.75 -38.75 -38.75 -38.75 -38.75 -38.75 -38.75 -38.75 -38.75 -38.75
2033.00 -38.23 -38.23 -38.23 -38.23 -38.23 -38.23 -38.23 -38.23 -38.23 -38.23 -38.23 -38.23 -38.23 -38.23 -38.23 -38.23 -38.23 -38.23 -38.23 -38.23 -38.23 -38.23 -38.23
2034.00 -38.89 -38.89 -38.89 -38.89 -38.89 -38.89 -38.89 -38.89 -38.89 -38.89 -38.89 -38.89 -38.89 -38.89 -38.89 -38.89 -38.89 -38.89 -38.89 -38.89 -38.89 -38.89 -38.89
2035.00 -38.89 -38.89 -38.89 -38.89 -38.89 -38.89 -38.89 -38.89 -38.89 -38.89 -38.89 -38.89 -38.89 -38.89 -38.89 -38.89 -38.89 -38.89 -38.89 -38.89 -38.89 -38.89 -38.89
2036.00 -39.00 -39.00 -39.00 -39.00 -39.00 -39.00 -39.00 -39.00 -39.00 -39.00 -39.00 -39.00 -39.00 -39.00 -39.00 -39.00 -39.00 -39.00 -39.00 -39.00 -39.00 -39.00 -39.00
2037.00 -38.41 -38.41 -38.41 -38.41 -38.41 -38.41 -38.41 -38.41 -38.41 -38.41 -38.41 -38.41 -38.41 -38.41 -38.41 -38.41 -38.41 -38.41 -38.41 -38.41 -38.41 -38.41 -38.41
2038.00 -39.11 -39.11 -39.11 -39.11 -39.11 -39.11 -39.11 -39.11 -39.11 -39.11 -39.11 -39.11 -39.11 -39.11 -39.11 -39.11 -39.11 -39.11 -39.11 -39.11 -39.11 -39.11 -39.11
2039.00 -39.43 -39.43 -39.43 -39.43 -39.43 -39.43 -39.43 -39.43 -39.43 -39.43 -39.43 -39.43 -39.43 -39.43 -39.43 -39.43 -39.43 -39.43 -39.43 -39.43 -39.43 -39.43 -39.43
2040.00 -39.97 -39.97 -39.97 -39.97 -39.97 -39.97 -39.97 -39.97 -39.97 -39.97 -39.97 -39.97 -39.97 -39.97 -39.97 -39.97 -39.97 -39.97 -39.97 -39.97 -39.97 -39.97 -39.97
2041.00 -39.64 -39.64 -39.64 -39.64 -39.64 -39.64 -39.64 -39.64 -39.64 -39.64 -39.64 -39.64 -39.64 -39.64 -39.64 -39.64 -39.64 -39.64 -39.64 -39.64 -39.64 -39.64 -39.64
2042.00 -40.19 -40.19 -40.19 -40.19 -40.19 -40.19 -40.19 -40.19 -40.19 -40.19 -40.19 -40.19 -40.19 -40.19 -40.19 -40.19 -40.19 -40.19 -40.19 -40.19 -40.19 -40.19 -40.19
2043.00 -40.02 -40.02 -40.02 -40.02 -40.02 -40.02 -40.02 -40.02 -40.02 -40.02 -40.02 -40.02 -40.02 -40.02 -40.02 -40.02 -40.02 -40.02 -40.02 -40.02 -40.02 -40.02 -40.02
2044.00 -40.00 -40.00 -40.00 -40.00 -40.00 -40.00 -40.00 -40.00 -40.00 -40.00 -40.00 -40.00 -40.00 -40.00 -40.00 -40.00 -40.00 -40.00 -40.00 -40.00 -40.00 -40.00 -40.00
2045.00 -40.09 -40.09 -40.09 -40.09 -40.09 -40.09 -40.09 -40.09 -40.09 -40.09 -40.09 -40.09 -40.09 -40.09 -40.09 -40.09 -40.09 -40.09 -40.09 -40.09 -40.09 -40.09 -40.09
2046.00 -40.38 -40.38 -40.38 -40.38 -40.38 -40.38 -40.38 -40.38 -40.38 -40.38 -40.38 -40.38 -40.38 -40.38 -40.38 -40.38 -40.38 -40.38 -40.38 -40.38 -40.38 -40.38 -40.38
2047.00 -39.76 -39.76 -39.76 -39.76 -39.76 -39.76 -39.76 -39.76 -39.76 -39.76 -39.76 -39.76 -39.76 -39.76 -39.76 -39.76 -39.76 -39.76 -39.76 -39.76 -39.76 -39.76 -39.76
2048.00 -39.54 -39.54 -39.54 -39.54 -39.54 -39.54 -39.54 -39.54 -39.54 -39.54 -39.54 -39.54 -39.54 -39.54 -39.54 -39.54 -39.54 -39.54 -39.54 -39.54 -39.54 -39.54 -39.54
2049.00 -39.43 -39.43 -39.43 -39.43 -39.43 -39.43 -39.43 -39.43 -39.43 -39.43 -39.43 -39.43 -39.43 -39.43 -39.43 -39.43 -39.43 -39.43 -39.43 -39.43 -39.43 -39.43 -39.43
2050.00 -39.61 -39.61 -39.61 -39.61 -39.61 -39.61 -39.61 -39.61 -39.61 -39.61 -39.61 -39.61 -39.61 -39.61 -39.61 -39.61 -39.61 -39.61 -39.61 -39.61 -39.61 -39.61 -39.61
2051.00 -39.24 -39.24 -39.24 -39.24 -39.24 -39.24 -39.24 -39.24 -39.24 -39.24 -39.24 -39.24 -39.24 -39.24 -39.24 -39.24 -39.24 -39.24 -39.24 -39.24 -39.24 -39.24 -39.24
2052.00 -39.50 -39.50 -39.50 -39.50 -39.50 -39.50 -39.50 -39.50 -39.50 -39.50 -39.50 -39.50 -39.50 -39.50 -39.50 -39.50 -39.50 -39.50 -39.50 -39.50 -39.50 -39.50 -39.50
2053.00 -39.28 -39.28 -39.28 -39.28 -39.28 -39.28 -39.28 -39.28 -39.28 -39.28 -39.28 -39.28 -39.28 -39.28 -39.28 -39.28 -39.28 -39.28 -39.28 -39.28 -39.28 -39.28 -39.28
2054.00 -39.36 -39.36 -39.36 -39.36 -39.36 -39.36 -39.36 -39.36 -39.36 -39.36 -39.36 -39.36 -39.36 -39.36 -39.36 -39.36 -39.36 -39.36 -39.36 -39.36 -39.36 -39.36 -39.36
2055.00 -38.51 -38.51 -38.51 -38.51 -38.51 -38.51 -38.51 -38.51 -38.51 -38.51 -38.51 -38.51 -38.51 -38.51 -38.51 -38.51 -38.51 -38.51 -38.51 -38.51 -38.51 -38.51 -38.51
2056.00 -38.91 -38.91 -38.91 -38.91 -38.91 -38.91 -38.91 -38.91 -38.91 -38.91 -38.91 -38.91 -38.91 -38.91 -38.91 -38.91 -38.91 -38.91 -38.91 -38.91 -38.91 -38.91 -38.91
2057.00 -39.09 -39.09 -39.09 -39.09 -39.09 -39.09 -39.09 -39.09 -39.09 -39.09 -39.09 -39.09 -39.09 -39.09 -39.09 -39.09 -39.09 -39.09 -39.09 -39.09 -39.09 -39.09 -39.09
2058.00 -39.40 -39.40 -39.40 -39.40 -39.40 -39.40 -39.40 -39.40 -39.40 -39.40 -39.40 -39.40 -39.40 -39.40 -39.40 -39.40 -39.40 -39.40 -39.40 -39.40 -39.40 -39.40 -39.40
2059.00 -38.70 -38.70 -38.70 -38.70 -38.70 -38.70 -38.70 -38.70 -38.70 -38.70 -38.70 -38.70 -38.70 -38.70 -38.70 -38.70 -38.70 -38.70 -38.70 -38.70 -38.70 -38.70 -38.70
2060.00 -39.21 -39.21 -39.21 -39.21 -39.21 -39.21 -39.21 -39.21 -39.21 -39.21 -39.21 -39.21 -39.21 -39.21 -39.21 -39.21 -39.21 -39.21 -39.21 -39.21 -39.21 -39.21 -39.21
2061.00 -39.05 -39.05 -39.05 -39.05 -39.05 -39.05 -39.05 -39.05 -39.05 -39.05 -39.05 -39.05 -39.05 -39.05 -39.05 -39.05 -39.05 -39.05 -39.05 -39.05 -39.05 -39.05 -39.05
2062.00 -39.43 -39.43 -39.43 -39.43 -39.43 -39.43 -39.43 -39.43 -39.43 -39.43 -39.43 -39.43 -39.43 -39.43 -39.43 -39.43 -39.43 -39.43 -39.43 -39.43 -39.43 -39.43 -39.43
2063.00 -39.53 -39.53 -39.53 -39.53 -39.53 -39.53 -39.53 -39.53 -39.53 -39.53 -39.53 -39.53 -39.53 -39.53 -39.53 -39.53 -39.53 -39.53 -39.53 -39.53 -39.53 -39.53 -39.53
2064.00 -40.17 -40.17 -40.17 -40.17 -40.17 -40.17 -40.17 -40.17 -40.17 -40.17 -40.17 -40.17 -40.17 -40.17 -40.17 -40.17 -40.17 -40.17 -40.17 -40.17 -40.17 -40.17 -40.17
2065.00 -39.68 -39.68 -39.68 -39.68 -39.68 -39.68 -39.68 -39.68 -39.68 -39.68 -39.68 -39.68 -39.68 -39.68 -39.68 -39.68 -39.68 -39.68 -39.68 -39.68 -39.68 -39.68 -39.68
