# yearspad, alpred
# [0.6  0.62 0.64 0.66 0.68 0.7  0.72 0.74 0.76 0.78 0.8  0.82 0.84 0.86
#  0.88 0.9  0.92 0.94 0.96 0.98 1.   1.02 1.04]
1922.00 0.83 0.83 0.83 0.83 0.83 0.83 0.83 0.83 0.83 0.83 0.83 0.83 0.83 0.83 0.83 0.83 0.83 0.83 0.83 0.83 0.83 0.83 0.83
1923.00 0.78 0.78 0.78 0.78 0.78 0.78 0.78 0.78 0.78 0.78 0.78 0.78 0.78 0.78 0.78 0.78 0.78 0.78 0.78 0.78 0.78 0.78 0.78
1924.00 1.14 1.14 1.14 1.14 1.14 1.14 1.14 1.14 1.14 1.14 1.14 1.14 1.14 1.14 1.14 1.14 1.14 1.14 1.14 1.14 1.14 1.14 1.14
1925.00 1.93 1.93 1.93 1.93 1.93 1.93 1.93 1.93 1.93 1.93 1.93 1.93 1.93 1.93 1.93 1.93 1.93 1.93 1.93 1.93 1.93 1.93 1.93
1926.00 2.20 2.20 2.20 2.20 2.20 2.20 2.20 2.20 2.20 2.20 2.20 2.20 2.20 2.20 2.20 2.20 2.20 2.20 2.20 2.20 2.20 2.20 2.20
1927.00 2.78 2.78 2.78 2.78 2.78 2.78 2.78 2.78 2.78 2.78 2.78 2.78 2.78 2.78 2.78 2.78 2.78 2.78 2.78 2.78 2.78 2.78 2.78
1928.00 3.17 3.17 3.17 3.17 3.17 3.17 3.17 3.17 3.17 3.17 3.17 3.17 3.17 3.17 3.17 3.17 3.17 3.17 3.17 3.17 3.17 3.17 3.17
1929.00 3.09 3.09 3.09 3.09 3.09 3.09 3.09 3.09 3.09 3.09 3.09 3.09 3.09 3.09 3.09 3.09 3.09 3.09 3.09 3.09 3.09 3.09 3.09
1930.00 3.26 3.26 3.26 3.26 3.26 3.26 3.26 3.26 3.26 3.26 3.26 3.26 3.26 3.26 3.26 3.26 3.26 3.26 3.26 3.26 3.26 3.26 3.26
1931.00 3.43 3.43 3.43 3.43 3.43 3.43 3.43 3.43 3.43 3.43 3.43 3.43 3.43 3.43 3.43 3.43 3.43 3.43 3.43 3.43 3.43 3.43 3.43
1932.00 3.42 3.42 3.42 3.42 3.42 3.42 3.42 3.42 3.42 3.42 3.42 3.42 3.42 3.42 3.42 3.42 3.42 3.42 3.42 3.42 3.42 3.42 3.42
1933.00 3.36 3.36 3.36 3.36 3.36 3.36 3.36 3.36 3.36 3.36 3.36 3.36 3.36 3.36 3.36 3.36 3.36 3.36 3.36 3.36 3.36 3.36 3.36
1934.00 3.36 3.36 3.36 3.36 3.36 3.36 3.36 3.36 3.36 3.36 3.36 3.36 3.36 3.36 3.36 3.36 3.36 3.36 3.36 3.36 3.36 3.36 3.36
1935.00 3.58 3.58 3.58 3.58 3.58 3.58 3.58 3.58 3.58 3.58 3.58 3.58 3.58 3.58 3.58 3.58 3.58 3.58 3.58 3.58 3.58 3.58 3.58
1936.00 3.37 3.37 3.37 3.37 3.37 3.37 3.37 3.37 3.37 3.37 3.37 3.37 3.37 3.37 3.37 3.37 3.37 3.37 3.37 3.37 3.37 3.37 3.37
1937.00 3.19 3.19 3.19 3.19 3.19 3.19 3.19 3.19 3.19 3.19 3.19 3.19 3.19 3.19 3.19 3.19 3.19 3.19 3.19 3.19 3.19 3.19 3.19
1938.00 3.06 3.06 3.06 3.06 3.06 3.06 3.06 3.06 3.06 3.06 3.06 3.06 3.06 3.06 3.06 3.06 3.06 3.06 3.06 3.06 3.06 3.06 3.06
1939.00 2.90 2.90 2.90 2.90 2.90 2.90 2.90 2.90 2.90 2.90 2.90 2.90 2.90 2.90 2.90 2.90 2.90 2.90 2.90 2.90 2.90 2.90 2.90
1940.00 2.06 2.06 2.06 2.06 2.06 2.06 2.06 2.06 2.06 2.06 2.06 2.06 2.06 2.06 2.06 2.06 2.06 2.06 2.06 2.06 2.06 2.06 2.06
1941.00 1.71 1.71 1.71 1.71 1.71 1.71 1.71 1.71 1.71 1.71 1.71 1.71 1.71 1.71 1.71 1.71 1.71 1.71 1.71 1.71 1.71 1.71 1.71
1942.00 1.70 1.70 1.70 1.70 1.70 1.70 1.70 1.70 1.70 1.70 1.70 1.70 1.70 1.70 1.70 1.70 1.70 1.70 1.70 1.70 1.70 1.70 1.70
1943.00 1.57 1.57 1.57 1.57 1.57 1.57 1.57 1.57 1.57 1.57 1.57 1.57 1.57 1.57 1.57 1.57 1.57 1.57 1.57 1.57 1.57 1.57 1.57
1944.00 1.50 1.50 1.50 1.50 1.50 1.50 1.50 1.50 1.50 1.50 1.50 1.50 1.50 1.50 1.50 1.50 1.50 1.50 1.50 1.50 1.50 1.50 1.50
1945.00 1.54 1.54 1.54 1.54 1.54 1.54 1.54 1.54 1.54 1.54 1.54 1.54 1.54 1.54 1.54 1.54 1.54 1.54 1.54 1.54 1.54 1.54 1.54
1946.00 1.35 1.35 1.35 1.35 1.35 1.35 1.35 1.35 1.35 1.35 1.35 1.35 1.35 1.35 1.35 1.35 1.35 1.35 1.35 1.35 1.35 1.35 1.35
1947.00 0.68 0.68 0.68 0.68 0.68 0.68 0.68 0.68 0.68 0.68 0.68 0.68 0.68 0.68 0.68 0.68 0.68 0.68 0.68 0.68 0.68 0.68 0.68
1948.00 0.69 0.69 0.69 0.69 0.69 0.69 0.69 0.69 0.69 0.69 0.69 0.69 0.69 0.69 0.69 0.69 0.69 0.69 0.69 0.69 0.69 0.69 0.69
1949.00 0.90 0.90 0.90 0.90 0.90 0.90 0.90 0.90 0.90 0.90 0.90 0.90 0.90 0.90 0.90 0.90 0.90 0.90 0.90 0.90 0.90 0.90 0.90
1950.00 0.84 0.84 0.84 0.84 0.84 0.84 0.84 0.84 0.84 0.84 0.84 0.84 0.84 0.84 0.84 0.84 0.84 0.84 0.84 0.84 0.84 0.84 0.84
1951.00 0.85 0.85 0.85 0.85 0.85 0.85 0.85 0.85 0.85 0.85 0.85 0.85 0.85 0.85 0.85 0.85 0.85 0.85 0.85 0.85 0.85 0.85 0.85
1952.00 1.31 1.31 1.31 1.31 1.31 1.31 1.31 1.31 1.31 1.31 1.31 1.31 1.31 1.31 1.31 1.31 1.31 1.31 1.31 1.31 1.31 1.31 1.31
1953.00 1.70 1.70 1.70 1.70 1.70 1.70 1.70 1.70 1.70 1.70 1.70 1.70 1.70 1.70 1.70 1.70 1.70 1.70 1.70 1.70 1.70 1.70 1.70
1954.00 1.28 1.28 1.28 1.28 1.28 1.28 1.28 1.28 1.28 1.28 1.28 1.28 1.28 1.28 1.28 1.28 1.28 1.28 1.28 1.28 1.28 1.28 1.28
1955.00 1.20 1.20 1.20 1.20 1.20 1.20 1.20 1.20 1.20 1.20 1.20 1.20 1.20 1.20 1.20 1.20 1.20 1.20 1.20 1.20 1.20 1.20 1.20
1956.00 0.53 0.53 0.53 0.53 0.53 0.53 0.53 0.53 0.53 0.53 0.53 0.53 0.53 0.53 0.53 0.53 0.53 0.53 0.53 0.53 0.53 0.53 0.53
1957.00 -0.02 -0.02 -0.02 -0.02 -0.02 -0.02 -0.02 -0.02 -0.02 -0.02 -0.02 -0.02 -0.02 -0.02 -0.02 -0.02 -0.02 -0.02 -0.02 -0.02 -0.02 -0.02 -0.02
1958.00 0.00 0.00 0.00 0.00 0.00 0.00 0.00 0.00 0.00 0.00 0.00 0.00 0.00 0.00 0.00 0.00 0.00 0.00 0.00 0.00 0.00 0.00 0.00
1959.00 0.00 0.00 0.00 0.00 0.00 0.00 0.00 0.00 0.00 0.00 0.00 0.00 0.00 0.00 0.00 0.00 0.00 0.00 0.00 0.00 0.00 0.00 0.00
1960.00 -0.21 -0.21 -0.21 -0.21 -0.21 -0.21 -0.21 -0.21 -0.21 -0.21 -0.21 -0.21 -0.21 -0.21 -0.21 -0.21 -0.21 -0.21 -0.21 -0.21 -0.21 -0.21 -0.21
1961.00 -0.17 -0.17 -0.17 -0.17 -0.17 -0.17 -0.17 -0.17 -0.17 -0.17 -0.17 -0.17 -0.17 -0.17 -0.17 -0.17 -0.17 -0.17 -0.17 -0.17 -0.17 -0.17 -0.17
1962.00 -0.29 -0.29 -0.29 -0.29 -0.29 -0.29 -0.29 -0.29 -0.29 -0.29 -0.29 -0.29 -0.29 -0.29 -0.29 -0.29 -0.29 -0.29 -0.29 -0.29 -0.29 -0.29 -0.29
1963.00 -0.58 -0.58 -0.58 -0.58 -0.58 -0.58 -0.58 -0.58 -0.58 -0.58 -0.58 -0.58 -0.58 -0.58 -0.58 -0.58 -0.58 -0.58 -0.58 -0.58 -0.58 -0.58 -0.58
1964.00 -0.42 -0.42 -0.42 -0.42 -0.42 -0.42 -0.42 -0.42 -0.42 -0.42 -0.42 -0.42 -0.42 -0.42 -0.42 -0.42 -0.42 -0.42 -0.42 -0.42 -0.42 -0.42 -0.42
1965.00 -0.38 -0.38 -0.38 -0.38 -0.38 -0.38 -0.38 -0.38 -0.38 -0.38 -0.38 -0.38 -0.38 -0.38 -0.38 -0.38 -0.38 -0.38 -0.38 -0.38 -0.38 -0.38 -0.38
1966.00 -0.41 -0.41 -0.41 -0.41 -0.41 -0.41 -0.41 -0.41 -0.41 -0.41 -0.41 -0.41 -0.41 -0.41 -0.41 -0.41 -0.41 -0.41 -0.41 -0.41 -0.41 -0.41 -0.41
1967.00 -0.39 -0.39 -0.39 -0.39 -0.39 -0.39 -0.39 -0.39 -0.39 -0.39 -0.39 -0.39 -0.39 -0.39 -0.39 -0.39 -0.39 -0.39 -0.39 -0.39 -0.39 -0.39 -0.39
1968.00 -0.17 -0.17 -0.17 -0.17 -0.17 -0.17 -0.17 -0.17 -0.17 -0.17 -0.17 -0.17 -0.17 -0.17 -0.17 -0.17 -0.17 -0.17 -0.17 -0.17 -0.17 -0.17 -0.17
1969.00 -0.24 -0.24 -0.24 -0.24 -0.24 -0.24 -0.24 -0.24 -0.24 -0.24 -0.24 -0.24 -0.24 -0.24 -0.24 -0.24 -0.24 -0.24 -0.24 -0.24 -0.24 -0.24 -0.24
1970.00 120.73 120.73 120.73 120.73 120.73 120.73 120.73 120.73 120.73 120.73 120.73 120.73 120.73 120.73 120.73 120.73 120.73 120.73 120.73 120.73 120.73 120.73 120.73
1971.00 125.05 125.05 125.05 125.05 125.05 125.05 125.05 125.05 125.05 125.05 125.05 125.05 125.05 125.05 125.05 125.05 125.05 125.05 125.05 125.05 125.05 125.05 125.05
1972.00 128.28 128.28 128.28 128.28 128.28 128.28 128.28 128.28 128.28 128.28 128.28 128.28 128.28 128.28 128.28 128.28 128.28 128.28 128.28 128.28 128.28 128.28 128.28
1973.00 120.31 120.31 120.31 120.31 120.31 120.31 120.31 120.31 120.31 120.31 120.31 120.31 120.31 120.31 120.31 120.31 120.31 120.31 120.31 120.31 120.31 120.31 120.31
1974.00 121.42 121.42 121.42 121.42 121.42 121.42 121.42 121.42 121.42 121.42 121.42 121.42 121.42 121.42 121.42 121.42 121.42 121.42 121.42 121.42 121.42 121.42 121.42
1975.00 122.26 122.26 122.26 122.26 122.26 122.26 122.26 122.26 122.26 122.26 122.26 122.26 122.26 122.26 122.26 122.26 122.26 122.26 122.26 122.26 122.26 122.26 122.26
1976.00 122.46 122.46 122.46 122.46 122.46 122.46 122.46 122.46 122.46 122.46 122.46 122.46 122.46 122.46 122.46 122.46 122.46 122.46 122.46 122.46 122.46 122.46 122.46
1977.00 122.81 122.81 122.81 122.81 122.81 122.81 122.81 122.81 122.81 122.81 122.81 122.81 122.81 122.81 122.81 122.81 122.81 122.81 122.81 122.81 122.81 122.81 122.81
1978.00 123.90 123.90 123.90 123.90 123.90 123.90 123.90 123.90 123.90 123.90 123.90 123.90 123.90 123.90 123.90 123.90 123.90 123.90 123.90 123.90 123.90 123.90 123.90
1979.00 123.78 123.78 123.78 123.78 123.78 123.78 123.78 123.78 123.78 123.78 123.78 123.78 123.78 123.78 123.78 123.78 123.78 123.78 123.78 123.78 123.78 123.78 123.78
1980.00 124.34 124.34 124.34 124.34 124.34 124.34 124.34 124.34 124.34 124.34 124.34 124.34 124.34 124.34 124.34 124.34 124.34 124.34 124.34 124.34 124.34 124.34 124.34
1981.00 127.86 127.86 127.86 127.86 127.86 127.86 127.86 127.86 127.86 127.86 127.86 127.86 127.86 127.86 127.86 127.86 127.86 127.86 127.86 127.86 127.86 127.86 127.86
1982.00 126.30 126.30 126.30 126.30 126.30 126.30 126.30 126.30 126.30 126.30 126.30 126.30 126.30 126.30 126.30 126.30 126.30 126.30 126.30 126.30 126.30 126.30 126.30
1983.00 121.34 121.34 121.34 121.34 121.34 121.34 121.34 121.34 121.34 121.34 121.34 121.34 121.34 121.34 121.34 121.34 121.34 121.34 121.34 121.34 121.34 121.34 121.34
1984.00 117.78 117.78 117.78 117.78 117.78 117.78 117.78 117.78 117.78 117.78 117.78 117.78 117.78 117.78 117.78 117.78 117.78 117.78 117.78 117.78 117.78 117.78 117.78
1985.00 116.91 116.91 116.91 116.91 116.91 116.91 116.91 116.91 116.91 116.91 116.91 116.91 116.91 116.91 116.91 116.91 116.91 116.91 116.91 116.91 116.91 116.91 116.91
1986.00 115.46 115.46 115.46 115.46 115.46 115.46 115.46 115.46 115.46 115.46 115.46 115.46 115.46 115.46 115.46 115.46 115.46 115.46 115.46 115.46 115.46 115.46 115.46
1987.00 111.62 111.62 111.62 111.62 111.62 111.62 111.62 111.62 111.62 111.62 111.62 111.62 111.62 111.62 111.62 111.62 111.62 111.62 111.62 111.62 111.62 111.62 111.62
1988.00 63.82 66.03 68.25 70.46 72.67 74.88 77.09 79.30 81.51 83.73 85.94 88.15 90.36 92.57 94.78 96.99 99.21 101.42 103.63 105.84 108.05 110.26 112.47
1989.00 61.19 63.33 65.46 67.60 69.73 71.86 74.00 76.13 78.27 80.40 82.54 84.67 86.80 88.94 91.07 93.21 95.34 97.48 99.61 101.74 103.88 106.01 108.15
1990.00 58.41 60.46 62.50 64.55 66.60 68.65 70.70 72.75 74.80 76.85 78.89 80.94 82.99 85.04 87.09 89.14 91.19 93.23 95.28 97.33 99.38 101.43 103.48
1991.00 57.06 59.07 61.08 63.08 65.09 67.10 69.11 71.11 73.12 75.13 77.14 79.14 81.15 83.16 85.17 87.17 89.18 91.19 93.20 95.20 97.21 99.22 101.23
1992.00 56.20 58.18 60.16 62.15 64.13 66.11 68.10 70.08 72.06 74.05 76.03 78.02 80.00 81.98 83.97 85.95 87.93 89.92 91.90 93.89 95.87 97.85 99.84
1993.00 55.39 57.35 59.31 61.26 63.22 65.17 67.13 69.08 71.04 72.99 74.95 76.90 78.86 80.81 82.77 84.72 86.68 88.63 90.59 92.54 94.50 96.45 98.41
1994.00 54.99 56.91 58.84 60.77 62.69 64.62 66.55 68.47 70.40 72.32 74.25 76.18 78.10 80.03 81.96 83.88 85.81 87.73 89.66 91.59 93.51 95.44 97.37
1995.00 55.04 56.96 58.89 60.81 62.74 64.66 66.59 68.51 70.44 72.36 74.29 76.21 78.14 80.06 81.99 83.91 85.84 87.76 89.69 91.61 93.54 95.46 97.38
1996.00 54.30 56.19 58.07 59.96 61.84 63.73 65.61 67.50 69.38 71.26 73.15 75.03 76.92 78.80 80.69 82.57 84.46 86.34 88.22 90.11 91.99 93.88 95.76
1997.00 54.83 56.71 58.58 60.46 62.33 64.21 66.08 67.96 69.83 71.71 73.59 75.46 77.34 79.21 81.09 82.96 84.84 86.72 88.59 90.47 92.34 94.22 96.09
1998.00 54.30 56.15 57.99 59.84 61.69 63.54 65.39 67.24 69.09 70.94 72.79 74.64 76.49 78.34 80.18 82.03 83.88 85.73 87.58 89.43 91.28 93.13 94.98
1999.00 52.19 53.98 55.77 57.56 59.35 61.14 62.93 64.71 66.50 68.29 70.08 71.87 73.66 75.45 77.23 79.02 80.81 82.60 84.39 86.18 87.97 89.76 91.54
2000.00 49.10 50.78 52.47 54.15 55.84 57.52 59.21 60.89 62.58 64.26 65.95 67.64 69.32 71.01 72.69 74.38 76.06 77.75 79.43 81.12 82.81 84.49 86.18
2001.00 47.31 48.94 50.57 52.20 53.82 55.45 57.08 58.71 60.34 61.96 63.59 65.22 66.85 68.48 70.11 71.73 73.36 74.99 76.62 78.25 79.87 81.50 83.13
2002.00 46.11 47.70 49.29 50.88 52.47 54.07 55.66 57.25 58.84 60.44 62.03 63.62 65.21 66.81 68.40 69.99 71.58 73.17 74.77 76.36 77.95 79.54 81.14
2003.00 45.85 47.42 48.99 50.55 52.12 53.69 55.26 56.83 58.40 59.96 61.53 63.10 64.67 66.24 67.81 69.37 70.94 72.51 74.08 75.65 77.22 78.78 80.35
2004.00 43.10 44.56 46.03 47.50 48.97 50.43 51.90 53.37 54.84 56.30 57.77 59.24 60.70 62.17 63.64 65.11 66.57 68.04 69.51 70.97 72.44 73.91 75.38
2005.00 42.41 43.86 45.30 46.74 48.18 49.63 51.07 52.51 53.96 55.40 56.84 58.29 59.73 61.17 62.62 64.06 65.50 66.95 68.39 69.83 71.27 72.72 74.16
2006.00 40.85 42.25 43.65 45.06 46.46 47.87 49.27 50.68 52.08 53.49 54.89 56.30 57.70 59.11 60.51 61.92 63.32 64.73 66.13 67.54 68.94 70.35 71.75
2007.00 39.85 41.21 42.58 43.94 45.31 46.67 48.03 49.40 50.76 52.13 53.49 54.85 56.22 57.58 58.95 60.31 61.68 63.04 64.40 65.77 67.13 68.50 69.86
2008.00 37.12 38.39 39.66 40.93 42.20 43.48 44.75 46.02 47.29 48.56 49.83 51.10 52.37 53.65 54.92 56.19 57.46 58.73 60.00 61.27 62.54 63.82 65.09
2009.00 34.95 36.16 37.37 38.58 39.78 40.99 42.20 43.41 44.62 45.83 47.03 48.24 49.45 50.66 51.87 53.08 54.29 55.49 56.70 57.91 59.12 60.33 61.54
2010.00 31.92 33.02 34.11 35.21 36.30 37.40 38.49 39.59 40.68 41.78 42.87 43.96 45.06 46.15 47.25 48.34 49.44 50.53 51.63 52.72 53.82 54.91 56.00
2011.00 31.36 32.42 33.48 34.54 35.60 36.66 37.72 38.78 39.83 40.89 41.95 43.01 44.07 45.13 46.19 47.25 48.30 49.36 50.42 51.48 52.54 53.60 54.66
2012.00 30.69 31.72 32.74 33.76 34.79 35.81 36.84 37.86 38.88 39.91 40.93 41.96 42.98 44.00 45.03 46.05 47.08 48.10 49.12 50.15 51.17 52.20 53.22
2013.00 29.86 30.84 31.83 32.82 33.80 34.79 35.77 36.76 37.75 38.73 39.72 40.70 41.69 42.67 43.66 44.65 45.63 46.62 47.60 48.59 49.58 50.56 51.55
2014.00 28.97 29.91 30.85 31.79 32.73 33.67 34.62 35.56 36.50 37.44 38.38 39.32 40.26 41.20 42.14 43.09 44.03 44.97 45.91 46.85 47.79 48.73 49.67
2015.00 29.04 29.98 30.91 31.84 32.78 33.71 34.65 35.58 36.51 37.45 38.38 39.32 40.25 41.18 42.12 43.05 43.99 44.92 45.86 46.79 47.72 48.66 49.59
2016.00 28.53 29.44 30.35 31.26 32.17 33.08 33.99 34.90 35.81 36.72 37.63 38.53 39.44 40.35 41.26 42.17 43.08 43.99 44.90 45.81 46.72 47.63 48.54
2017.00 27.73 28.61 29.49 30.36 31.24 32.12 33.00 33.88 34.76 35.63 36.51 37.39 38.27 39.15 40.03 40.90 41.78 42.66 43.54 44.42 45.30 46.17 47.05
2018.00 1.68 1.68 1.68 1.68 1.68 1.68 1.68 1.68 1.68 1.68 1.68 1.68 1.68 1.68 1.68 1.68 1.68 1.68 1.68 1.68 1.68 1.68 1.68
2019.00 1.94 1.94 1.94 1.94 1.94 1.94 1.94 1.94 1.94 1.94 1.94 1.94 1.94 1.94 1.94 1.94 1.94 1.94 1.94 1.94 1.94 1.94 1.94
2020.00 1.97 1.97 1.97 1.97 1.97 1.97 1.97 1.97 1.97 1.97 1.97 1.97 1.97 1.97 1.97 1.97 1.97 1.97 1.97 1.97 1.97 1.97 1.97
2021.00 2.73 2.73 2.73 2.73 2.73 2.73 2.73 2.73 2.73 2.73 2.73 2.73 2.73 2.73 2.73 2.73 2.73 2.73 2.73 2.73 2.73 2.73 2.73
2022.00 2.93 2.93 2.93 2.93 2.93 2.93 2.93 2.93 2.93 2.93 2.93 2.93 2.93 2.93 2.93 2.93 2.93 2.93 2.93 2.93 2.93 2.93 2.93
2023.00 2.90 2.90 2.90 2.90 2.90 2.90 2.90 2.90 2.90 2.90 2.90 2.90 2.90 2.90 2.90 2.90 2.90 2.90 2.90 2.90 2.90 2.90 2.90
2024.00 2.87 2.87 2.87 2.87 2.87 2.87 2.87 2.87 2.87 2.87 2.87 2.87 2.87 2.87 2.87 2.87 2.87 2.87 2.87 2.87 2.87 2.87 2.87
2025.00 2.85 2.85 2.85 2.85 2.85 2.85 2.85 2.85 2.85 2.85 2.85 2.85 2.85 2.85 2.85 2.85 2.85 2.85 2.85 2.85 2.85 2.85 2.85
2026.00 2.46 2.46 2.46 2.46 2.46 2.46 2.46 2.46 2.46 2.46 2.46 2.46 2.46 2.46 2.46 2.46 2.46 2.46 2.46 2.46 2.46 2.46 2.46
2027.00 1.97 1.97 1.97 1.97 1.97 1.97 1.97 1.97 1.97 1.97 1.97 1.97 1.97 1.97 1.97 1.97 1.97 1.97 1.97 1.97 1.97 1.97 1.97
2028.00 1.75 1.75 1.75 1.75 1.75 1.75 1.75 1.75 1.75 1.75 1.75 1.75 1.75 1.75 1.75 1.75 1.75 1.75 1.75 1.75 1.75 1.75 1.75
2029.00 1.50 1.50 1.50 1.50 1.50 1.50 1.50 1.50 1.50 1.50 1.50 1.50 1.50 1.50 1.50 1.50 1.50 1.50 1.50 1.50 1.50 1.50 1.50
2030.00 1.21 1.21 1.21 1.21 1.21 1.21 1.21 1.21 1.21 1.21 1.21 1.21 1.21 1.21 1.21 1.21 1.21 1.21 1.21 1.21 1.21 1.21 1.21
2031.00 1.15 1.15 1.15 1.15 1.15 1.15 1.15 1.15 1.15 1.15 1.15 1.15 1.15 1.15 1.15 1.15 1.15 1.15 1.15 1.15 1.15 1.15 1.15
2032.00 1.01 1.01 1.01 1.01 1.01 1.01 1.01 1.01 1.01 1.01 1.01 1.01 1.01 1.01 1.01 1.01 1.01 1.01 1.01 1.01 1.01 1.01 1.01
2033.00 0.86 0.86 0.86 0.86 0.86 0.86 0.86 0.86 0.86 0.86 0.86 0.86 0.86 0.86 0.86 0.86 0.86 0.86 0.86 0.86 0.86 0.86 0.86
2034.00 0.70 0.70 0.70 0.70 0.70 0.70 0.70 0.70 0.70 0.70 0.70 0.70 0.70 0.70 0.70 0.70 0.70 0.70 0.70 0.70 0.70 0.70 0.70
2035.00 0.88 0.88 0.88 0.88 0.88 0.88 0.88 0.88 0.88 0.88 0.88 0.88 0.88 0.88 0.88 0.88 0.88 0.88 0.88 0.88 0.88 0.88 0.88
2036.00 0.89 0.89 0.89 0.89 0.89 0.89 0.89 0.89 0.89 0.89 0.89 0.89 0.89 0.89 0.89 0.89 0.89 0.89 0.89 0.89 0.89 0.89 0.89
2037.00 0.85 0.85 0.85 0.85 0.85 0.85 0.85 0.85 0.85 0.85 0.85 0.85 0.85 0.85 0.85 0.85 0.85 0.85 0.85 0.85 0.85 0.85 0.85
2038.00 0.80 0.80 0.80 0.80 0.80 0.80 0.80 0.80 0.80 0.80 0.80 0.80 0.80 0.80 0.80 0.80 0.80 0.80 0.80 0.80 0.80 0.80 0.80
2039.00 0.78 0.78 0.78 0.78 0.78 0.78 0.78 0.78 0.78 0.78 0.78 0.78 0.78 0.78 0.78 0.78 0.78 0.78 0.78 0.78 0.78 0.78 0.78
2040.00 0.73 0.73 0.73 0.73 0.73 0.73 0.73 0.73 0.73 0.73 0.73 0.73 0.73 0.73 0.73 0.73 0.73 0.73 0.73 0.73 0.73 0.73 0.73
2041.00 0.69 0.69 0.69 0.69 0.69 0.69 0.69 0.69 0.69 0.69 0.69 0.69 0.69 0.69 0.69 0.69 0.69 0.69 0.69 0.69 0.69 0.69 0.69
2042.00 0.64 0.64 0.64 0.64 0.64 0.64 0.64 0.64 0.64 0.64 0.64 0.64 0.64 0.64 0.64 0.64 0.64 0.64 0.64 0.64 0.64 0.64 0.64
2043.00 0.79 0.79 0.79 0.79 0.79 0.79 0.79 0.79 0.79 0.79 0.79 0.79 0.79 0.79 0.79 0.79 0.79 0.79 0.79 0.79 0.79 0.79 0.79
2044.00 0.90 0.90 0.90 0.90 0.90 0.90 0.90 0.90 0.90 0.90 0.90 0.90 0.90 0.90 0.90 0.90 0.90 0.90 0.90 0.90 0.90 0.90 0.90
2045.00 0.96 0.96 0.96 0.96 0.96 0.96 0.96 0.96 0.96 0.96 0.96 0.96 0.96 0.96 0.96 0.96 0.96 0.96 0.96 0.96 0.96 0.96 0.96
2046.00 1.15 1.15 1.15 1.15 1.15 1.15 1.15 1.15 1.15 1.15 1.15 1.15 1.15 1.15 1.15 1.15 1.15 1.15 1.15 1.15 1.15 1.15 1.15
2047.00 1.35 1.35 1.35 1.35 1.35 1.35 1.35 1.35 1.35 1.35 1.35 1.35 1.35 1.35 1.35 1.35 1.35 1.35 1.35 1.35 1.35 1.35 1.35
2048.00 1.28 1.28 1.28 1.28 1.28 1.28 1.28 1.28 1.28 1.28 1.28 1.28 1.28 1.28 1.28 1.28 1.28 1.28 1.28 1.28 1.28 1.28 1.28
2049.00 1.32 1.32 1.32 1.32 1.32 1.32 1.32 1.32 1.32 1.32 1.32 1.32 1.32 1.32 1.32 1.32 1.32 1.32 1.32 1.32 1.32 1.32 1.32
2050.00 1.31 1.31 1.31 1.31 1.31 1.31 1.31 1.31 1.31 1.31 1.31 1.31 1.31 1.31 1.31 1.31 1.31 1.31 1.31 1.31 1.31 1.31 1.31
2051.00 1.21 1.21 1.21 1.21 1.21 1.21 1.21 1.21 1.21 1.21 1.21 1.21 1.21 1.21 1.21 1.21 1.21 1.21 1.21 1.21 1.21 1.21 1.21
2052.00 0.99 0.99 0.99 0.99 0.99 0.99 0.99 0.99 0.99 0.99 0.99 0.99 0.99 0.99 0.99 0.99 0.99 0.99 0.99 0.99 0.99 0.99 0.99
2053.00 0.97 0.97 0.97 0.97 0.97 0.97 0.97 0.97 0.97 0.97 0.97 0.97 0.97 0.97 0.97 0.97 0.97 0.97 0.97 0.97 0.97 0.97 0.97
2054.00 0.88 0.88 0.88 0.88 0.88 0.88 0.88 0.88 0.88 0.88 0.88 0.88 0.88 0.88 0.88 0.88 0.88 0.88 0.88 0.88 0.88 0.88 0.88
2055.00 0.89 0.89 0.89 0.89 0.89 0.89 0.89 0.89 0.89 0.89 0.89 0.89 0.89 0.89 0.89 0.89 0.89 0.89 0.89 0.89 0.89 0.89 0.89
2056.00 0.83 0.83 0.83 0.83 0.83 0.83 0.83 0.83 0.83 0.83 0.83 0.83 0.83 0.83 0.83 0.83 0.83 0.83 0.83 0.83 0.83 0.83 0.83
2057.00 0.80 0.80 0.80 0.80 0.80 0.80 0.80 0.80 0.80 0.80 0.80 0.80 0.80 0.80 0.80 0.80 0.80 0.80 0.80 0.80 0.80 0.80 0.80
2058.00 0.88 0.88 0.88 0.88 0.88 0.88 0.88 0.88 0.88 0.88 0.88 0.88 0.88 0.88 0.88 0.88 0.88 0.88 0.88 0.88 0.88 0.88 0.88
2059.00 0.88 0.88 0.88 0.88 0.88 0.88 0.88 0.88 0.88 0.88 0.88 0.88 0.88 0.88 0.88 0.88 0.88 0.88 0.88 0.88 0.88 0.88 0.88
2060.00 0.81 0.81 0.81 0.81 0.81 0.81 0.81 0.81 0.81 0.81 0.81 0.81 0.81 0.81 0.81 0.81 0.81 0.81 0.81 0.81 0.81 0.81 0.81
2061.00 0.94 0.94 0.94 0.94 0.94 0.94 0.94 0.94 0.94 0.94 0.94 0.94 0.94 0.94 0.94 0.94 0.94 0.94 0.94 0.94 0.94 0.94 0.94
2062.00 0.87 0.87 0.87 0.87 0.87 0.87 0.87 0.87 0.87 0.87 0.87 0.87 0.87 0.87 0.87 0.87 0.87 0.87 0.87 0.87 0.87 0.87 0.87
2063.00 0.74 0.74 0.74 0.74 0.74 0.74 0.74 0.74 0.74 0.74 0.74 0.74 0.74 0.74 0.74 0.74 0.74 0.74 0.74 0.74 0.74 0.74 0.74
2064.00 0.77 0.77 0.77 0.77 0.77 0.77 0.77 0.77 0.77 0.77 0.77 0.77 0.77 0.77 0.77 0.77 0.77 0.77 0.77 0.77 0.77 0.77 0.77
2065.00 0.85 0.85 0.85 0.85 0.85 0.85 0.85 0.85 0.85 0.85 0.85 0.85 0.85 0.85 0.85 0.85 0.85 0.85 0.85 0.85 0.85 0.85 0.85
