# yearspad, alpred
# [0.6  0.62 0.64 0.66 0.68 0.7  0.72 0.74 0.76 0.78 0.8  0.82 0.84 0.86
#  0.88 0.9  0.92 0.94 0.96 0.98 1.   1.02 1.04]
1922.00 11.51 11.51 11.51 11.51 11.51 11.51 11.51 11.51 11.51 11.51 11.51 11.51 11.51 11.51 11.51 11.51 11.51 11.51 11.51 11.51 11.51 11.51 11.51
1923.00 11.39 11.39 11.39 11.39 11.39 11.39 11.39 11.39 11.39 11.39 11.39 11.39 11.39 11.39 11.39 11.39 11.39 11.39 11.39 11.39 11.39 11.39 11.39
1924.00 11.08 11.08 11.08 11.08 11.08 11.08 11.08 11.08 11.08 11.08 11.08 11.08 11.08 11.08 11.08 11.08 11.08 11.08 11.08 11.08 11.08 11.08 11.08
1925.00 11.02 11.02 11.02 11.02 11.02 11.02 11.02 11.02 11.02 11.02 11.02 11.02 11.02 11.02 11.02 11.02 11.02 11.02 11.02 11.02 11.02 11.02 11.02
1926.00 10.85 10.85 10.85 10.85 10.85 10.85 10.85 10.85 10.85 10.85 10.85 10.85 10.85 10.85 10.85 10.85 10.85 10.85 10.85 10.85 10.85 10.85 10.85
1927.00 10.51 10.51 10.51 10.51 10.51 10.51 10.51 10.51 10.51 10.51 10.51 10.51 10.51 10.51 10.51 10.51 10.51 10.51 10.51 10.51 10.51 10.51 10.51
1928.00 10.55 10.55 10.55 10.55 10.55 10.55 10.55 10.55 10.55 10.55 10.55 10.55 10.55 10.55 10.55 10.55 10.55 10.55 10.55 10.55 10.55 10.55 10.55
1929.00 10.13 10.13 10.13 10.13 10.13 10.13 10.13 10.13 10.13 10.13 10.13 10.13 10.13 10.13 10.13 10.13 10.13 10.13 10.13 10.13 10.13 10.13 10.13
1930.00 9.64 9.64 9.64 9.64 9.64 9.64 9.64 9.64 9.64 9.64 9.64 9.64 9.64 9.64 9.64 9.64 9.64 9.64 9.64 9.64 9.64 9.64 9.64
1931.00 9.32 9.32 9.32 9.32 9.32 9.32 9.32 9.32 9.32 9.32 9.32 9.32 9.32 9.32 9.32 9.32 9.32 9.32 9.32 9.32 9.32 9.32 9.32
1932.00 8.61 8.61 8.61 8.61 8.61 8.61 8.61 8.61 8.61 8.61 8.61 8.61 8.61 8.61 8.61 8.61 8.61 8.61 8.61 8.61 8.61 8.61 8.61
1933.00 8.22 8.22 8.22 8.22 8.22 8.22 8.22 8.22 8.22 8.22 8.22 8.22 8.22 8.22 8.22 8.22 8.22 8.22 8.22 8.22 8.22 8.22 8.22
1934.00 7.85 7.85 7.85 7.85 7.85 7.85 7.85 7.85 7.85 7.85 7.85 7.85 7.85 7.85 7.85 7.85 7.85 7.85 7.85 7.85 7.85 7.85 7.85
1935.00 7.11 7.11 7.11 7.11 7.11 7.11 7.11 7.11 7.11 7.11 7.11 7.11 7.11 7.11 7.11 7.11 7.11 7.11 7.11 7.11 7.11 7.11 7.11
1936.00 6.83 6.83 6.83 6.83 6.83 6.83 6.83 6.83 6.83 6.83 6.83 6.83 6.83 6.83 6.83 6.83 6.83 6.83 6.83 6.83 6.83 6.83 6.83
1937.00 5.95 5.95 5.95 5.95 5.95 5.95 5.95 5.95 5.95 5.95 5.95 5.95 5.95 5.95 5.95 5.95 5.95 5.95 5.95 5.95 5.95 5.95 5.95
1938.00 5.20 5.20 5.20 5.20 5.20 5.20 5.20 5.20 5.20 5.20 5.20 5.20 5.20 5.20 5.20 5.20 5.20 5.20 5.20 5.20 5.20 5.20 5.20
1939.00 5.02 5.02 5.02 5.02 5.02 5.02 5.02 5.02 5.02 5.02 5.02 5.02 5.02 5.02 5.02 5.02 5.02 5.02 5.02 5.02 5.02 5.02 5.02
1940.00 3.99 3.99 3.99 3.99 3.99 3.99 3.99 3.99 3.99 3.99 3.99 3.99 3.99 3.99 3.99 3.99 3.99 3.99 3.99 3.99 3.99 3.99 3.99
1941.00 3.11 3.11 3.11 3.11 3.11 3.11 3.11 3.11 3.11 3.11 3.11 3.11 3.11 3.11 3.11 3.11 3.11 3.11 3.11 3.11 3.11 3.11 3.11
1942.00 2.40 2.40 2.40 2.40 2.40 2.40 2.40 2.40 2.40 2.40 2.40 2.40 2.40 2.40 2.40 2.40 2.40 2.40 2.40 2.40 2.40 2.40 2.40
1943.00 1.10 1.10 1.10 1.10 1.10 1.10 1.10 1.10 1.10 1.10 1.10 1.10 1.10 1.10 1.10 1.10 1.10 1.10 1.10 1.10 1.10 1.10 1.10
1944.00 0.49 0.49 0.49 0.49 0.49 0.49 0.49 0.49 0.49 0.49 0.49 0.49 0.49 0.49 0.49 0.49 0.49 0.49 0.49 0.49 0.49 0.49 0.49
1945.00 -0.43 -0.43 -0.43 -0.43 -0.43 -0.43 -0.43 -0.43 -0.43 -0.43 -0.43 -0.43 -0.43 -0.43 -0.43 -0.43 -0.43 -0.43 -0.43 -0.43 -0.43 -0.43 -0.43
1946.00 -1.19 -1.19 -1.19 -1.19 -1.19 -1.19 -1.19 -1.19 -1.19 -1.19 -1.19 -1.19 -1.19 -1.19 -1.19 -1.19 -1.19 -1.19 -1.19 -1.19 -1.19 -1.19 -1.19
1947.00 -2.28 -2.28 -2.28 -2.28 -2.28 -2.28 -2.28 -2.28 -2.28 -2.28 -2.28 -2.28 -2.28 -2.28 -2.28 -2.28 -2.28 -2.28 -2.28 -2.28 -2.28 -2.28 -2.28
1948.00 -3.63 -3.63 -3.63 -3.63 -3.63 -3.63 -3.63 -3.63 -3.63 -3.63 -3.63 -3.63 -3.63 -3.63 -3.63 -3.63 -3.63 -3.63 -3.63 -3.63 -3.63 -3.63 -3.63
1949.00 -4.94 -4.94 -4.94 -4.94 -4.94 -4.94 -4.94 -4.94 -4.94 -4.94 -4.94 -4.94 -4.94 -4.94 -4.94 -4.94 -4.94 -4.94 -4.94 -4.94 -4.94 -4.94 -4.94
1950.00 -5.99 -5.99 -5.99 -5.99 -5.99 -5.99 -5.99 -5.99 -5.99 -5.99 -5.99 -5.99 -5.99 -5.99 -5.99 -5.99 -5.99 -5.99 -5.99 -5.99 -5.99 -5.99 -5.99
1951.00 -7.31 -7.31 -7.31 -7.31 -7.31 -7.31 -7.31 -7.31 -7.31 -7.31 -7.31 -7.31 -7.31 -7.31 -7.31 -7.31 -7.31 -7.31 -7.31 -7.31 -7.31 -7.31 -7.31
1952.00 -8.30 -8.30 -8.30 -8.30 -8.30 -8.30 -8.30 -8.30 -8.30 -8.30 -8.30 -8.30 -8.30 -8.30 -8.30 -8.30 -8.30 -8.30 -8.30 -8.30 -8.30 -8.30 -8.30
1953.00 -9.26 -9.26 -9.26 -9.26 -9.26 -9.26 -9.26 -9.26 -9.26 -9.26 -9.26 -9.26 -9.26 -9.26 -9.26 -9.26 -9.26 -9.26 -9.26 -9.26 -9.26 -9.26 -9.26
1954.00 -10.78 -10.78 -10.78 -10.78 -10.78 -10.78 -10.78 -10.78 -10.78 -10.78 -10.78 -10.78 -10.78 -10.78 -10.78 -10.78 -10.78 -10.78 -10.78 -10.78 -10.78 -10.78 -10.78
1955.00 -11.91 -11.91 -11.91 -11.91 -11.91 -11.91 -11.91 -11.91 -11.91 -11.91 -11.91 -11.91 -11.91 -11.91 -11.91 -11.91 -11.91 -11.91 -11.91 -11.91 -11.91 -11.91 -11.91
1956.00 -13.37 -13.37 -13.37 -13.37 -13.37 -13.37 -13.37 -13.37 -13.37 -13.37 -13.37 -13.37 -13.37 -13.37 -13.37 -13.37 -13.37 -13.37 -13.37 -13.37 -13.37 -13.37 -13.37
1957.00 -14.60 -14.60 -14.60 -14.60 -14.60 -14.60 -14.60 -14.60 -14.60 -14.60 -14.60 -14.60 -14.60 -14.60 -14.60 -14.60 -14.60 -14.60 -14.60 -14.60 -14.60 -14.60 -14.60
1958.00 -15.97 -15.97 -15.97 -15.97 -15.97 -15.97 -15.97 -15.97 -15.97 -15.97 -15.97 -15.97 -15.97 -15.97 -15.97 -15.97 -15.97 -15.97 -15.97 -15.97 -15.97 -15.97 -15.97
1959.00 -17.31 -17.31 -17.31 -17.31 -17.31 -17.31 -17.31 -17.31 -17.31 -17.31 -17.31 -17.31 -17.31 -17.31 -17.31 -17.31 -17.31 -17.31 -17.31 -17.31 -17.31 -17.31 -17.31
1960.00 -18.81 -18.81 -18.81 -18.81 -18.81 -18.81 -18.81 -18.81 -18.81 -18.81 -18.81 -18.81 -18.81 -18.81 -18.81 -18.81 -18.81 -18.81 -18.81 -18.81 -18.81 -18.81 -18.81
1961.00 -19.88 -19.88 -19.88 -19.88 -19.88 -19.88 -19.88 -19.88 -19.88 -19.88 -19.88 -19.88 -19.88 -19.88 -19.88 -19.88 -19.88 -19.88 -19.88 -19.88 -19.88 -19.88 -19.88
1962.00 -21.17 -21.17 -21.17 -21.17 -21.17 -21.17 -21.17 -21.17 -21.17 -21.17 -21.17 -21.17 -21.17 -21.17 -21.17 -21.17 -21.17 -21.17 -21.17 -21.17 -21.17 -21.17 -21.17
1963.00 -22.69 -22.69 -22.69 -22.69 -22.69 -22.69 -22.69 -22.69 -22.69 -22.69 -22.69 -22.69 -22.69 -22.69 -22.69 -22.69 -22.69 -22.69 -22.69 -22.69 -22.69 -22.69 -22.69
1964.00 -23.93 -23.93 -23.93 -23.93 -23.93 -23.93 -23.93 -23.93 -23.93 -23.93 -23.93 -23.93 -23.93 -23.93 -23.93 -23.93 -23.93 -23.93 -23.93 -23.93 -23.93 -23.93 -23.93
1965.00 -25.71 -25.71 -25.71 -25.71 -25.71 -25.71 -25.71 -25.71 -25.71 -25.71 -25.71 -25.71 -25.71 -25.71 -25.71 -25.71 -25.71 -25.71 -25.71 -25.71 -25.71 -25.71 -25.71
1966.00 -27.19 -27.19 -27.19 -27.19 -27.19 -27.19 -27.19 -27.19 -27.19 -27.19 -27.19 -27.19 -27.19 -27.19 -27.19 -27.19 -27.19 -27.19 -27.19 -27.19 -27.19 -27.19 -27.19
1967.00 -28.31 -28.31 -28.31 -28.31 -28.31 -28.31 -28.31 -28.31 -28.31 -28.31 -28.31 -28.31 -28.31 -28.31 -28.31 -28.31 -28.31 -28.31 -28.31 -28.31 -28.31 -28.31 -28.31
1968.00 -29.77 -29.77 -29.77 -29.77 -29.77 -29.77 -29.77 -29.77 -29.77 -29.77 -29.77 -29.77 -29.77 -29.77 -29.77 -29.77 -29.77 -29.77 -29.77 -29.77 -29.77 -29.77 -29.77
1969.00 -30.99 -30.99 -30.99 -30.99 -30.99 -30.99 -30.99 -30.99 -30.99 -30.99 -30.99 -30.99 -30.99 -30.99 -30.99 -30.99 -30.99 -30.99 -30.99 -30.99 -30.99 -30.99 -30.99
1970.00 90.02 90.02 90.02 90.02 90.02 90.02 90.02 90.02 90.02 90.02 90.02 90.02 90.02 90.02 90.02 90.02 90.02 90.02 90.02 90.02 90.02 90.02 90.02
1971.00 92.63 92.63 92.63 92.63 92.63 92.63 92.63 92.63 92.63 92.63 92.63 92.63 92.63 92.63 92.63 92.63 92.63 92.63 92.63 92.63 92.63 92.63 92.63
1972.00 99.24 99.24 99.24 99.24 99.24 99.24 99.24 99.24 99.24 99.24 99.24 99.24 99.24 99.24 99.24 99.24 99.24 99.24 99.24 99.24 99.24 99.24 99.24
1973.00 98.91 98.91 98.91 98.91 98.91 98.91 98.91 98.91 98.91 98.91 98.91 98.91 98.91 98.91 98.91 98.91 98.91 98.91 98.91 98.91 98.91 98.91 98.91
1974.00 100.33 100.33 100.33 100.33 100.33 100.33 100.33 100.33 100.33 100.33 100.33 100.33 100.33 100.33 100.33 100.33 100.33 100.33 100.33 100.33 100.33 100.33 100.33
1975.00 103.04 103.04 103.04 103.04 103.04 103.04 103.04 103.04 103.04 103.04 103.04 103.04 103.04 103.04 103.04 103.04 103.04 103.04 103.04 103.04 103.04 103.04 103.04
1976.00 102.46 102.46 102.46 102.46 102.46 102.46 102.46 102.46 102.46 102.46 102.46 102.46 102.46 102.46 102.46 102.46 102.46 102.46 102.46 102.46 102.46 102.46 102.46
1977.00 102.41 102.41 102.41 102.41 102.41 102.41 102.41 102.41 102.41 102.41 102.41 102.41 102.41 102.41 102.41 102.41 102.41 102.41 102.41 102.41 102.41 102.41 102.41
1978.00 103.08 103.08 103.08 103.08 103.08 103.08 103.08 103.08 103.08 103.08 103.08 103.08 103.08 103.08 103.08 103.08 103.08 103.08 103.08 103.08 103.08 103.08 103.08
1979.00 101.02 101.02 101.02 101.02 101.02 101.02 101.02 101.02 101.02 101.02 101.02 101.02 101.02 101.02 101.02 101.02 101.02 101.02 101.02 101.02 101.02 101.02 101.02
1980.00 102.67 102.67 102.67 102.67 102.67 102.67 102.67 102.67 102.67 102.67 102.67 102.67 102.67 102.67 102.67 102.67 102.67 102.67 102.67 102.67 102.67 102.67 102.67
1981.00 102.95 102.95 102.95 102.95 102.95 102.95 102.95 102.95 102.95 102.95 102.95 102.95 102.95 102.95 102.95 102.95 102.95 102.95 102.95 102.95 102.95 102.95 102.95
1982.00 97.60 97.60 97.60 97.60 97.60 97.60 97.60 97.60 97.60 97.60 97.60 97.60 97.60 97.60 97.60 97.60 97.60 97.60 97.60 97.60 97.60 97.60 97.60
1983.00 96.24 96.24 96.24 96.24 96.24 96.24 96.24 96.24 96.24 96.24 96.24 96.24 96.24 96.24 96.24 96.24 96.24 96.24 96.24 96.24 96.24 96.24 96.24
1984.00 88.93 88.93 88.93 88.93 88.93 88.93 88.93 88.93 88.93 88.93 88.93 88.93 88.93 88.93 88.93 88.93 88.93 88.93 88.93 88.93 88.93 88.93 88.93
1985.00 88.03 88.03 88.03 88.03 88.03 88.03 88.03 88.03 88.03 88.03 88.03 88.03 88.03 88.03 88.03 88.03 88.03 88.03 88.03 88.03 88.03 88.03 88.03
1986.00 88.12 88.12 88.12 88.12 88.12 88.12 88.12 88.12 88.12 88.12 88.12 88.12 88.12 88.12 88.12 88.12 88.12 88.12 88.12 88.12 88.12 88.12 88.12
1987.00 82.36 82.36 82.36 82.36 82.36 82.36 82.36 82.36 82.36 82.36 82.36 82.36 82.36 82.36 82.36 82.36 82.36 82.36 82.36 82.36 82.36 82.36 82.36
1988.00 35.53 37.76 39.98 42.20 44.43 46.65 48.87 51.10 53.32 55.54 57.77 59.99 62.21 64.44 66.66 68.88 71.11 73.33 75.55 77.78 80.00 82.23 84.45
1989.00 34.37 36.52 38.66 40.81 42.96 45.10 47.25 49.39 51.54 53.68 55.83 57.98 60.12 62.27 64.41 66.56 68.70 70.85 73.00 75.14 77.29 79.43 81.58
1990.00 33.25 35.31 37.37 39.43 41.49 43.55 45.61 47.67 49.73 51.79 53.85 55.91 57.97 60.03 62.09 64.15 66.21 68.27 70.33 72.39 74.45 76.51 78.57
1991.00 33.44 35.46 37.47 39.49 41.50 43.51 45.53 47.54 49.56 51.57 53.59 55.60 57.61 59.63 61.64 63.66 65.67 67.69 69.70 71.71 73.73 75.74 77.76
1992.00 33.87 35.86 37.85 39.84 41.83 43.82 45.81 47.80 49.79 51.78 53.77 55.76 57.75 59.74 61.73 63.72 65.71 67.70 69.69 71.68 73.67 75.66 77.65
1993.00 34.21 36.17 38.13 40.09 42.05 44.01 45.97 47.93 49.89 51.85 53.81 55.77 57.74 59.70 61.66 63.62 65.58 67.54 69.50 71.46 73.42 75.38 77.34
1994.00 34.97 36.90 38.83 40.76 42.69 44.63 46.56 48.49 50.42 52.35 54.28 56.22 58.15 60.08 62.01 63.94 65.87 67.81 69.74 71.67 73.60 75.53 77.46
1995.00 36.10 38.03 39.96 41.89 43.82 45.75 47.68 49.61 51.54 53.47 55.40 57.33 59.26 61.19 63.12 65.05 66.98 68.91 70.84 72.78 74.71 76.64 78.57
1996.00 36.54 38.43 40.32 42.21 44.10 45.99 47.88 49.77 51.66 53.55 55.44 57.33 59.22 61.11 63.00 64.89 66.78 68.67 70.56 72.45 74.34 76.23 78.12
1997.00 37.91 39.79 41.67 43.55 45.43 47.32 49.20 51.08 52.96 54.84 56.72 58.61 60.49 62.37 64.25 66.13 68.02 69.90 71.78 73.66 75.54 77.42 79.31
1998.00 38.18 40.03 41.88 43.74 45.59 47.44 49.29 51.15 53.00 54.85 56.71 58.56 60.41 62.27 64.12 65.97 67.83 69.68 71.53 73.39 75.24 77.09 78.94
1999.00 37.68 39.47 41.27 43.06 44.85 46.64 48.43 50.22 52.01 53.80 55.59 57.38 59.17 60.96 62.75 64.54 66.33 68.12 69.91 71.70 73.49 75.28 77.07
2000.00 35.88 37.57 39.25 40.94 42.63 44.32 46.01 47.69 49.38 51.07 52.76 54.45 56.13 57.82 59.51 61.20 62.89 64.58 66.26 67.95 69.64 71.33 73.02
2001.00 35.31 36.94 38.57 40.20 41.83 43.46 45.09 46.72 48.35 49.98 51.61 53.24 54.87 56.50 58.13 59.76 61.39 63.02 64.64 66.27 67.90 69.53 71.16
2002.00 35.51 37.11 38.70 40.30 41.89 43.49 45.08 46.68 48.27 49.87 51.46 53.06 54.65 56.25 57.84 59.44 61.03 62.63 64.22 65.81 67.41 69.00 70.60
2003.00 35.86 37.42 38.99 40.55 42.12 43.69 45.25 46.82 48.39 49.95 51.52 53.08 54.65 56.22 57.78 59.35 60.91 62.48 64.05 65.61 67.18 68.74 70.31
2004.00 34.13 35.60 37.07 38.54 40.01 41.48 42.95 44.42 45.89 47.36 48.83 50.30 51.77 53.24 54.71 56.18 57.65 59.12 60.59 62.06 63.53 65.00 66.47
2005.00 34.89 36.33 37.77 39.22 40.66 42.11 43.55 44.99 46.44 47.88 49.32 50.77 52.21 53.66 55.10 56.54 57.99 59.43 60.88 62.32 63.76 65.21 66.65
2006.00 34.98 36.39 37.79 39.20 40.60 42.01 43.41 44.82 46.23 47.63 49.04 50.44 51.85 53.25 54.66 56.07 57.47 58.88 60.28 61.69 63.09 64.50 65.91
2007.00 34.91 36.28 37.64 39.00 40.37 41.73 43.10 44.46 45.82 47.19 48.55 49.92 51.28 52.64 54.01 55.37 56.74 58.10 59.46 60.83 62.19 63.56 64.92
2008.00 33.36 34.63 35.90 37.18 38.45 39.72 40.99 42.26 43.53 44.80 46.08 47.35 48.62 49.89 51.16 52.43 53.70 54.97 56.25 57.52 58.79 60.06 61.33
2009.00 32.27 33.48 34.69 35.90 37.11 38.32 39.52 40.73 41.94 43.15 44.36 45.57 46.77 47.98 49.19 50.40 51.61 52.82 54.02 55.23 56.44 57.65 58.86
2010.00 29.90 30.99 32.09 33.18 34.28 35.37 36.47 37.56 38.66 39.75 40.85 41.94 43.04 44.13 45.23 46.32 47.42 48.51 49.61 50.70 51.80 52.89 53.99
2011.00 30.13 31.20 32.26 33.32 34.38 35.44 36.50 37.56 38.62 39.68 40.74 41.80 42.87 43.93 44.99 46.05 47.11 48.17 49.23 50.29 51.35 52.41 53.47
2012.00 30.39 31.42 32.44 33.47 34.49 35.52 36.55 37.57 38.60 39.62 40.65 41.68 42.70 43.73 44.75 45.78 46.81 47.83 48.86 49.88 50.91 51.94 52.96
2013.00 30.04 31.02 32.01 33.00 33.99 34.97 35.96 36.95 37.94 38.92 39.91 40.90 41.89 42.88 43.86 44.85 45.84 46.83 47.81 48.80 49.79 50.78 51.76
2014.00 29.77 30.72 31.66 32.60 33.55 34.49 35.43 36.37 37.32 38.26 39.20 40.15 41.09 42.03 42.98 43.92 44.86 45.80 46.75 47.69 48.63 49.58 50.52
2015.00 30.05 30.99 31.92 32.86 33.79 34.73 35.66 36.60 37.53 38.47 39.40 40.34 41.27 42.21 43.14 44.08 45.01 45.95 46.88 47.82 48.75 49.69 50.63
2016.00 30.48 31.39 32.30 33.21 34.12 35.03 35.94 36.86 37.77 38.68 39.59 40.50 41.41 42.32 43.23 44.14 45.05 45.96 46.87 47.78 48.69 49.60 50.52
2017.00 30.23 31.11 31.99 32.87 33.75 34.63 35.51 36.39 37.27 38.15 39.03 39.91 40.79 41.66 42.54 43.42 44.30 45.18 46.06 46.94 47.82 48.70 49.58
2018.00 4.57 4.57 4.57 4.57 4.57 4.57 4.57 4.57 4.57 4.57 4.57 4.57 4.57 4.57 4.57 4.57 4.57 4.57 4.57 4.57 4.57 4.57 4.57
2019.00 5.52 5.52 5.52 5.52 5.52 5.52 5.52 5.52 5.52 5.52 5.52 5.52 5.52 5.52 5.52 5.52 5.52 5.52 5.52 5.52 5.52 5.52 5.52
2020.00 5.73 5.73 5.73 5.73 5.73 5.73 5.73 5.73 5.73 5.73 5.73 5.73 5.73 5.73 5.73 5.73 5.73 5.73 5.73 5.73 5.73 5.73 5.73
2021.00 6.36 6.36 6.36 6.36 6.36 6.36 6.36 6.36 6.36 6.36 6.36 6.36 6.36 6.36 6.36 6.36 6.36 6.36 6.36 6.36 6.36 6.36 6.36
2022.00 7.25 7.25 7.25 7.25 7.25 7.25 7.25 7.25 7.25 7.25 7.25 7.25 7.25 7.25 7.25 7.25 7.25 7.25 7.25 7.25 7.25 7.25 7.25
2023.00 7.62 7.62 7.62 7.62 7.62 7.62 7.62 7.62 7.62 7.62 7.62 7.62 7.62 7.62 7.62 7.62 7.62 7.62 7.62 7.62 7.62 7.62 7.62
2024.00 8.34 8.34 8.34 8.34 8.34 8.34 8.34 8.34 8.34 8.34 8.34 8.34 8.34 8.34 8.34 8.34 8.34 8.34 8.34 8.34 8.34 8.34 8.34
2025.00 8.93 8.93 8.93 8.93 8.93 8.93 8.93 8.93 8.93 8.93 8.93 8.93 8.93 8.93 8.93 8.93 8.93 8.93 8.93 8.93 8.93 8.93 8.93
2026.00 9.04 9.04 9.04 9.04 9.04 9.04 9.04 9.04 9.04 9.04 9.04 9.04 9.04 9.04 9.04 9.04 9.04 9.04 9.04 9.04 9.04 9.04 9.04
2027.00 9.58 9.58 9.58 9.58 9.58 9.58 9.58 9.58 9.58 9.58 9.58 9.58 9.58 9.58 9.58 9.58 9.58 9.58 9.58 9.58 9.58 9.58 9.58
2028.00 9.79 9.79 9.79 9.79 9.79 9.79 9.79 9.79 9.79 9.79 9.79 9.79 9.79 9.79 9.79 9.79 9.79 9.79 9.79 9.79 9.79 9.79 9.79
2029.00 10.11 10.11 10.11 10.11 10.11 10.11 10.11 10.11 10.11 10.11 10.11 10.11 10.11 10.11 10.11 10.11 10.11 10.11 10.11 10.11 10.11 10.11 10.11
2030.00 10.72 10.72 10.72 10.72 10.72 10.72 10.72 10.72 10.72 10.72 10.72 10.72 10.72 10.72 10.72 10.72 10.72 10.72 10.72 10.72 10.72 10.72 10.72
2031.00 10.64 10.64 10.64 10.64 10.64 10.64 10.64 10.64 10.64 10.64 10.64 10.64 10.64 10.64 10.64 10.64 10.64 10.64 10.64 10.64 10.64 10.64 10.64
2032.00 10.99 10.99 10.99 10.99 10.99 10.99 10.99 10.99 10.99 10.99 10.99 10.99 10.99 10.99 10.99 10.99 10.99 10.99 10.99 10.99 10.99 10.99 10.99
2033.00 11.24 11.24 11.24 11.24 11.24 11.24 11.24 11.24 11.24 11.24 11.24 11.24 11.24 11.24 11.24 11.24 11.24 11.24 11.24 11.24 11.24 11.24 11.24
2034.00 11.22 11.22 11.22 11.22 11.22 11.22 11.22 11.22 11.22 11.22 11.22 11.22 11.22 11.22 11.22 11.22 11.22 11.22 11.22 11.22 11.22 11.22 11.22
2035.00 11.58 11.58 11.58 11.58 11.58 11.58 11.58 11.58 11.58 11.58 11.58 11.58 11.58 11.58 11.58 11.58 11.58 11.58 11.58 11.58 11.58 11.58 11.58
2036.00 11.64 11.64 11.64 11.64 11.64 11.64 11.64 11.64 11.64 11.64 11.64 11.64 11.64 11.64 11.64 11.64 11.64 11.64 11.64 11.64 11.64 11.64 11.64
2037.00 11.68 11.68 11.68 11.68 11.68 11.68 11.68 11.68 11.68 11.68 11.68 11.68 11.68 11.68 11.68 11.68 11.68 11.68 11.68 11.68 11.68 11.68 11.68
2038.00 11.81 11.81 11.81 11.81 11.81 11.81 11.81 11.81 11.81 11.81 11.81 11.81 11.81 11.81 11.81 11.81 11.81 11.81 11.81 11.81 11.81 11.81 11.81
2039.00 11.73 11.73 11.73 11.73 11.73 11.73 11.73 11.73 11.73 11.73 11.73 11.73 11.73 11.73 11.73 11.73 11.73 11.73 11.73 11.73 11.73 11.73 11.73
2040.00 11.88 11.88 11.88 11.88 11.88 11.88 11.88 11.88 11.88 11.88 11.88 11.88 11.88 11.88 11.88 11.88 11.88 11.88 11.88 11.88 11.88 11.88 11.88
2041.00 11.82 11.82 11.82 11.82 11.82 11.82 11.82 11.82 11.82 11.82 11.82 11.82 11.82 11.82 11.82 11.82 11.82 11.82 11.82 11.82 11.82 11.82 11.82
2042.00 11.71 11.71 11.71 11.71 11.71 11.71 11.71 11.71 11.71 11.71 11.71 11.71 11.71 11.71 11.71 11.71 11.71 11.71 11.71 11.71 11.71 11.71 11.71
2043.00 11.78 11.78 11.78 11.78 11.78 11.78 11.78 11.78 11.78 11.78 11.78 11.78 11.78 11.78 11.78 11.78 11.78 11.78 11.78 11.78 11.78 11.78 11.78
2044.00 11.81 11.81 11.81 11.81 11.81 11.81 11.81 11.81 11.81 11.81 11.81 11.81 11.81 11.81 11.81 11.81 11.81 11.81 11.81 11.81 11.81 11.81 11.81
2045.00 11.74 11.74 11.74 11.74 11.74 11.74 11.74 11.74 11.74 11.74 11.74 11.74 11.74 11.74 11.74 11.74 11.74 11.74 11.74 11.74 11.74 11.74 11.74
2046.00 11.84 11.84 11.84 11.84 11.84 11.84 11.84 11.84 11.84 11.84 11.84 11.84 11.84 11.84 11.84 11.84 11.84 11.84 11.84 11.84 11.84 11.84 11.84
2047.00 11.83 11.83 11.83 11.83 11.83 11.83 11.83 11.83 11.83 11.83 11.83 11.83 11.83 11.83 11.83 11.83 11.83 11.83 11.83 11.83 11.83 11.83 11.83
2048.00 11.80 11.80 11.80 11.80 11.80 11.80 11.80 11.80 11.80 11.80 11.80 11.80 11.80 11.80 11.80 11.80 11.80 11.80 11.80 11.80 11.80 11.80 11.80
2049.00 11.82 11.82 11.82 11.82 11.82 11.82 11.82 11.82 11.82 11.82 11.82 11.82 11.82 11.82 11.82 11.82 11.82 11.82 11.82 11.82 11.82 11.82 11.82
2050.00 11.84 11.84 11.84 11.84 11.84 11.84 11.84 11.84 11.84 11.84 11.84 11.84 11.84 11.84 11.84 11.84 11.84 11.84 11.84 11.84 11.84 11.84 11.84
2051.00 11.83 11.83 11.83 11.83 11.83 11.83 11.83 11.83 11.83 11.83 11.83 11.83 11.83 11.83 11.83 11.83 11.83 11.83 11.83 11.83 11.83 11.83 11.83
2052.00 11.81 11.81 11.81 11.81 11.81 11.81 11.81 11.81 11.81 11.81 11.81 11.81 11.81 11.81 11.81 11.81 11.81 11.81 11.81 11.81 11.81 11.81 11.81
2053.00 11.77 11.77 11.77 11.77 11.77 11.77 11.77 11.77 11.77 11.77 11.77 11.77 11.77 11.77 11.77 11.77 11.77 11.77 11.77 11.77 11.77 11.77 11.77
2054.00 11.73 11.73 11.73 11.73 11.73 11.73 11.73 11.73 11.73 11.73 11.73 11.73 11.73 11.73 11.73 11.73 11.73 11.73 11.73 11.73 11.73 11.73 11.73
2055.00 11.78 11.78 11.78 11.78 11.78 11.78 11.78 11.78 11.78 11.78 11.78 11.78 11.78 11.78 11.78 11.78 11.78 11.78 11.78 11.78 11.78 11.78 11.78
2056.00 11.80 11.80 11.80 11.80 11.80 11.80 11.80 11.80 11.80 11.80 11.80 11.80 11.80 11.80 11.80 11.80 11.80 11.80 11.80 11.80 11.80 11.80 11.80
2057.00 11.75 11.75 11.75 11.75 11.75 11.75 11.75 11.75 11.75 11.75 11.75 11.75 11.75 11.75 11.75 11.75 11.75 11.75 11.75 11.75 11.75 11.75 11.75
2058.00 11.86 11.86 11.86 11.86 11.86 11.86 11.86 11.86 11.86 11.86 11.86 11.86 11.86 11.86 11.86 11.86 11.86 11.86 11.86 11.86 11.86 11.86 11.86
2059.00 11.83 11.83 11.83 11.83 11.83 11.83 11.83 11.83 11.83 11.83 11.83 11.83 11.83 11.83 11.83 11.83 11.83 11.83 11.83 11.83 11.83 11.83 11.83
2060.00 11.75 11.75 11.75 11.75 11.75 11.75 11.75 11.75 11.75 11.75 11.75 11.75 11.75 11.75 11.75 11.75 11.75 11.75 11.75 11.75 11.75 11.75 11.75
2061.00 11.81 11.81 11.81 11.81 11.81 11.81 11.81 11.81 11.81 11.81 11.81 11.81 11.81 11.81 11.81 11.81 11.81 11.81 11.81 11.81 11.81 11.81 11.81
2062.00 11.86 11.86 11.86 11.86 11.86 11.86 11.86 11.86 11.86 11.86 11.86 11.86 11.86 11.86 11.86 11.86 11.86 11.86 11.86 11.86 11.86 11.86 11.86
2063.00 11.71 11.71 11.71 11.71 11.71 11.71 11.71 11.71 11.71 11.71 11.71 11.71 11.71 11.71 11.71 11.71 11.71 11.71 11.71 11.71 11.71 11.71 11.71
2064.00 11.77 11.77 11.77 11.77 11.77 11.77 11.77 11.77 11.77 11.77 11.77 11.77 11.77 11.77 11.77 11.77 11.77 11.77 11.77 11.77 11.77 11.77 11.77
2065.00 11.65 11.65 11.65 11.65 11.65 11.65 11.65 11.65 11.65 11.65 11.65 11.65 11.65 11.65 11.65 11.65 11.65 11.65 11.65 11.65 11.65 11.65 11.65
