# yearspad, alpred
# [0.6  0.62 0.64 0.66 0.68 0.7  0.72 0.74 0.76 0.78 0.8  0.82 0.84 0.86
#  0.88 0.9  0.92 0.94 0.96 0.98 1.   1.02 1.04]
1922.00 -18.18 -18.18 -18.18 -18.18 -18.18 -18.18 -18.18 -18.18 -18.18 -18.18 -18.18 -18.18 -18.18 -18.18 -18.18 -18.18 -18.18 -18.18 -18.18 -18.18 -18.18 -18.18 -18.18
1923.00 -18.24 -18.24 -18.24 -18.24 -18.24 -18.24 -18.24 -18.24 -18.24 -18.24 -18.24 -18.24 -18.24 -18.24 -18.24 -18.24 -18.24 -18.24 -18.24 -18.24 -18.24 -18.24 -18.24
1924.00 -17.90 -17.90 -17.90 -17.90 -17.90 -17.90 -17.90 -17.90 -17.90 -17.90 -17.90 -17.90 -17.90 -17.90 -17.90 -17.90 -17.90 -17.90 -17.90 -17.90 -17.90 -17.90 -17.90
1925.00 -17.65 -17.65 -17.65 -17.65 -17.65 -17.65 -17.65 -17.65 -17.65 -17.65 -17.65 -17.65 -17.65 -17.65 -17.65 -17.65 -17.65 -17.65 -17.65 -17.65 -17.65 -17.65 -17.65
1926.00 -16.99 -16.99 -16.99 -16.99 -16.99 -16.99 -16.99 -16.99 -16.99 -16.99 -16.99 -16.99 -16.99 -16.99 -16.99 -16.99 -16.99 -16.99 -16.99 -16.99 -16.99 -16.99 -16.99
1927.00 -16.75 -16.75 -16.75 -16.75 -16.75 -16.75 -16.75 -16.75 -16.75 -16.75 -16.75 -16.75 -16.75 -16.75 -16.75 -16.75 -16.75 -16.75 -16.75 -16.75 -16.75 -16.75 -16.75
1928.00 -14.89 -14.89 -14.89 -14.89 -14.89 -14.89 -14.89 -14.89 -14.89 -14.89 -14.89 -14.89 -14.89 -14.89 -14.89 -14.89 -14.89 -14.89 -14.89 -14.89 -14.89 -14.89 -14.89
1929.00 -13.51 -13.51 -13.51 -13.51 -13.51 -13.51 -13.51 -13.51 -13.51 -13.51 -13.51 -13.51 -13.51 -13.51 -13.51 -13.51 -13.51 -13.51 -13.51 -13.51 -13.51 -13.51 -13.51
1930.00 -11.98 -11.98 -11.98 -11.98 -11.98 -11.98 -11.98 -11.98 -11.98 -11.98 -11.98 -11.98 -11.98 -11.98 -11.98 -11.98 -11.98 -11.98 -11.98 -11.98 -11.98 -11.98 -11.98
1931.00 -10.51 -10.51 -10.51 -10.51 -10.51 -10.51 -10.51 -10.51 -10.51 -10.51 -10.51 -10.51 -10.51 -10.51 -10.51 -10.51 -10.51 -10.51 -10.51 -10.51 -10.51 -10.51 -10.51
1932.00 -8.54 -8.54 -8.54 -8.54 -8.54 -8.54 -8.54 -8.54 -8.54 -8.54 -8.54 -8.54 -8.54 -8.54 -8.54 -8.54 -8.54 -8.54 -8.54 -8.54 -8.54 -8.54 -8.54
1933.00 -6.54 -6.54 -6.54 -6.54 -6.54 -6.54 -6.54 -6.54 -6.54 -6.54 -6.54 -6.54 -6.54 -6.54 -6.54 -6.54 -6.54 -6.54 -6.54 -6.54 -6.54 -6.54 -6.54
1934.00 -4.40 -4.40 -4.40 -4.40 -4.40 -4.40 -4.40 -4.40 -4.40 -4.40 -4.40 -4.40 -4.40 -4.40 -4.40 -4.40 -4.40 -4.40 -4.40 -4.40 -4.40 -4.40 -4.40
1935.00 -2.20 -2.20 -2.20 -2.20 -2.20 -2.20 -2.20 -2.20 -2.20 -2.20 -2.20 -2.20 -2.20 -2.20 -2.20 -2.20 -2.20 -2.20 -2.20 -2.20 -2.20 -2.20 -2.20
1936.00 0.83 0.83 0.83 0.83 0.83 0.83 0.83 0.83 0.83 0.83 0.83 0.83 0.83 0.83 0.83 0.83 0.83 0.83 0.83 0.83 0.83 0.83 0.83
1937.00 1.86 1.86 1.86 1.86 1.86 1.86 1.86 1.86 1.86 1.86 1.86 1.86 1.86 1.86 1.86 1.86 1.86 1.86 1.86 1.86 1.86 1.86 1.86
1938.00 3.74 3.74 3.74 3.74 3.74 3.74 3.74 3.74 3.74 3.74 3.74 3.74 3.74 3.74 3.74 3.74 3.74 3.74 3.74 3.74 3.74 3.74 3.74
1939.00 5.26 5.26 5.26 5.26 5.26 5.26 5.26 5.26 5.26 5.26 5.26 5.26 5.26 5.26 5.26 5.26 5.26 5.26 5.26 5.26 5.26 5.26 5.26
1940.00 6.92 6.92 6.92 6.92 6.92 6.92 6.92 6.92 6.92 6.92 6.92 6.92 6.92 6.92 6.92 6.92 6.92 6.92 6.92 6.92 6.92 6.92 6.92
1941.00 9.01 9.01 9.01 9.01 9.01 9.01 9.01 9.01 9.01 9.01 9.01 9.01 9.01 9.01 9.01 9.01 9.01 9.01 9.01 9.01 9.01 9.01 9.01
1942.00 10.87 10.87 10.87 10.87 10.87 10.87 10.87 10.87 10.87 10.87 10.87 10.87 10.87 10.87 10.87 10.87 10.87 10.87 10.87 10.87 10.87 10.87 10.87
1943.00 12.14 12.14 12.14 12.14 12.14 12.14 12.14 12.14 12.14 12.14 12.14 12.14 12.14 12.14 12.14 12.14 12.14 12.14 12.14 12.14 12.14 12.14 12.14
1944.00 13.58 13.58 13.58 13.58 13.58 13.58 13.58 13.58 13.58 13.58 13.58 13.58 13.58 13.58 13.58 13.58 13.58 13.58 13.58 13.58 13.58 13.58 13.58
1945.00 14.59 14.59 14.59 14.59 14.59 14.59 14.59 14.59 14.59 14.59 14.59 14.59 14.59 14.59 14.59 14.59 14.59 14.59 14.59 14.59 14.59 14.59 14.59
1946.00 17.67 17.67 17.67 17.67 17.67 17.67 17.67 17.67 17.67 17.67 17.67 17.67 17.67 17.67 17.67 17.67 17.67 17.67 17.67 17.67 17.67 17.67 17.67
1947.00 18.92 18.92 18.92 18.92 18.92 18.92 18.92 18.92 18.92 18.92 18.92 18.92 18.92 18.92 18.92 18.92 18.92 18.92 18.92 18.92 18.92 18.92 18.92
1948.00 20.85 20.85 20.85 20.85 20.85 20.85 20.85 20.85 20.85 20.85 20.85 20.85 20.85 20.85 20.85 20.85 20.85 20.85 20.85 20.85 20.85 20.85 20.85
1949.00 21.70 21.70 21.70 21.70 21.70 21.70 21.70 21.70 21.70 21.70 21.70 21.70 21.70 21.70 21.70 21.70 21.70 21.70 21.70 21.70 21.70 21.70 21.70
1950.00 23.71 23.71 23.71 23.71 23.71 23.71 23.71 23.71 23.71 23.71 23.71 23.71 23.71 23.71 23.71 23.71 23.71 23.71 23.71 23.71 23.71 23.71 23.71
1951.00 24.43 24.43 24.43 24.43 24.43 24.43 24.43 24.43 24.43 24.43 24.43 24.43 24.43 24.43 24.43 24.43 24.43 24.43 24.43 24.43 24.43 24.43 24.43
1952.00 27.92 27.92 27.92 27.92 27.92 27.92 27.92 27.92 27.92 27.92 27.92 27.92 27.92 27.92 27.92 27.92 27.92 27.92 27.92 27.92 27.92 27.92 27.92
1953.00 30.27 30.27 30.27 30.27 30.27 30.27 30.27 30.27 30.27 30.27 30.27 30.27 30.27 30.27 30.27 30.27 30.27 30.27 30.27 30.27 30.27 30.27 30.27
1954.00 33.40 33.40 33.40 33.40 33.40 33.40 33.40 33.40 33.40 33.40 33.40 33.40 33.40 33.40 33.40 33.40 33.40 33.40 33.40 33.40 33.40 33.40 33.40
1955.00 34.68 34.68 34.68 34.68 34.68 34.68 34.68 34.68 34.68 34.68 34.68 34.68 34.68 34.68 34.68 34.68 34.68 34.68 34.68 34.68 34.68 34.68 34.68
1956.00 37.67 37.67 37.67 37.67 37.67 37.67 37.67 37.67 37.67 37.67 37.67 37.67 37.67 37.67 37.67 37.67 37.67 37.67 37.67 37.67 37.67 37.67 37.67
1957.00 39.59 39.59 39.59 39.59 39.59 39.59 39.59 39.59 39.59 39.59 39.59 39.59 39.59 39.59 39.59 39.59 39.59 39.59 39.59 39.59 39.59 39.59 39.59
1958.00 41.31 41.31 41.31 41.31 41.31 41.31 41.31 41.31 41.31 41.31 41.31 41.31 41.31 41.31 41.31 41.31 41.31 41.31 41.31 41.31 41.31 41.31 41.31
1959.00 43.90 43.90 43.90 43.90 43.90 43.90 43.90 43.90 43.90 43.90 43.90 43.90 43.90 43.90 43.90 43.90 43.90 43.90 43.90 43.90 43.90 43.90 43.90
1960.00 46.35 46.35 46.35 46.35 46.35 46.35 46.35 46.35 46.35 46.35 46.35 46.35 46.35 46.35 46.35 46.35 46.35 46.35 46.35 46.35 46.35 46.35 46.35
1961.00 48.91 48.91 48.91 48.91 48.91 48.91 48.91 48.91 48.91 48.91 48.91 48.91 48.91 48.91 48.91 48.91 48.91 48.91 48.91 48.91 48.91 48.91 48.91
1962.00 50.92 50.92 50.92 50.92 50.92 50.92 50.92 50.92 50.92 50.92 50.92 50.92 50.92 50.92 50.92 50.92 50.92 50.92 50.92 50.92 50.92 50.92 50.92
1963.00 53.25 53.25 53.25 53.25 53.25 53.25 53.25 53.25 53.25 53.25 53.25 53.25 53.25 53.25 53.25 53.25 53.25 53.25 53.25 53.25 53.25 53.25 53.25
1964.00 55.38 55.38 55.38 55.38 55.38 55.38 55.38 55.38 55.38 55.38 55.38 55.38 55.38 55.38 55.38 55.38 55.38 55.38 55.38 55.38 55.38 55.38 55.38
1965.00 57.06 57.06 57.06 57.06 57.06 57.06 57.06 57.06 57.06 57.06 57.06 57.06 57.06 57.06 57.06 57.06 57.06 57.06 57.06 57.06 57.06 57.06 57.06
1966.00 59.02 59.02 59.02 59.02 59.02 59.02 59.02 59.02 59.02 59.02 59.02 59.02 59.02 59.02 59.02 59.02 59.02 59.02 59.02 59.02 59.02 59.02 59.02
1967.00 60.80 60.80 60.80 60.80 60.80 60.80 60.80 60.80 60.80 60.80 60.80 60.80 60.80 60.80 60.80 60.80 60.80 60.80 60.80 60.80 60.80 60.80 60.80
1968.00 63.68 63.68 63.68 63.68 63.68 63.68 63.68 63.68 63.68 63.68 63.68 63.68 63.68 63.68 63.68 63.68 63.68 63.68 63.68 63.68 63.68 63.68 63.68
1969.00 66.87 66.87 66.87 66.87 66.87 66.87 66.87 66.87 66.87 66.87 66.87 66.87 66.87 66.87 66.87 66.87 66.87 66.87 66.87 66.87 66.87 66.87 66.87
1970.00 189.44 189.44 189.44 189.44 189.44 189.44 189.44 189.44 189.44 189.44 189.44 189.44 189.44 189.44 189.44 189.44 189.44 189.44 189.44 189.44 189.44 189.44 189.44
1971.00 190.58 190.58 190.58 190.58 190.58 190.58 190.58 190.58 190.58 190.58 190.58 190.58 190.58 190.58 190.58 190.58 190.58 190.58 190.58 190.58 190.58 190.58 190.58
1972.00 198.59 198.59 198.59 198.59 198.59 198.59 198.59 198.59 198.59 198.59 198.59 198.59 198.59 198.59 198.59 198.59 198.59 198.59 198.59 198.59 198.59 198.59 198.59
1973.00 201.48 201.48 201.48 201.48 201.48 201.48 201.48 201.48 201.48 201.48 201.48 201.48 201.48 201.48 201.48 201.48 201.48 201.48 201.48 201.48 201.48 201.48 201.48
1974.00 204.67 204.67 204.67 204.67 204.67 204.67 204.67 204.67 204.67 204.67 204.67 204.67 204.67 204.67 204.67 204.67 204.67 204.67 204.67 204.67 204.67 204.67 204.67
1975.00 205.11 205.11 205.11 205.11 205.11 205.11 205.11 205.11 205.11 205.11 205.11 205.11 205.11 205.11 205.11 205.11 205.11 205.11 205.11 205.11 205.11 205.11 205.11
1976.00 201.36 201.36 201.36 201.36 201.36 201.36 201.36 201.36 201.36 201.36 201.36 201.36 201.36 201.36 201.36 201.36 201.36 201.36 201.36 201.36 201.36 201.36 201.36
1977.00 190.93 190.93 190.93 190.93 190.93 190.93 190.93 190.93 190.93 190.93 190.93 190.93 190.93 190.93 190.93 190.93 190.93 190.93 190.93 190.93 190.93 190.93 190.93
1978.00 187.01 187.01 187.01 187.01 187.01 187.01 187.01 187.01 187.01 187.01 187.01 187.01 187.01 187.01 187.01 187.01 187.01 187.01 187.01 187.01 187.01 187.01 187.01
1979.00 183.24 183.24 183.24 183.24 183.24 183.24 183.24 183.24 183.24 183.24 183.24 183.24 183.24 183.24 183.24 183.24 183.24 183.24 183.24 183.24 183.24 183.24 183.24
1980.00 177.68 177.68 177.68 177.68 177.68 177.68 177.68 177.68 177.68 177.68 177.68 177.68 177.68 177.68 177.68 177.68 177.68 177.68 177.68 177.68 177.68 177.68 177.68
1981.00 171.95 171.95 171.95 171.95 171.95 171.95 171.95 171.95 171.95 171.95 171.95 171.95 171.95 171.95 171.95 171.95 171.95 171.95 171.95 171.95 171.95 171.95 171.95
1982.00 165.10 165.10 165.10 165.10 165.10 165.10 165.10 165.10 165.10 165.10 165.10 165.10 165.10 165.10 165.10 165.10 165.10 165.10 165.10 165.10 165.10 165.10 165.10
1983.00 159.00 159.00 159.00 159.00 159.00 159.00 159.00 159.00 159.00 159.00 159.00 159.00 159.00 159.00 159.00 159.00 159.00 159.00 159.00 159.00 159.00 159.00 159.00
1984.00 136.98 136.98 136.98 136.98 136.98 136.98 136.98 136.98 136.98 136.98 136.98 136.98 136.98 136.98 136.98 136.98 136.98 136.98 136.98 136.98 136.98 136.98 136.98
1985.00 146.57 146.57 146.57 146.57 146.57 146.57 146.57 146.57 146.57 146.57 146.57 146.57 146.57 146.57 146.57 146.57 146.57 146.57 146.57 146.57 146.57 146.57 146.57
1986.00 142.69 142.69 142.69 142.69 142.69 142.69 142.69 142.69 142.69 142.69 142.69 142.69 142.69 142.69 142.69 142.69 142.69 142.69 142.69 142.69 142.69 142.69 142.69
1987.00 147.57 147.57 147.57 147.57 147.57 147.57 147.57 147.57 147.57 147.57 147.57 147.57 147.57 147.57 147.57 147.57 147.57 147.57 147.57 147.57 147.57 147.57 147.57
1988.00 97.24 99.44 101.64 103.83 106.03 108.23 110.43 112.62 114.82 117.02 119.22 121.42 123.61 125.81 128.01 130.21 132.40 134.60 136.80 139.00 141.20 143.39 145.59
1989.00 94.89 97.01 99.13 101.25 103.37 105.49 107.61 109.73 111.85 113.97 116.09 118.21 120.33 122.46 124.58 126.70 128.82 130.94 133.06 135.18 137.30 139.42 141.54
1990.00 89.85 91.89 93.92 95.95 97.98 100.02 102.05 104.08 106.12 108.15 110.18 112.22 114.25 116.28 118.32 120.35 122.38 124.42 126.45 128.48 130.52 132.55 134.58
1991.00 87.76 89.76 91.75 93.75 95.74 97.74 99.74 101.73 103.73 105.72 107.72 109.72 111.71 113.71 115.71 117.70 119.70 121.69 123.69 125.69 127.68 129.68 131.67
1992.00 84.84 86.81 88.78 90.76 92.73 94.71 96.68 98.66 100.63 102.60 104.58 106.55 108.53 110.50 112.48 114.45 116.43 118.40 120.37 122.35 124.32 126.30 128.27
1993.00 81.84 83.78 85.73 87.67 89.62 91.56 93.51 95.45 97.40 99.34 101.29 103.23 105.18 107.12 109.07 111.01 112.96 114.90 116.85 118.79 120.74 122.68 124.63
1994.00 77.63 79.55 81.46 83.38 85.30 87.21 89.13 91.05 92.96 94.88 96.80 98.72 100.63 102.55 104.47 106.38 108.30 110.22 112.13 114.05 115.97 117.88 119.80
1995.00 75.59 77.51 79.43 81.34 83.26 85.18 87.09 89.01 90.93 92.85 94.76 96.68 98.60 100.51 102.43 104.35 106.26 108.18 110.10 112.01 113.93 115.85 117.76
1996.00 72.67 74.54 76.42 78.30 80.17 82.05 83.93 85.80 87.68 89.56 91.43 93.31 95.19 97.06 98.94 100.81 102.69 104.57 106.44 108.32 110.20 112.07 113.95
1997.00 70.52 72.39 74.25 76.12 77.99 79.86 81.73 83.59 85.46 87.33 89.20 91.07 92.94 94.80 96.67 98.54 100.41 102.28 104.14 106.01 107.88 109.75 111.62
1998.00 67.59 69.42 71.26 73.10 74.93 76.77 78.61 80.45 82.28 84.12 85.96 87.79 89.63 91.47 93.31 95.14 96.98 98.82 100.66 102.49 104.33 106.17 108.00
1999.00 64.15 65.93 67.70 69.47 71.24 73.02 74.79 76.56 78.33 80.11 81.88 83.65 85.42 87.20 88.97 90.74 92.51 94.29 96.06 97.83 99.60 101.38 103.15
2000.00 58.79 60.47 62.14 63.81 65.48 67.16 68.83 70.50 72.17 73.84 75.52 77.19 78.86 80.53 82.21 83.88 85.55 87.22 88.90 90.57 92.24 93.91 95.58
2001.00 55.73 57.35 58.96 60.58 62.19 63.81 65.42 67.04 68.65 70.27 71.88 73.50 75.11 76.73 78.34 79.96 81.57 83.19 84.80 86.42 88.03 89.65 91.26
2002.00 52.65 54.23 55.81 57.39 58.98 60.56 62.14 63.73 65.31 66.89 68.47 70.06 71.64 73.22 74.81 76.39 77.97 79.55 81.14 82.72 84.30 85.89 87.47
2003.00 49.89 51.45 53.00 54.55 56.11 57.66 59.21 60.76 62.32 63.87 65.42 66.98 68.53 70.08 71.63 73.19 74.74 76.29 77.85 79.40 80.95 82.50 84.06
2004.00 45.79 47.24 48.70 50.16 51.61 53.07 54.53 55.98 57.44 58.89 60.35 61.81 63.26 64.72 66.18 67.63 69.09 70.55 72.00 73.46 74.92 76.37 77.83
2005.00 43.81 45.24 46.67 48.10 49.53 50.96 52.39 53.82 55.25 56.68 58.11 59.54 60.97 62.40 63.83 65.26 66.69 68.12 69.55 70.98 72.42 73.85 75.28
2006.00 40.68 42.07 43.46 44.86 46.25 47.64 49.03 50.43 51.82 53.21 54.60 56.00 57.39 58.78 60.17 61.57 62.96 64.35 65.74 67.14 68.53 69.92 71.31
2007.00 38.24 39.59 40.94 42.29 43.64 44.99 46.35 47.70 49.05 50.40 51.75 53.10 54.45 55.81 57.16 58.51 59.86 61.21 62.56 63.92 65.27 66.62 67.97
2008.00 33.69 34.95 36.21 37.47 38.73 39.99 41.25 42.51 43.77 45.03 46.29 47.55 48.81 50.07 51.33 52.59 53.85 55.11 56.37 57.63 58.89 60.15 61.41
2009.00 29.93 31.13 32.33 33.53 34.73 35.93 37.13 38.33 39.53 40.73 41.93 43.13 44.33 45.53 46.73 47.93 49.13 50.33 51.53 52.73 53.93 55.13 56.33
2010.00 23.23 24.31 25.40 26.49 27.58 28.67 29.75 30.84 31.93 33.02 34.10 35.19 36.28 37.37 38.45 39.54 40.63 41.72 42.81 43.89 44.98 46.07 47.16
2011.00 20.84 21.89 22.95 24.00 25.05 26.11 27.16 28.21 29.27 30.32 31.37 32.43 33.48 34.54 35.59 36.64 37.70 38.75 39.80 40.86 41.91 42.96 44.02
2012.00 18.71 19.72 20.74 21.76 22.78 23.80 24.82 25.84 26.86 27.88 28.90 29.92 30.94 31.96 32.98 34.00 35.02 36.04 37.06 38.07 39.09 40.11 41.13
2013.00 16.49 17.47 18.46 19.44 20.42 21.40 22.38 23.36 24.34 25.32 26.30 27.28 28.26 29.24 30.23 31.21 32.19 33.17 34.15 35.13 36.11 37.09 38.07
2014.00 14.66 15.60 16.53 17.47 18.41 19.34 20.28 21.21 22.15 23.09 24.02 24.96 25.90 26.83 27.77 28.70 29.64 30.58 31.51 32.45 33.38 34.32 35.26
2015.00 12.90 13.83 14.75 15.68 16.61 17.53 18.46 19.39 20.31 21.24 22.17 23.10 24.02 24.95 25.88 26.80 27.73 28.66 29.58 30.51 31.44 32.36 33.29
2016.00 11.55 12.45 13.36 14.27 15.18 16.09 16.99 17.90 18.81 19.72 20.63 21.54 22.44 23.35 24.26 25.17 26.08 26.98 27.89 28.80 29.71 30.62 31.52
2017.00 8.47 9.35 10.22 11.10 11.97 12.85 13.72 14.60 15.47 16.35 17.22 18.09 18.97 19.84 20.72 21.59 22.47 23.34 24.22 25.09 25.97 26.84 27.72
2018.00 -17.24 -17.24 -17.24 -17.24 -17.24 -17.24 -17.24 -17.24 -17.24 -17.24 -17.24 -17.24 -17.24 -17.24 -17.24 -17.24 -17.24 -17.24 -17.24 -17.24 -17.24 -17.24 -17.24
2019.00 -17.37 -17.37 -17.37 -17.37 -17.37 -17.37 -17.37 -17.37 -17.37 -17.37 -17.37 -17.37 -17.37 -17.37 -17.37 -17.37 -17.37 -17.37 -17.37 -17.37 -17.37 -17.37 -17.37
2020.00 -16.94 -16.94 -16.94 -16.94 -16.94 -16.94 -16.94 -16.94 -16.94 -16.94 -16.94 -16.94 -16.94 -16.94 -16.94 -16.94 -16.94 -16.94 -16.94 -16.94 -16.94 -16.94 -16.94
2021.00 -17.63 -17.63 -17.63 -17.63 -17.63 -17.63 -17.63 -17.63 -17.63 -17.63 -17.63 -17.63 -17.63 -17.63 -17.63 -17.63 -17.63 -17.63 -17.63 -17.63 -17.63 -17.63 -17.63
2022.00 -16.78 -16.78 -16.78 -16.78 -16.78 -16.78 -16.78 -16.78 -16.78 -16.78 -16.78 -16.78 -16.78 -16.78 -16.78 -16.78 -16.78 -16.78 -16.78 -16.78 -16.78 -16.78 -16.78
2023.00 -17.27 -17.27 -17.27 -17.27 -17.27 -17.27 -17.27 -17.27 -17.27 -17.27 -17.27 -17.27 -17.27 -17.27 -17.27 -17.27 -17.27 -17.27 -17.27 -17.27 -17.27 -17.27 -17.27
2024.00 -16.19 -16.19 -16.19 -16.19 -16.19 -16.19 -16.19 -16.19 -16.19 -16.19 -16.19 -16.19 -16.19 -16.19 -16.19 -16.19 -16.19 -16.19 -16.19 -16.19 -16.19 -16.19 -16.19
2025.00 -16.18 -16.18 -16.18 -16.18 -16.18 -16.18 -16.18 -16.18 -16.18 -16.18 -16.18 -16.18 -16.18 -16.18 -16.18 -16.18 -16.18 -16.18 -16.18 -16.18 -16.18 -16.18 -16.18
2026.00 -15.55 -15.55 -15.55 -15.55 -15.55 -15.55 -15.55 -15.55 -15.55 -15.55 -15.55 -15.55 -15.55 -15.55 -15.55 -15.55 -15.55 -15.55 -15.55 -15.55 -15.55 -15.55 -15.55
2027.00 -15.82 -15.82 -15.82 -15.82 -15.82 -15.82 -15.82 -15.82 -15.82 -15.82 -15.82 -15.82 -15.82 -15.82 -15.82 -15.82 -15.82 -15.82 -15.82 -15.82 -15.82 -15.82 -15.82
2028.00 -15.99 -15.99 -15.99 -15.99 -15.99 -15.99 -15.99 -15.99 -15.99 -15.99 -15.99 -15.99 -15.99 -15.99 -15.99 -15.99 -15.99 -15.99 -15.99 -15.99 -15.99 -15.99 -15.99
2029.00 -15.63 -15.63 -15.63 -15.63 -15.63 -15.63 -15.63 -15.63 -15.63 -15.63 -15.63 -15.63 -15.63 -15.63 -15.63 -15.63 -15.63 -15.63 -15.63 -15.63 -15.63 -15.63 -15.63
2030.00 -15.57 -15.57 -15.57 -15.57 -15.57 -15.57 -15.57 -15.57 -15.57 -15.57 -15.57 -15.57 -15.57 -15.57 -15.57 -15.57 -15.57 -15.57 -15.57 -15.57 -15.57 -15.57 -15.57
2031.00 -16.06 -16.06 -16.06 -16.06 -16.06 -16.06 -16.06 -16.06 -16.06 -16.06 -16.06 -16.06 -16.06 -16.06 -16.06 -16.06 -16.06 -16.06 -16.06 -16.06 -16.06 -16.06 -16.06
2032.00 -15.36 -15.36 -15.36 -15.36 -15.36 -15.36 -15.36 -15.36 -15.36 -15.36 -15.36 -15.36 -15.36 -15.36 -15.36 -15.36 -15.36 -15.36 -15.36 -15.36 -15.36 -15.36 -15.36
2033.00 -16.61 -16.61 -16.61 -16.61 -16.61 -16.61 -16.61 -16.61 -16.61 -16.61 -16.61 -16.61 -16.61 -16.61 -16.61 -16.61 -16.61 -16.61 -16.61 -16.61 -16.61 -16.61 -16.61
2034.00 -17.24 -17.24 -17.24 -17.24 -17.24 -17.24 -17.24 -17.24 -17.24 -17.24 -17.24 -17.24 -17.24 -17.24 -17.24 -17.24 -17.24 -17.24 -17.24 -17.24 -17.24 -17.24 -17.24
2035.00 -18.26 -18.26 -18.26 -18.26 -18.26 -18.26 -18.26 -18.26 -18.26 -18.26 -18.26 -18.26 -18.26 -18.26 -18.26 -18.26 -18.26 -18.26 -18.26 -18.26 -18.26 -18.26 -18.26
2036.00 -18.48 -18.48 -18.48 -18.48 -18.48 -18.48 -18.48 -18.48 -18.48 -18.48 -18.48 -18.48 -18.48 -18.48 -18.48 -18.48 -18.48 -18.48 -18.48 -18.48 -18.48 -18.48 -18.48
2037.00 -18.92 -18.92 -18.92 -18.92 -18.92 -18.92 -18.92 -18.92 -18.92 -18.92 -18.92 -18.92 -18.92 -18.92 -18.92 -18.92 -18.92 -18.92 -18.92 -18.92 -18.92 -18.92 -18.92
2038.00 -19.11 -19.11 -19.11 -19.11 -19.11 -19.11 -19.11 -19.11 -19.11 -19.11 -19.11 -19.11 -19.11 -19.11 -19.11 -19.11 -19.11 -19.11 -19.11 -19.11 -19.11 -19.11 -19.11
2039.00 -19.30 -19.30 -19.30 -19.30 -19.30 -19.30 -19.30 -19.30 -19.30 -19.30 -19.30 -19.30 -19.30 -19.30 -19.30 -19.30 -19.30 -19.30 -19.30 -19.30 -19.30 -19.30 -19.30
2040.00 -18.97 -18.97 -18.97 -18.97 -18.97 -18.97 -18.97 -18.97 -18.97 -18.97 -18.97 -18.97 -18.97 -18.97 -18.97 -18.97 -18.97 -18.97 -18.97 -18.97 -18.97 -18.97 -18.97
2041.00 -19.38 -19.38 -19.38 -19.38 -19.38 -19.38 -19.38 -19.38 -19.38 -19.38 -19.38 -19.38 -19.38 -19.38 -19.38 -19.38 -19.38 -19.38 -19.38 -19.38 -19.38 -19.38 -19.38
2042.00 -19.14 -19.14 -19.14 -19.14 -19.14 -19.14 -19.14 -19.14 -19.14 -19.14 -19.14 -19.14 -19.14 -19.14 -19.14 -19.14 -19.14 -19.14 -19.14 -19.14 -19.14 -19.14 -19.14
2043.00 -19.44 -19.44 -19.44 -19.44 -19.44 -19.44 -19.44 -19.44 -19.44 -19.44 -19.44 -19.44 -19.44 -19.44 -19.44 -19.44 -19.44 -19.44 -19.44 -19.44 -19.44 -19.44 -19.44
2044.00 -19.33 -19.33 -19.33 -19.33 -19.33 -19.33 -19.33 -19.33 -19.33 -19.33 -19.33 -19.33 -19.33 -19.33 -19.33 -19.33 -19.33 -19.33 -19.33 -19.33 -19.33 -19.33 -19.33
2045.00 -19.61 -19.61 -19.61 -19.61 -19.61 -19.61 -19.61 -19.61 -19.61 -19.61 -19.61 -19.61 -19.61 -19.61 -19.61 -19.61 -19.61 -19.61 -19.61 -19.61 -19.61 -19.61 -19.61
2046.00 -19.35 -19.35 -19.35 -19.35 -19.35 -19.35 -19.35 -19.35 -19.35 -19.35 -19.35 -19.35 -19.35 -19.35 -19.35 -19.35 -19.35 -19.35 -19.35 -19.35 -19.35 -19.35 -19.35
2047.00 -19.47 -19.47 -19.47 -19.47 -19.47 -19.47 -19.47 -19.47 -19.47 -19.47 -19.47 -19.47 -19.47 -19.47 -19.47 -19.47 -19.47 -19.47 -19.47 -19.47 -19.47 -19.47 -19.47
2048.00 -19.05 -19.05 -19.05 -19.05 -19.05 -19.05 -19.05 -19.05 -19.05 -19.05 -19.05 -19.05 -19.05 -19.05 -19.05 -19.05 -19.05 -19.05 -19.05 -19.05 -19.05 -19.05 -19.05
2049.00 -19.43 -19.43 -19.43 -19.43 -19.43 -19.43 -19.43 -19.43 -19.43 -19.43 -19.43 -19.43 -19.43 -19.43 -19.43 -19.43 -19.43 -19.43 -19.43 -19.43 -19.43 -19.43 -19.43
2050.00 -18.94 -18.94 -18.94 -18.94 -18.94 -18.94 -18.94 -18.94 -18.94 -18.94 -18.94 -18.94 -18.94 -18.94 -18.94 -18.94 -18.94 -18.94 -18.94 -18.94 -18.94 -18.94 -18.94
2051.00 -18.84 -18.84 -18.84 -18.84 -18.84 -18.84 -18.84 -18.84 -18.84 -18.84 -18.84 -18.84 -18.84 -18.84 -18.84 -18.84 -18.84 -18.84 -18.84 -18.84 -18.84 -18.84 -18.84
2052.00 -18.42 -18.42 -18.42 -18.42 -18.42 -18.42 -18.42 -18.42 -18.42 -18.42 -18.42 -18.42 -18.42 -18.42 -18.42 -18.42 -18.42 -18.42 -18.42 -18.42 -18.42 -18.42 -18.42
2053.00 -18.50 -18.50 -18.50 -18.50 -18.50 -18.50 -18.50 -18.50 -18.50 -18.50 -18.50 -18.50 -18.50 -18.50 -18.50 -18.50 -18.50 -18.50 -18.50 -18.50 -18.50 -18.50 -18.50
2054.00 -18.03 -18.03 -18.03 -18.03 -18.03 -18.03 -18.03 -18.03 -18.03 -18.03 -18.03 -18.03 -18.03 -18.03 -18.03 -18.03 -18.03 -18.03 -18.03 -18.03 -18.03 -18.03 -18.03
2055.00 -18.25 -18.25 -18.25 -18.25 -18.25 -18.25 -18.25 -18.25 -18.25 -18.25 -18.25 -18.25 -18.25 -18.25 -18.25 -18.25 -18.25 -18.25 -18.25 -18.25 -18.25 -18.25 -18.25
2056.00 -18.18 -18.18 -18.18 -18.18 -18.18 -18.18 -18.18 -18.18 -18.18 -18.18 -18.18 -18.18 -18.18 -18.18 -18.18 -18.18 -18.18 -18.18 -18.18 -18.18 -18.18 -18.18 -18.18
2057.00 -18.30 -18.30 -18.30 -18.30 -18.30 -18.30 -18.30 -18.30 -18.30 -18.30 -18.30 -18.30 -18.30 -18.30 -18.30 -18.30 -18.30 -18.30 -18.30 -18.30 -18.30 -18.30 -18.30
2058.00 -18.18 -18.18 -18.18 -18.18 -18.18 -18.18 -18.18 -18.18 -18.18 -18.18 -18.18 -18.18 -18.18 -18.18 -18.18 -18.18 -18.18 -18.18 -18.18 -18.18 -18.18 -18.18 -18.18
2059.00 -18.58 -18.58 -18.58 -18.58 -18.58 -18.58 -18.58 -18.58 -18.58 -18.58 -18.58 -18.58 -18.58 -18.58 -18.58 -18.58 -18.58 -18.58 -18.58 -18.58 -18.58 -18.58 -18.58
2060.00 -18.60 -18.60 -18.60 -18.60 -18.60 -18.60 -18.60 -18.60 -18.60 -18.60 -18.60 -18.60 -18.60 -18.60 -18.60 -18.60 -18.60 -18.60 -18.60 -18.60 -18.60 -18.60 -18.60
2061.00 -18.94 -18.94 -18.94 -18.94 -18.94 -18.94 -18.94 -18.94 -18.94 -18.94 -18.94 -18.94 -18.94 -18.94 -18.94 -18.94 -18.94 -18.94 -18.94 -18.94 -18.94 -18.94 -18.94
2062.00 -18.62 -18.62 -18.62 -18.62 -18.62 -18.62 -18.62 -18.62 -18.62 -18.62 -18.62 -18.62 -18.62 -18.62 -18.62 -18.62 -18.62 -18.62 -18.62 -18.62 -18.62 -18.62 -18.62
2063.00 -18.89 -18.89 -18.89 -18.89 -18.89 -18.89 -18.89 -18.89 -18.89 -18.89 -18.89 -18.89 -18.89 -18.89 -18.89 -18.89 -18.89 -18.89 -18.89 -18.89 -18.89 -18.89 -18.89
2064.00 -18.48 -18.48 -18.48 -18.48 -18.48 -18.48 -18.48 -18.48 -18.48 -18.48 -18.48 -18.48 -18.48 -18.48 -18.48 -18.48 -18.48 -18.48 -18.48 -18.48 -18.48 -18.48 -18.48
2065.00 -18.65 -18.65 -18.65 -18.65 -18.65 -18.65 -18.65 -18.65 -18.65 -18.65 -18.65 -18.65 -18.65 -18.65 -18.65 -18.65 -18.65 -18.65 -18.65 -18.65 -18.65 -18.65 -18.65
