# yearspad, alpred
# [0.6  0.62 0.64 0.66 0.68 0.7  0.72 0.74 0.76 0.78 0.8  0.82 0.84 0.86
#  0.88 0.9  0.92 0.94 0.96 0.98 1.   1.02 1.04]
1922.00 1.61 1.61 1.61 1.61 1.61 1.61 1.61 1.61 1.61 1.61 1.61 1.61 1.61 1.61 1.61 1.61 1.61 1.61 1.61 1.61 1.61 1.61 1.61
1923.00 1.76 1.76 1.76 1.76 1.76 1.76 1.76 1.76 1.76 1.76 1.76 1.76 1.76 1.76 1.76 1.76 1.76 1.76 1.76 1.76 1.76 1.76 1.76
1924.00 2.43 2.43 2.43 2.43 2.43 2.43 2.43 2.43 2.43 2.43 2.43 2.43 2.43 2.43 2.43 2.43 2.43 2.43 2.43 2.43 2.43 2.43 2.43
1925.00 2.76 2.76 2.76 2.76 2.76 2.76 2.76 2.76 2.76 2.76 2.76 2.76 2.76 2.76 2.76 2.76 2.76 2.76 2.76 2.76 2.76 2.76 2.76
1926.00 3.03 3.03 3.03 3.03 3.03 3.03 3.03 3.03 3.03 3.03 3.03 3.03 3.03 3.03 3.03 3.03 3.03 3.03 3.03 3.03 3.03 3.03 3.03
1927.00 3.32 3.32 3.32 3.32 3.32 3.32 3.32 3.32 3.32 3.32 3.32 3.32 3.32 3.32 3.32 3.32 3.32 3.32 3.32 3.32 3.32 3.32 3.32
1928.00 3.44 3.44 3.44 3.44 3.44 3.44 3.44 3.44 3.44 3.44 3.44 3.44 3.44 3.44 3.44 3.44 3.44 3.44 3.44 3.44 3.44 3.44 3.44
1929.00 3.45 3.45 3.45 3.45 3.45 3.45 3.45 3.45 3.45 3.45 3.45 3.45 3.45 3.45 3.45 3.45 3.45 3.45 3.45 3.45 3.45 3.45 3.45
1930.00 3.63 3.63 3.63 3.63 3.63 3.63 3.63 3.63 3.63 3.63 3.63 3.63 3.63 3.63 3.63 3.63 3.63 3.63 3.63 3.63 3.63 3.63 3.63
1931.00 3.66 3.66 3.66 3.66 3.66 3.66 3.66 3.66 3.66 3.66 3.66 3.66 3.66 3.66 3.66 3.66 3.66 3.66 3.66 3.66 3.66 3.66 3.66
1932.00 3.51 3.51 3.51 3.51 3.51 3.51 3.51 3.51 3.51 3.51 3.51 3.51 3.51 3.51 3.51 3.51 3.51 3.51 3.51 3.51 3.51 3.51 3.51
1933.00 3.25 3.25 3.25 3.25 3.25 3.25 3.25 3.25 3.25 3.25 3.25 3.25 3.25 3.25 3.25 3.25 3.25 3.25 3.25 3.25 3.25 3.25 3.25
1934.00 3.41 3.41 3.41 3.41 3.41 3.41 3.41 3.41 3.41 3.41 3.41 3.41 3.41 3.41 3.41 3.41 3.41 3.41 3.41 3.41 3.41 3.41 3.41
1935.00 3.20 3.20 3.20 3.20 3.20 3.20 3.20 3.20 3.20 3.20 3.20 3.20 3.20 3.20 3.20 3.20 3.20 3.20 3.20 3.20 3.20 3.20 3.20
1936.00 3.19 3.19 3.19 3.19 3.19 3.19 3.19 3.19 3.19 3.19 3.19 3.19 3.19 3.19 3.19 3.19 3.19 3.19 3.19 3.19 3.19 3.19 3.19
1937.00 2.98 2.98 2.98 2.98 2.98 2.98 2.98 2.98 2.98 2.98 2.98 2.98 2.98 2.98 2.98 2.98 2.98 2.98 2.98 2.98 2.98 2.98 2.98
1938.00 3.02 3.02 3.02 3.02 3.02 3.02 3.02 3.02 3.02 3.02 3.02 3.02 3.02 3.02 3.02 3.02 3.02 3.02 3.02 3.02 3.02 3.02 3.02
1939.00 2.51 2.51 2.51 2.51 2.51 2.51 2.51 2.51 2.51 2.51 2.51 2.51 2.51 2.51 2.51 2.51 2.51 2.51 2.51 2.51 2.51 2.51 2.51
1940.00 2.14 2.14 2.14 2.14 2.14 2.14 2.14 2.14 2.14 2.14 2.14 2.14 2.14 2.14 2.14 2.14 2.14 2.14 2.14 2.14 2.14 2.14 2.14
1941.00 2.04 2.04 2.04 2.04 2.04 2.04 2.04 2.04 2.04 2.04 2.04 2.04 2.04 2.04 2.04 2.04 2.04 2.04 2.04 2.04 2.04 2.04 2.04
1942.00 2.28 2.28 2.28 2.28 2.28 2.28 2.28 2.28 2.28 2.28 2.28 2.28 2.28 2.28 2.28 2.28 2.28 2.28 2.28 2.28 2.28 2.28 2.28
1943.00 1.93 1.93 1.93 1.93 1.93 1.93 1.93 1.93 1.93 1.93 1.93 1.93 1.93 1.93 1.93 1.93 1.93 1.93 1.93 1.93 1.93 1.93 1.93
1944.00 1.84 1.84 1.84 1.84 1.84 1.84 1.84 1.84 1.84 1.84 1.84 1.84 1.84 1.84 1.84 1.84 1.84 1.84 1.84 1.84 1.84 1.84 1.84
1945.00 1.81 1.81 1.81 1.81 1.81 1.81 1.81 1.81 1.81 1.81 1.81 1.81 1.81 1.81 1.81 1.81 1.81 1.81 1.81 1.81 1.81 1.81 1.81
1946.00 1.34 1.34 1.34 1.34 1.34 1.34 1.34 1.34 1.34 1.34 1.34 1.34 1.34 1.34 1.34 1.34 1.34 1.34 1.34 1.34 1.34 1.34 1.34
1947.00 1.42 1.42 1.42 1.42 1.42 1.42 1.42 1.42 1.42 1.42 1.42 1.42 1.42 1.42 1.42 1.42 1.42 1.42 1.42 1.42 1.42 1.42 1.42
1948.00 1.58 1.58 1.58 1.58 1.58 1.58 1.58 1.58 1.58 1.58 1.58 1.58 1.58 1.58 1.58 1.58 1.58 1.58 1.58 1.58 1.58 1.58 1.58
1949.00 1.84 1.84 1.84 1.84 1.84 1.84 1.84 1.84 1.84 1.84 1.84 1.84 1.84 1.84 1.84 1.84 1.84 1.84 1.84 1.84 1.84 1.84 1.84
1950.00 1.44 1.44 1.44 1.44 1.44 1.44 1.44 1.44 1.44 1.44 1.44 1.44 1.44 1.44 1.44 1.44 1.44 1.44 1.44 1.44 1.44 1.44 1.44
1951.00 1.59 1.59 1.59 1.59 1.59 1.59 1.59 1.59 1.59 1.59 1.59 1.59 1.59 1.59 1.59 1.59 1.59 1.59 1.59 1.59 1.59 1.59 1.59
1952.00 1.71 1.71 1.71 1.71 1.71 1.71 1.71 1.71 1.71 1.71 1.71 1.71 1.71 1.71 1.71 1.71 1.71 1.71 1.71 1.71 1.71 1.71 1.71
1953.00 1.67 1.67 1.67 1.67 1.67 1.67 1.67 1.67 1.67 1.67 1.67 1.67 1.67 1.67 1.67 1.67 1.67 1.67 1.67 1.67 1.67 1.67 1.67
1954.00 1.23 1.23 1.23 1.23 1.23 1.23 1.23 1.23 1.23 1.23 1.23 1.23 1.23 1.23 1.23 1.23 1.23 1.23 1.23 1.23 1.23 1.23 1.23
1955.00 1.02 1.02 1.02 1.02 1.02 1.02 1.02 1.02 1.02 1.02 1.02 1.02 1.02 1.02 1.02 1.02 1.02 1.02 1.02 1.02 1.02 1.02 1.02
1956.00 0.39 0.39 0.39 0.39 0.39 0.39 0.39 0.39 0.39 0.39 0.39 0.39 0.39 0.39 0.39 0.39 0.39 0.39 0.39 0.39 0.39 0.39 0.39
1957.00 0.26 0.26 0.26 0.26 0.26 0.26 0.26 0.26 0.26 0.26 0.26 0.26 0.26 0.26 0.26 0.26 0.26 0.26 0.26 0.26 0.26 0.26 0.26
1958.00 0.24 0.24 0.24 0.24 0.24 0.24 0.24 0.24 0.24 0.24 0.24 0.24 0.24 0.24 0.24 0.24 0.24 0.24 0.24 0.24 0.24 0.24 0.24
1959.00 -0.14 -0.14 -0.14 -0.14 -0.14 -0.14 -0.14 -0.14 -0.14 -0.14 -0.14 -0.14 -0.14 -0.14 -0.14 -0.14 -0.14 -0.14 -0.14 -0.14 -0.14 -0.14 -0.14
1960.00 -0.37 -0.37 -0.37 -0.37 -0.37 -0.37 -0.37 -0.37 -0.37 -0.37 -0.37 -0.37 -0.37 -0.37 -0.37 -0.37 -0.37 -0.37 -0.37 -0.37 -0.37 -0.37 -0.37
1961.00 -0.46 -0.46 -0.46 -0.46 -0.46 -0.46 -0.46 -0.46 -0.46 -0.46 -0.46 -0.46 -0.46 -0.46 -0.46 -0.46 -0.46 -0.46 -0.46 -0.46 -0.46 -0.46 -0.46
1962.00 -0.70 -0.70 -0.70 -0.70 -0.70 -0.70 -0.70 -0.70 -0.70 -0.70 -0.70 -0.70 -0.70 -0.70 -0.70 -0.70 -0.70 -0.70 -0.70 -0.70 -0.70 -0.70 -0.70
1963.00 -0.63 -0.63 -0.63 -0.63 -0.63 -0.63 -0.63 -0.63 -0.63 -0.63 -0.63 -0.63 -0.63 -0.63 -0.63 -0.63 -0.63 -0.63 -0.63 -0.63 -0.63 -0.63 -0.63
1964.00 -0.34 -0.34 -0.34 -0.34 -0.34 -0.34 -0.34 -0.34 -0.34 -0.34 -0.34 -0.34 -0.34 -0.34 -0.34 -0.34 -0.34 -0.34 -0.34 -0.34 -0.34 -0.34 -0.34
1965.00 -0.36 -0.36 -0.36 -0.36 -0.36 -0.36 -0.36 -0.36 -0.36 -0.36 -0.36 -0.36 -0.36 -0.36 -0.36 -0.36 -0.36 -0.36 -0.36 -0.36 -0.36 -0.36 -0.36
1966.00 -0.71 -0.71 -0.71 -0.71 -0.71 -0.71 -0.71 -0.71 -0.71 -0.71 -0.71 -0.71 -0.71 -0.71 -0.71 -0.71 -0.71 -0.71 -0.71 -0.71 -0.71 -0.71 -0.71
1967.00 -0.63 -0.63 -0.63 -0.63 -0.63 -0.63 -0.63 -0.63 -0.63 -0.63 -0.63 -0.63 -0.63 -0.63 -0.63 -0.63 -0.63 -0.63 -0.63 -0.63 -0.63 -0.63 -0.63
1968.00 -1.06 -1.06 -1.06 -1.06 -1.06 -1.06 -1.06 -1.06 -1.06 -1.06 -1.06 -1.06 -1.06 -1.06 -1.06 -1.06 -1.06 -1.06 -1.06 -1.06 -1.06 -1.06 -1.06
1969.00 -1.32 -1.32 -1.32 -1.32 -1.32 -1.32 -1.32 -1.32 -1.32 -1.32 -1.32 -1.32 -1.32 -1.32 -1.32 -1.32 -1.32 -1.32 -1.32 -1.32 -1.32 -1.32 -1.32
1970.00 119.02 119.02 119.02 119.02 119.02 119.02 119.02 119.02 119.02 119.02 119.02 119.02 119.02 119.02 119.02 119.02 119.02 119.02 119.02 119.02 119.02 119.02 119.02
1971.00 123.17 123.17 123.17 123.17 123.17 123.17 123.17 123.17 123.17 123.17 123.17 123.17 123.17 123.17 123.17 123.17 123.17 123.17 123.17 123.17 123.17 123.17 123.17
1972.00 119.97 119.97 119.97 119.97 119.97 119.97 119.97 119.97 119.97 119.97 119.97 119.97 119.97 119.97 119.97 119.97 119.97 119.97 119.97 119.97 119.97 119.97 119.97
1973.00 118.76 118.76 118.76 118.76 118.76 118.76 118.76 118.76 118.76 118.76 118.76 118.76 118.76 118.76 118.76 118.76 118.76 118.76 118.76 118.76 118.76 118.76 118.76
1974.00 121.59 121.59 121.59 121.59 121.59 121.59 121.59 121.59 121.59 121.59 121.59 121.59 121.59 121.59 121.59 121.59 121.59 121.59 121.59 121.59 121.59 121.59 121.59
1975.00 123.86 123.86 123.86 123.86 123.86 123.86 123.86 123.86 123.86 123.86 123.86 123.86 123.86 123.86 123.86 123.86 123.86 123.86 123.86 123.86 123.86 123.86 123.86
1976.00 124.65 124.65 124.65 124.65 124.65 124.65 124.65 124.65 124.65 124.65 124.65 124.65 124.65 124.65 124.65 124.65 124.65 124.65 124.65 124.65 124.65 124.65 124.65
1977.00 125.50 125.50 125.50 125.50 125.50 125.50 125.50 125.50 125.50 125.50 125.50 125.50 125.50 125.50 125.50 125.50 125.50 125.50 125.50 125.50 125.50 125.50 125.50
1978.00 126.38 126.38 126.38 126.38 126.38 126.38 126.38 126.38 126.38 126.38 126.38 126.38 126.38 126.38 126.38 126.38 126.38 126.38 126.38 126.38 126.38 126.38 126.38
1979.00 124.44 124.44 124.44 124.44 124.44 124.44 124.44 124.44 124.44 124.44 124.44 124.44 124.44 124.44 124.44 124.44 124.44 124.44 124.44 124.44 124.44 124.44 124.44
1980.00 127.59 127.59 127.59 127.59 127.59 127.59 127.59 127.59 127.59 127.59 127.59 127.59 127.59 127.59 127.59 127.59 127.59 127.59 127.59 127.59 127.59 127.59 127.59
1981.00 130.07 130.07 130.07 130.07 130.07 130.07 130.07 130.07 130.07 130.07 130.07 130.07 130.07 130.07 130.07 130.07 130.07 130.07 130.07 130.07 130.07 130.07 130.07
1982.00 128.51 128.51 128.51 128.51 128.51 128.51 128.51 128.51 128.51 128.51 128.51 128.51 128.51 128.51 128.51 128.51 128.51 128.51 128.51 128.51 128.51 128.51 128.51
1983.00 124.59 124.59 124.59 124.59 124.59 124.59 124.59 124.59 124.59 124.59 124.59 124.59 124.59 124.59 124.59 124.59 124.59 124.59 124.59 124.59 124.59 124.59 124.59
1984.00 119.27 119.27 119.27 119.27 119.27 119.27 119.27 119.27 119.27 119.27 119.27 119.27 119.27 119.27 119.27 119.27 119.27 119.27 119.27 119.27 119.27 119.27 119.27
1985.00 115.93 115.93 115.93 115.93 115.93 115.93 115.93 115.93 115.93 115.93 115.93 115.93 115.93 115.93 115.93 115.93 115.93 115.93 115.93 115.93 115.93 115.93 115.93
1986.00 113.96 113.96 113.96 113.96 113.96 113.96 113.96 113.96 113.96 113.96 113.96 113.96 113.96 113.96 113.96 113.96 113.96 113.96 113.96 113.96 113.96 113.96 113.96
1987.00 108.93 108.93 108.93 108.93 108.93 108.93 108.93 108.93 108.93 108.93 108.93 108.93 108.93 108.93 108.93 108.93 108.93 108.93 108.93 108.93 108.93 108.93 108.93
1988.00 60.59 62.80 65.02 67.23 69.44 71.65 73.86 76.08 78.29 80.50 82.71 84.92 87.14 89.35 91.56 93.77 95.98 98.20 100.41 102.62 104.83 107.04 109.26
1989.00 57.68 59.82 61.95 64.09 66.23 68.36 70.50 72.63 74.77 76.90 79.04 81.17 83.31 85.45 87.58 89.72 91.85 93.99 96.12 98.26 100.39 102.53 104.66
1990.00 55.17 57.22 59.27 61.32 63.37 65.42 67.47 69.53 71.58 73.63 75.68 77.73 79.78 81.83 83.88 85.93 87.98 90.03 92.08 94.13 96.18 98.23 100.28
1991.00 54.01 56.01 58.02 60.03 62.04 64.04 66.05 68.06 70.07 72.08 74.08 76.09 78.10 80.11 82.11 84.12 86.13 88.14 90.14 92.15 94.16 96.17 98.18
1992.00 53.59 55.57 57.56 59.54 61.53 63.52 65.50 67.49 69.47 71.46 73.44 75.43 77.41 79.40 81.38 83.37 85.35 87.34 89.33 91.31 93.30 95.28 97.27
1993.00 53.19 55.15 57.11 59.06 61.02 62.98 64.94 66.89 68.85 70.81 72.76 74.72 76.68 78.64 80.59 82.55 84.51 86.46 88.42 90.38 92.34 94.29 96.25
1994.00 52.69 54.62 56.55 58.48 60.41 62.34 64.27 66.20 68.13 70.06 71.99 73.92 75.85 77.78 79.71 81.64 83.57 85.50 87.43 89.36 91.29 93.22 95.15
1995.00 52.84 54.76 56.69 58.62 60.55 62.48 64.41 66.34 68.27 70.20 72.13 74.06 75.98 77.91 79.84 81.77 83.70 85.63 87.56 89.49 91.42 93.35 95.27
1996.00 52.31 54.20 56.09 57.98 59.87 61.76 63.65 65.54 67.43 69.32 71.21 73.10 74.99 76.88 78.77 80.66 82.55 84.44 86.32 88.21 90.10 91.99 93.88
1997.00 52.69 54.57 56.45 58.33 60.21 62.09 63.98 65.86 67.74 69.62 71.50 73.38 75.26 77.14 79.02 80.90 82.78 84.66 86.54 88.42 90.30 92.18 94.07
1998.00 51.67 53.53 55.38 57.23 59.08 60.93 62.79 64.64 66.49 68.34 70.20 72.05 73.90 75.75 77.60 79.46 81.31 83.16 85.01 86.87 88.72 90.57 92.42
1999.00 49.86 51.65 53.44 55.23 57.01 58.80 60.59 62.38 64.17 65.96 67.75 69.54 71.33 73.11 74.90 76.69 78.48 80.27 82.06 83.85 85.64 87.43 89.21
2000.00 47.05 48.74 50.42 52.11 53.80 55.48 57.17 58.86 60.54 62.23 63.92 65.60 67.29 68.98 70.66 72.35 74.03 75.72 77.41 79.09 80.78 82.47 84.15
2001.00 45.32 46.95 48.58 50.21 51.84 53.48 55.11 56.74 58.37 60.00 61.64 63.27 64.90 66.53 68.16 69.80 71.43 73.06 74.69 76.32 77.96 79.59 81.22
2002.00 44.61 46.20 47.80 49.40 50.99 52.59 54.19 55.79 57.38 58.98 60.58 62.17 63.77 65.37 66.97 68.56 70.16 71.76 73.35 74.95 76.55 78.15 79.74
2003.00 44.06 45.63 47.20 48.78 50.35 51.92 53.50 55.07 56.64 58.22 59.79 61.36 62.94 64.51 66.08 67.66 69.23 70.80 72.38 73.95 75.52 77.10 78.67
2004.00 41.18 42.65 44.12 45.59 47.06 48.54 50.01 51.48 52.95 54.42 55.89 57.36 58.83 60.30 61.77 63.24 64.72 66.19 67.66 69.13 70.60 72.07 73.54
2005.00 39.93 41.38 42.82 44.27 45.71 47.16 48.60 50.05 51.49 52.94 54.38 55.83 57.27 58.72 60.16 61.61 63.05 64.50 65.95 67.39 68.84 70.28 71.73
2006.00 39.12 40.53 41.94 43.34 44.75 46.16 47.57 48.97 50.38 51.79 53.19 54.60 56.01 57.41 58.82 60.23 61.63 63.04 64.45 65.85 67.26 68.67 70.08
2007.00 38.14 39.51 40.87 42.24 43.60 44.97 46.33 47.70 49.06 50.43 51.79 53.16 54.52 55.89 57.25 58.62 59.98 61.35 62.71 64.08 65.44 66.81 68.17
2008.00 35.80 37.08 38.35 39.62 40.89 42.17 43.44 44.71 45.98 47.25 48.53 49.80 51.07 52.34 53.62 54.89 56.16 57.43 58.71 59.98 61.25 62.52 63.79
2009.00 34.01 35.22 36.43 37.64 38.85 40.07 41.28 42.49 43.70 44.91 46.12 47.34 48.55 49.76 50.97 52.18 53.39 54.60 55.82 57.03 58.24 59.45 60.66
2010.00 31.28 32.37 33.47 34.57 35.67 36.76 37.86 38.96 40.06 41.15 42.25 43.35 44.45 45.54 46.64 47.74 48.84 49.93 51.03 52.13 53.22 54.32 55.42
2011.00 30.48 31.55 32.61 33.68 34.74 35.81 36.87 37.94 39.00 40.06 41.13 42.19 43.26 44.32 45.39 46.45 47.52 48.58 49.64 50.71 51.77 52.84 53.90
2012.00 29.82 30.85 31.88 32.91 33.94 34.97 36.00 37.03 38.06 39.09 40.12 41.15 42.18 43.21 44.24 45.27 46.30 47.33 48.35 49.38 50.41 51.44 52.47
2013.00 29.00 29.99 30.98 31.97 32.96 33.95 34.95 35.94 36.93 37.92 38.91 39.90 40.89 41.89 42.88 43.87 44.86 45.85 46.84 47.84 48.83 49.82 50.81
2014.00 28.18 29.13 30.07 31.02 31.96 32.91 33.86 34.80 35.75 36.70 37.64 38.59 39.54 40.48 41.43 42.38 43.32 44.27 45.22 46.16 47.11 48.06 49.00
2015.00 28.32 29.26 30.20 31.14 32.08 33.02 33.96 34.90 35.84 36.78 37.72 38.66 39.60 40.54 41.48 42.41 43.35 44.29 45.23 46.17 47.11 48.05 48.99
2016.00 27.75 28.66 29.58 30.49 31.41 32.32 33.24 34.15 35.07 35.98 36.90 37.81 38.73 39.64 40.56 41.47 42.39 43.30 44.22 45.13 46.05 46.96 47.88
2017.00 27.07 27.96 28.84 29.73 30.61 31.49 32.38 33.26 34.15 35.03 35.91 36.80 37.68 38.56 39.45 40.33 41.22 42.10 42.98 43.87 44.75 45.64 46.52
2018.00 0.80 0.80 0.80 0.80 0.80 0.80 0.80 0.80 0.80 0.80 0.80 0.80 0.80 0.80 0.80 0.80 0.80 0.80 0.80 0.80 0.80 0.80 0.80
2019.00 1.01 1.01 1.01 1.01 1.01 1.01 1.01 1.01 1.01 1.01 1.01 1.01 1.01 1.01 1.01 1.01 1.01 1.01 1.01 1.01 1.01 1.01 1.01
2020.00 1.34 1.34 1.34 1.34 1.34 1.34 1.34 1.34 1.34 1.34 1.34 1.34 1.34 1.34 1.34 1.34 1.34 1.34 1.34 1.34 1.34 1.34 1.34
2021.00 1.69 1.69 1.69 1.69 1.69 1.69 1.69 1.69 1.69 1.69 1.69 1.69 1.69 1.69 1.69 1.69 1.69 1.69 1.69 1.69 1.69 1.69 1.69
2022.00 1.71 1.71 1.71 1.71 1.71 1.71 1.71 1.71 1.71 1.71 1.71 1.71 1.71 1.71 1.71 1.71 1.71 1.71 1.71 1.71 1.71 1.71 1.71
2023.00 1.60 1.60 1.60 1.60 1.60 1.60 1.60 1.60 1.60 1.60 1.60 1.60 1.60 1.60 1.60 1.60 1.60 1.60 1.60 1.60 1.60 1.60 1.60
2024.00 1.73 1.73 1.73 1.73 1.73 1.73 1.73 1.73 1.73 1.73 1.73 1.73 1.73 1.73 1.73 1.73 1.73 1.73 1.73 1.73 1.73 1.73 1.73
2025.00 1.75 1.75 1.75 1.75 1.75 1.75 1.75 1.75 1.75 1.75 1.75 1.75 1.75 1.75 1.75 1.75 1.75 1.75 1.75 1.75 1.75 1.75 1.75
2026.00 1.41 1.41 1.41 1.41 1.41 1.41 1.41 1.41 1.41 1.41 1.41 1.41 1.41 1.41 1.41 1.41 1.41 1.41 1.41 1.41 1.41 1.41 1.41
2027.00 1.27 1.27 1.27 1.27 1.27 1.27 1.27 1.27 1.27 1.27 1.27 1.27 1.27 1.27 1.27 1.27 1.27 1.27 1.27 1.27 1.27 1.27 1.27
2028.00 1.17 1.17 1.17 1.17 1.17 1.17 1.17 1.17 1.17 1.17 1.17 1.17 1.17 1.17 1.17 1.17 1.17 1.17 1.17 1.17 1.17 1.17 1.17
2029.00 0.89 0.89 0.89 0.89 0.89 0.89 0.89 0.89 0.89 0.89 0.89 0.89 0.89 0.89 0.89 0.89 0.89 0.89 0.89 0.89 0.89 0.89 0.89
2030.00 0.93 0.93 0.93 0.93 0.93 0.93 0.93 0.93 0.93 0.93 0.93 0.93 0.93 0.93 0.93 0.93 0.93 0.93 0.93 0.93 0.93 0.93 0.93
2031.00 0.90 0.90 0.90 0.90 0.90 0.90 0.90 0.90 0.90 0.90 0.90 0.90 0.90 0.90 0.90 0.90 0.90 0.90 0.90 0.90 0.90 0.90 0.90
2032.00 0.99 0.99 0.99 0.99 0.99 0.99 0.99 0.99 0.99 0.99 0.99 0.99 0.99 0.99 0.99 0.99 0.99 0.99 0.99 0.99 0.99 0.99 0.99
2033.00 1.05 1.05 1.05 1.05 1.05 1.05 1.05 1.05 1.05 1.05 1.05 1.05 1.05 1.05 1.05 1.05 1.05 1.05 1.05 1.05 1.05 1.05 1.05
2034.00 1.20 1.20 1.20 1.20 1.20 1.20 1.20 1.20 1.20 1.20 1.20 1.20 1.20 1.20 1.20 1.20 1.20 1.20 1.20 1.20 1.20 1.20 1.20
2035.00 1.42 1.42 1.42 1.42 1.42 1.42 1.42 1.42 1.42 1.42 1.42 1.42 1.42 1.42 1.42 1.42 1.42 1.42 1.42 1.42 1.42 1.42 1.42
2036.00 1.51 1.51 1.51 1.51 1.51 1.51 1.51 1.51 1.51 1.51 1.51 1.51 1.51 1.51 1.51 1.51 1.51 1.51 1.51 1.51 1.51 1.51 1.51
2037.00 1.43 1.43 1.43 1.43 1.43 1.43 1.43 1.43 1.43 1.43 1.43 1.43 1.43 1.43 1.43 1.43 1.43 1.43 1.43 1.43 1.43 1.43 1.43
2038.00 1.48 1.48 1.48 1.48 1.48 1.48 1.48 1.48 1.48 1.48 1.48 1.48 1.48 1.48 1.48 1.48 1.48 1.48 1.48 1.48 1.48 1.48 1.48
2039.00 1.39 1.39 1.39 1.39 1.39 1.39 1.39 1.39 1.39 1.39 1.39 1.39 1.39 1.39 1.39 1.39 1.39 1.39 1.39 1.39 1.39 1.39 1.39
2040.00 1.44 1.44 1.44 1.44 1.44 1.44 1.44 1.44 1.44 1.44 1.44 1.44 1.44 1.44 1.44 1.44 1.44 1.44 1.44 1.44 1.44 1.44 1.44
2041.00 1.38 1.38 1.38 1.38 1.38 1.38 1.38 1.38 1.38 1.38 1.38 1.38 1.38 1.38 1.38 1.38 1.38 1.38 1.38 1.38 1.38 1.38 1.38
2042.00 1.43 1.43 1.43 1.43 1.43 1.43 1.43 1.43 1.43 1.43 1.43 1.43 1.43 1.43 1.43 1.43 1.43 1.43 1.43 1.43 1.43 1.43 1.43
2043.00 1.59 1.59 1.59 1.59 1.59 1.59 1.59 1.59 1.59 1.59 1.59 1.59 1.59 1.59 1.59 1.59 1.59 1.59 1.59 1.59 1.59 1.59 1.59
2044.00 1.63 1.63 1.63 1.63 1.63 1.63 1.63 1.63 1.63 1.63 1.63 1.63 1.63 1.63 1.63 1.63 1.63 1.63 1.63 1.63 1.63 1.63 1.63
2045.00 1.67 1.67 1.67 1.67 1.67 1.67 1.67 1.67 1.67 1.67 1.67 1.67 1.67 1.67 1.67 1.67 1.67 1.67 1.67 1.67 1.67 1.67 1.67
2046.00 1.91 1.91 1.91 1.91 1.91 1.91 1.91 1.91 1.91 1.91 1.91 1.91 1.91 1.91 1.91 1.91 1.91 1.91 1.91 1.91 1.91 1.91 1.91
2047.00 1.92 1.92 1.92 1.92 1.92 1.92 1.92 1.92 1.92 1.92 1.92 1.92 1.92 1.92 1.92 1.92 1.92 1.92 1.92 1.92 1.92 1.92 1.92
2048.00 1.88 1.88 1.88 1.88 1.88 1.88 1.88 1.88 1.88 1.88 1.88 1.88 1.88 1.88 1.88 1.88 1.88 1.88 1.88 1.88 1.88 1.88 1.88
2049.00 1.88 1.88 1.88 1.88 1.88 1.88 1.88 1.88 1.88 1.88 1.88 1.88 1.88 1.88 1.88 1.88 1.88 1.88 1.88 1.88 1.88 1.88 1.88
2050.00 1.84 1.84 1.84 1.84 1.84 1.84 1.84 1.84 1.84 1.84 1.84 1.84 1.84 1.84 1.84 1.84 1.84 1.84 1.84 1.84 1.84 1.84 1.84
2051.00 1.62 1.62 1.62 1.62 1.62 1.62 1.62 1.62 1.62 1.62 1.62 1.62 1.62 1.62 1.62 1.62 1.62 1.62 1.62 1.62 1.62 1.62 1.62
2052.00 1.57 1.57 1.57 1.57 1.57 1.57 1.57 1.57 1.57 1.57 1.57 1.57 1.57 1.57 1.57 1.57 1.57 1.57 1.57 1.57 1.57 1.57 1.57
2053.00 1.47 1.47 1.47 1.47 1.47 1.47 1.47 1.47 1.47 1.47 1.47 1.47 1.47 1.47 1.47 1.47 1.47 1.47 1.47 1.47 1.47 1.47 1.47
2054.00 1.48 1.48 1.48 1.48 1.48 1.48 1.48 1.48 1.48 1.48 1.48 1.48 1.48 1.48 1.48 1.48 1.48 1.48 1.48 1.48 1.48 1.48 1.48
2055.00 1.42 1.42 1.42 1.42 1.42 1.42 1.42 1.42 1.42 1.42 1.42 1.42 1.42 1.42 1.42 1.42 1.42 1.42 1.42 1.42 1.42 1.42 1.42
2056.00 1.41 1.41 1.41 1.41 1.41 1.41 1.41 1.41 1.41 1.41 1.41 1.41 1.41 1.41 1.41 1.41 1.41 1.41 1.41 1.41 1.41 1.41 1.41
2057.00 1.43 1.43 1.43 1.43 1.43 1.43 1.43 1.43 1.43 1.43 1.43 1.43 1.43 1.43 1.43 1.43 1.43 1.43 1.43 1.43 1.43 1.43 1.43
2058.00 1.60 1.60 1.60 1.60 1.60 1.60 1.60 1.60 1.60 1.60 1.60 1.60 1.60 1.60 1.60 1.60 1.60 1.60 1.60 1.60 1.60 1.60 1.60
2059.00 1.53 1.53 1.53 1.53 1.53 1.53 1.53 1.53 1.53 1.53 1.53 1.53 1.53 1.53 1.53 1.53 1.53 1.53 1.53 1.53 1.53 1.53 1.53
2060.00 1.60 1.60 1.60 1.60 1.60 1.60 1.60 1.60 1.60 1.60 1.60 1.60 1.60 1.60 1.60 1.60 1.60 1.60 1.60 1.60 1.60 1.60 1.60
2061.00 1.63 1.63 1.63 1.63 1.63 1.63 1.63 1.63 1.63 1.63 1.63 1.63 1.63 1.63 1.63 1.63 1.63 1.63 1.63 1.63 1.63 1.63 1.63
2062.00 1.54 1.54 1.54 1.54 1.54 1.54 1.54 1.54 1.54 1.54 1.54 1.54 1.54 1.54 1.54 1.54 1.54 1.54 1.54 1.54 1.54 1.54 1.54
2063.00 1.47 1.47 1.47 1.47 1.47 1.47 1.47 1.47 1.47 1.47 1.47 1.47 1.47 1.47 1.47 1.47 1.47 1.47 1.47 1.47 1.47 1.47 1.47
2064.00 1.57 1.57 1.57 1.57 1.57 1.57 1.57 1.57 1.57 1.57 1.57 1.57 1.57 1.57 1.57 1.57 1.57 1.57 1.57 1.57 1.57 1.57 1.57
2065.00 1.63 1.63 1.63 1.63 1.63 1.63 1.63 1.63 1.63 1.63 1.63 1.63 1.63 1.63 1.63 1.63 1.63 1.63 1.63 1.63 1.63 1.63 1.63
