# yearspad, alpred
# [0.6  0.62 0.64 0.66 0.68 0.7  0.72 0.74 0.76 0.78 0.8  0.82 0.84 0.86
#  0.88 0.9  0.92 0.94 0.96 0.98 1.   1.02 1.04]
1922.00 -1.78 -1.78 -1.78 -1.78 -1.78 -1.78 -1.78 -1.78 -1.78 -1.78 -1.78 -1.78 -1.78 -1.78 -1.78 -1.78 -1.78 -1.78 -1.78 -1.78 -1.78 -1.78 -1.78
1923.00 -1.50 -1.50 -1.50 -1.50 -1.50 -1.50 -1.50 -1.50 -1.50 -1.50 -1.50 -1.50 -1.50 -1.50 -1.50 -1.50 -1.50 -1.50 -1.50 -1.50 -1.50 -1.50 -1.50
1924.00 -0.96 -0.96 -0.96 -0.96 -0.96 -0.96 -0.96 -0.96 -0.96 -0.96 -0.96 -0.96 -0.96 -0.96 -0.96 -0.96 -0.96 -0.96 -0.96 -0.96 -0.96 -0.96 -0.96
1925.00 -0.30 -0.30 -0.30 -0.30 -0.30 -0.30 -0.30 -0.30 -0.30 -0.30 -0.30 -0.30 -0.30 -0.30 -0.30 -0.30 -0.30 -0.30 -0.30 -0.30 -0.30 -0.30 -0.30
1926.00 0.04 0.04 0.04 0.04 0.04 0.04 0.04 0.04 0.04 0.04 0.04 0.04 0.04 0.04 0.04 0.04 0.04 0.04 0.04 0.04 0.04 0.04 0.04
1927.00 0.57 0.57 0.57 0.57 0.57 0.57 0.57 0.57 0.57 0.57 0.57 0.57 0.57 0.57 0.57 0.57 0.57 0.57 0.57 0.57 0.57 0.57 0.57
1928.00 0.79 0.79 0.79 0.79 0.79 0.79 0.79 0.79 0.79 0.79 0.79 0.79 0.79 0.79 0.79 0.79 0.79 0.79 0.79 0.79 0.79 0.79 0.79
1929.00 0.73 0.73 0.73 0.73 0.73 0.73 0.73 0.73 0.73 0.73 0.73 0.73 0.73 0.73 0.73 0.73 0.73 0.73 0.73 0.73 0.73 0.73 0.73
1930.00 0.71 0.71 0.71 0.71 0.71 0.71 0.71 0.71 0.71 0.71 0.71 0.71 0.71 0.71 0.71 0.71 0.71 0.71 0.71 0.71 0.71 0.71 0.71
1931.00 0.71 0.71 0.71 0.71 0.71 0.71 0.71 0.71 0.71 0.71 0.71 0.71 0.71 0.71 0.71 0.71 0.71 0.71 0.71 0.71 0.71 0.71 0.71
1932.00 0.62 0.62 0.62 0.62 0.62 0.62 0.62 0.62 0.62 0.62 0.62 0.62 0.62 0.62 0.62 0.62 0.62 0.62 0.62 0.62 0.62 0.62 0.62
1933.00 0.77 0.77 0.77 0.77 0.77 0.77 0.77 0.77 0.77 0.77 0.77 0.77 0.77 0.77 0.77 0.77 0.77 0.77 0.77 0.77 0.77 0.77 0.77
1934.00 0.65 0.65 0.65 0.65 0.65 0.65 0.65 0.65 0.65 0.65 0.65 0.65 0.65 0.65 0.65 0.65 0.65 0.65 0.65 0.65 0.65 0.65 0.65
1935.00 0.60 0.60 0.60 0.60 0.60 0.60 0.60 0.60 0.60 0.60 0.60 0.60 0.60 0.60 0.60 0.60 0.60 0.60 0.60 0.60 0.60 0.60 0.60
1936.00 0.20 0.20 0.20 0.20 0.20 0.20 0.20 0.20 0.20 0.20 0.20 0.20 0.20 0.20 0.20 0.20 0.20 0.20 0.20 0.20 0.20 0.20 0.20
1937.00 -0.23 -0.23 -0.23 -0.23 -0.23 -0.23 -0.23 -0.23 -0.23 -0.23 -0.23 -0.23 -0.23 -0.23 -0.23 -0.23 -0.23 -0.23 -0.23 -0.23 -0.23 -0.23 -0.23
1938.00 -0.56 -0.56 -0.56 -0.56 -0.56 -0.56 -0.56 -0.56 -0.56 -0.56 -0.56 -0.56 -0.56 -0.56 -0.56 -0.56 -0.56 -0.56 -0.56 -0.56 -0.56 -0.56 -0.56
1939.00 -1.19 -1.19 -1.19 -1.19 -1.19 -1.19 -1.19 -1.19 -1.19 -1.19 -1.19 -1.19 -1.19 -1.19 -1.19 -1.19 -1.19 -1.19 -1.19 -1.19 -1.19 -1.19 -1.19
1940.00 -1.94 -1.94 -1.94 -1.94 -1.94 -1.94 -1.94 -1.94 -1.94 -1.94 -1.94 -1.94 -1.94 -1.94 -1.94 -1.94 -1.94 -1.94 -1.94 -1.94 -1.94 -1.94 -1.94
1941.00 -2.17 -2.17 -2.17 -2.17 -2.17 -2.17 -2.17 -2.17 -2.17 -2.17 -2.17 -2.17 -2.17 -2.17 -2.17 -2.17 -2.17 -2.17 -2.17 -2.17 -2.17 -2.17 -2.17
1942.00 -2.33 -2.33 -2.33 -2.33 -2.33 -2.33 -2.33 -2.33 -2.33 -2.33 -2.33 -2.33 -2.33 -2.33 -2.33 -2.33 -2.33 -2.33 -2.33 -2.33 -2.33 -2.33 -2.33
1943.00 -2.32 -2.32 -2.32 -2.32 -2.32 -2.32 -2.32 -2.32 -2.32 -2.32 -2.32 -2.32 -2.32 -2.32 -2.32 -2.32 -2.32 -2.32 -2.32 -2.32 -2.32 -2.32 -2.32
1944.00 -2.44 -2.44 -2.44 -2.44 -2.44 -2.44 -2.44 -2.44 -2.44 -2.44 -2.44 -2.44 -2.44 -2.44 -2.44 -2.44 -2.44 -2.44 -2.44 -2.44 -2.44 -2.44 -2.44
1945.00 -2.25 -2.25 -2.25 -2.25 -2.25 -2.25 -2.25 -2.25 -2.25 -2.25 -2.25 -2.25 -2.25 -2.25 -2.25 -2.25 -2.25 -2.25 -2.25 -2.25 -2.25 -2.25 -2.25
1946.00 -2.61 -2.61 -2.61 -2.61 -2.61 -2.61 -2.61 -2.61 -2.61 -2.61 -2.61 -2.61 -2.61 -2.61 -2.61 -2.61 -2.61 -2.61 -2.61 -2.61 -2.61 -2.61 -2.61
1947.00 -2.80 -2.80 -2.80 -2.80 -2.80 -2.80 -2.80 -2.80 -2.80 -2.80 -2.80 -2.80 -2.80 -2.80 -2.80 -2.80 -2.80 -2.80 -2.80 -2.80 -2.80 -2.80 -2.80
1948.00 -3.00 -3.00 -3.00 -3.00 -3.00 -3.00 -3.00 -3.00 -3.00 -3.00 -3.00 -3.00 -3.00 -3.00 -3.00 -3.00 -3.00 -3.00 -3.00 -3.00 -3.00 -3.00 -3.00
1949.00 -2.55 -2.55 -2.55 -2.55 -2.55 -2.55 -2.55 -2.55 -2.55 -2.55 -2.55 -2.55 -2.55 -2.55 -2.55 -2.55 -2.55 -2.55 -2.55 -2.55 -2.55 -2.55 -2.55
1950.00 -2.40 -2.40 -2.40 -2.40 -2.40 -2.40 -2.40 -2.40 -2.40 -2.40 -2.40 -2.40 -2.40 -2.40 -2.40 -2.40 -2.40 -2.40 -2.40 -2.40 -2.40 -2.40 -2.40
1951.00 -1.69 -1.69 -1.69 -1.69 -1.69 -1.69 -1.69 -1.69 -1.69 -1.69 -1.69 -1.69 -1.69 -1.69 -1.69 -1.69 -1.69 -1.69 -1.69 -1.69 -1.69 -1.69 -1.69
1952.00 -1.16 -1.16 -1.16 -1.16 -1.16 -1.16 -1.16 -1.16 -1.16 -1.16 -1.16 -1.16 -1.16 -1.16 -1.16 -1.16 -1.16 -1.16 -1.16 -1.16 -1.16 -1.16 -1.16
1953.00 -0.90 -0.90 -0.90 -0.90 -0.90 -0.90 -0.90 -0.90 -0.90 -0.90 -0.90 -0.90 -0.90 -0.90 -0.90 -0.90 -0.90 -0.90 -0.90 -0.90 -0.90 -0.90 -0.90
1954.00 -1.09 -1.09 -1.09 -1.09 -1.09 -1.09 -1.09 -1.09 -1.09 -1.09 -1.09 -1.09 -1.09 -1.09 -1.09 -1.09 -1.09 -1.09 -1.09 -1.09 -1.09 -1.09 -1.09
1955.00 -1.32 -1.32 -1.32 -1.32 -1.32 -1.32 -1.32 -1.32 -1.32 -1.32 -1.32 -1.32 -1.32 -1.32 -1.32 -1.32 -1.32 -1.32 -1.32 -1.32 -1.32 -1.32 -1.32
1956.00 -1.61 -1.61 -1.61 -1.61 -1.61 -1.61 -1.61 -1.61 -1.61 -1.61 -1.61 -1.61 -1.61 -1.61 -1.61 -1.61 -1.61 -1.61 -1.61 -1.61 -1.61 -1.61 -1.61
1957.00 -1.77 -1.77 -1.77 -1.77 -1.77 -1.77 -1.77 -1.77 -1.77 -1.77 -1.77 -1.77 -1.77 -1.77 -1.77 -1.77 -1.77 -1.77 -1.77 -1.77 -1.77 -1.77 -1.77
1958.00 -1.53 -1.53 -1.53 -1.53 -1.53 -1.53 -1.53 -1.53 -1.53 -1.53 -1.53 -1.53 -1.53 -1.53 -1.53 -1.53 -1.53 -1.53 -1.53 -1.53 -1.53 -1.53 -1.53
1959.00 -1.42 -1.42 -1.42 -1.42 -1.42 -1.42 -1.42 -1.42 -1.42 -1.42 -1.42 -1.42 -1.42 -1.42 -1.42 -1.42 -1.42 -1.42 -1.42 -1.42 -1.42 -1.42 -1.42
1960.00 -0.98 -0.98 -0.98 -0.98 -0.98 -0.98 -0.98 -0.98 -0.98 -0.98 -0.98 -0.98 -0.98 -0.98 -0.98 -0.98 -0.98 -0.98 -0.98 -0.98 -0.98 -0.98 -0.98
1961.00 -0.57 -0.57 -0.57 -0.57 -0.57 -0.57 -0.57 -0.57 -0.57 -0.57 -0.57 -0.57 -0.57 -0.57 -0.57 -0.57 -0.57 -0.57 -0.57 -0.57 -0.57 -0.57 -0.57
1962.00 -0.58 -0.58 -0.58 -0.58 -0.58 -0.58 -0.58 -0.58 -0.58 -0.58 -0.58 -0.58 -0.58 -0.58 -0.58 -0.58 -0.58 -0.58 -0.58 -0.58 -0.58 -0.58 -0.58
1963.00 -0.61 -0.61 -0.61 -0.61 -0.61 -0.61 -0.61 -0.61 -0.61 -0.61 -0.61 -0.61 -0.61 -0.61 -0.61 -0.61 -0.61 -0.61 -0.61 -0.61 -0.61 -0.61 -0.61
1964.00 -0.41 -0.41 -0.41 -0.41 -0.41 -0.41 -0.41 -0.41 -0.41 -0.41 -0.41 -0.41 -0.41 -0.41 -0.41 -0.41 -0.41 -0.41 -0.41 -0.41 -0.41 -0.41 -0.41
1965.00 -0.21 -0.21 -0.21 -0.21 -0.21 -0.21 -0.21 -0.21 -0.21 -0.21 -0.21 -0.21 -0.21 -0.21 -0.21 -0.21 -0.21 -0.21 -0.21 -0.21 -0.21 -0.21 -0.21
1966.00 0.08 0.08 0.08 0.08 0.08 0.08 0.08 0.08 0.08 0.08 0.08 0.08 0.08 0.08 0.08 0.08 0.08 0.08 0.08 0.08 0.08 0.08 0.08
1967.00 0.51 0.51 0.51 0.51 0.51 0.51 0.51 0.51 0.51 0.51 0.51 0.51 0.51 0.51 0.51 0.51 0.51 0.51 0.51 0.51 0.51 0.51 0.51
1968.00 0.75 0.75 0.75 0.75 0.75 0.75 0.75 0.75 0.75 0.75 0.75 0.75 0.75 0.75 0.75 0.75 0.75 0.75 0.75 0.75 0.75 0.75 0.75
1969.00 0.75 0.75 0.75 0.75 0.75 0.75 0.75 0.75 0.75 0.75 0.75 0.75 0.75 0.75 0.75 0.75 0.75 0.75 0.75 0.75 0.75 0.75 0.75
1970.00 121.61 121.61 121.61 121.61 121.61 121.61 121.61 121.61 121.61 121.61 121.61 121.61 121.61 121.61 121.61 121.61 121.61 121.61 121.61 121.61 121.61 121.61 121.61
1971.00 124.53 124.53 124.53 124.53 124.53 124.53 124.53 124.53 124.53 124.53 124.53 124.53 124.53 124.53 124.53 124.53 124.53 124.53 124.53 124.53 124.53 124.53 124.53
1972.00 124.39 124.39 124.39 124.39 124.39 124.39 124.39 124.39 124.39 124.39 124.39 124.39 124.39 124.39 124.39 124.39 124.39 124.39 124.39 124.39 124.39 124.39 124.39
1973.00 120.56 120.56 120.56 120.56 120.56 120.56 120.56 120.56 120.56 120.56 120.56 120.56 120.56 120.56 120.56 120.56 120.56 120.56 120.56 120.56 120.56 120.56 120.56
1974.00 122.10 122.10 122.10 122.10 122.10 122.10 122.10 122.10 122.10 122.10 122.10 122.10 122.10 122.10 122.10 122.10 122.10 122.10 122.10 122.10 122.10 122.10 122.10
1975.00 122.50 122.50 122.50 122.50 122.50 122.50 122.50 122.50 122.50 122.50 122.50 122.50 122.50 122.50 122.50 122.50 122.50 122.50 122.50 122.50 122.50 122.50 122.50
1976.00 124.67 124.67 124.67 124.67 124.67 124.67 124.67 124.67 124.67 124.67 124.67 124.67 124.67 124.67 124.67 124.67 124.67 124.67 124.67 124.67 124.67 124.67 124.67
1977.00 127.31 127.31 127.31 127.31 127.31 127.31 127.31 127.31 127.31 127.31 127.31 127.31 127.31 127.31 127.31 127.31 127.31 127.31 127.31 127.31 127.31 127.31 127.31
1978.00 131.26 131.26 131.26 131.26 131.26 131.26 131.26 131.26 131.26 131.26 131.26 131.26 131.26 131.26 131.26 131.26 131.26 131.26 131.26 131.26 131.26 131.26 131.26
1979.00 130.89 130.89 130.89 130.89 130.89 130.89 130.89 130.89 130.89 130.89 130.89 130.89 130.89 130.89 130.89 130.89 130.89 130.89 130.89 130.89 130.89 130.89 130.89
1980.00 133.46 133.46 133.46 133.46 133.46 133.46 133.46 133.46 133.46 133.46 133.46 133.46 133.46 133.46 133.46 133.46 133.46 133.46 133.46 133.46 133.46 133.46 133.46
1981.00 132.85 132.85 132.85 132.85 132.85 132.85 132.85 132.85 132.85 132.85 132.85 132.85 132.85 132.85 132.85 132.85 132.85 132.85 132.85 132.85 132.85 132.85 132.85
1982.00 133.98 133.98 133.98 133.98 133.98 133.98 133.98 133.98 133.98 133.98 133.98 133.98 133.98 133.98 133.98 133.98 133.98 133.98 133.98 133.98 133.98 133.98 133.98
1983.00 130.02 130.02 130.02 130.02 130.02 130.02 130.02 130.02 130.02 130.02 130.02 130.02 130.02 130.02 130.02 130.02 130.02 130.02 130.02 130.02 130.02 130.02 130.02
1984.00 127.08 127.08 127.08 127.08 127.08 127.08 127.08 127.08 127.08 127.08 127.08 127.08 127.08 127.08 127.08 127.08 127.08 127.08 127.08 127.08 127.08 127.08 127.08
1985.00 126.71 126.71 126.71 126.71 126.71 126.71 126.71 126.71 126.71 126.71 126.71 126.71 126.71 126.71 126.71 126.71 126.71 126.71 126.71 126.71 126.71 126.71 126.71
1986.00 126.28 126.28 126.28 126.28 126.28 126.28 126.28 126.28 126.28 126.28 126.28 126.28 126.28 126.28 126.28 126.28 126.28 126.28 126.28 126.28 126.28 126.28 126.28
1987.00 124.58 124.58 124.58 124.58 124.58 124.58 124.58 124.58 124.58 124.58 124.58 124.58 124.58 124.58 124.58 124.58 124.58 124.58 124.58 124.58 124.58 124.58 124.58
1988.00 76.52 78.73 80.93 83.14 85.34 87.55 89.75 91.96 94.17 96.37 98.58 100.78 102.99 105.19 107.40 109.60 111.81 114.02 116.22 118.43 120.63 122.84 125.04
1989.00 73.82 75.95 78.07 80.20 82.33 84.46 86.59 88.72 90.84 92.97 95.10 97.23 99.36 101.48 103.61 105.74 107.87 110.00 112.12 114.25 116.38 118.51 120.64
1990.00 70.86 72.90 74.94 76.98 79.03 81.07 83.11 85.15 87.19 89.24 91.28 93.32 95.36 97.40 99.44 101.49 103.53 105.57 107.61 109.65 111.70 113.74 115.78
1991.00 68.93 70.92 72.92 74.92 76.91 78.91 80.91 82.90 84.90 86.90 88.90 90.89 92.89 94.89 96.88 98.88 100.88 102.87 104.87 106.87 108.87 110.86 112.86
1992.00 67.70 69.67 71.65 73.62 75.59 77.57 79.54 81.51 83.49 85.46 87.43 89.41 91.38 93.35 95.33 97.30 99.27 101.25 103.22 105.19 107.17 109.14 111.11
1993.00 66.72 68.66 70.60 72.55 74.49 76.44 78.38 80.33 82.27 84.22 86.16 88.11 90.05 92.00 93.94 95.89 97.83 99.78 101.72 103.67 105.61 107.56 109.50
1994.00 65.84 67.75 69.67 71.59 73.50 75.42 77.33 79.25 81.16 83.08 84.99 86.91 88.82 90.74 92.66 94.57 96.49 98.40 100.32 102.23 104.15 106.06 107.98
1995.00 65.80 67.72 69.63 71.54 73.45 75.37 77.28 79.19 81.10 83.02 84.93 86.84 88.75 90.67 92.58 94.49 96.40 98.32 100.23 102.14 104.05 105.97 107.88
1996.00 64.91 66.79 68.66 70.53 72.41 74.28 76.15 78.03 79.90 81.77 83.64 85.52 87.39 89.26 91.14 93.01 94.88 96.76 98.63 100.50 102.37 104.25 106.12
1997.00 64.65 66.51 68.38 70.24 72.10 73.97 75.83 77.69 79.55 81.42 83.28 85.14 87.01 88.87 90.73 92.60 94.46 96.32 98.18 100.05 101.91 103.77 105.64
1998.00 63.32 65.15 66.99 68.83 70.66 72.50 74.33 76.17 78.00 79.84 81.67 83.51 85.35 87.18 89.02 90.85 92.69 94.52 96.36 98.20 100.03 101.87 103.70
1999.00 60.86 62.64 64.41 66.18 67.95 69.73 71.50 73.27 75.04 76.82 78.59 80.36 82.13 83.91 85.68 87.45 89.22 91.00 92.77 94.54 96.31 98.08 99.86
2000.00 57.44 59.11 60.78 62.45 64.12 65.79 67.46 69.13 70.80 72.47 74.14 75.81 77.48 79.15 80.82 82.49 84.16 85.83 87.50 89.17 90.84 92.51 94.18
2001.00 55.20 56.81 58.42 60.03 61.65 63.26 64.87 66.48 68.09 69.70 71.31 72.92 74.53 76.15 77.76 79.37 80.98 82.59 84.20 85.81 87.42 89.04 90.65
2002.00 53.92 55.50 57.08 58.65 60.23 61.81 63.39 64.96 66.54 68.12 69.69 71.27 72.85 74.42 76.00 77.58 79.15 80.73 82.31 83.89 85.46 87.04 88.62
2003.00 53.13 54.68 56.23 57.78 59.33 60.88 62.44 63.99 65.54 67.09 68.64 70.19 71.74 73.30 74.85 76.40 77.95 79.50 81.05 82.60 84.16 85.71 87.26
2004.00 50.21 51.66 53.11 54.56 56.01 57.46 58.91 60.36 61.81 63.26 64.71 66.16 67.61 69.06 70.51 71.96 73.41 74.86 76.31 77.76 79.21 80.66 82.11
2005.00 48.98 50.40 51.82 53.24 54.67 56.09 57.51 58.93 60.36 61.78 63.20 64.62 66.05 67.47 68.89 70.31 71.74 73.16 74.58 76.00 77.43 78.85 80.27
2006.00 47.64 49.03 50.42 51.81 53.20 54.60 55.99 57.38 58.77 60.16 61.55 62.95 64.34 65.73 67.12 68.51 69.90 71.29 72.69 74.08 75.47 76.86 78.25
2007.00 45.88 47.23 48.58 49.93 51.28 52.63 53.98 55.33 56.68 58.04 59.39 60.74 62.09 63.44 64.79 66.14 67.49 68.84 70.19 71.54 72.89 74.24 75.59
2008.00 42.68 43.94 45.20 46.46 47.72 48.98 50.24 51.50 52.75 54.01 55.27 56.53 57.79 59.05 60.31 61.57 62.83 64.09 65.34 66.60 67.86 69.12 70.38
2009.00 40.42 41.62 42.82 44.01 45.21 46.41 47.60 48.80 50.00 51.20 52.39 53.59 54.79 55.98 57.18 58.38 59.57 60.77 61.97 63.16 64.36 65.56 66.75
2010.00 37.19 38.28 39.36 40.44 41.53 42.61 43.69 44.78 45.86 46.94 48.03 49.11 50.19 51.28 52.36 53.44 54.53 55.61 56.69 57.78 58.86 59.94 61.03
2011.00 36.52 37.57 38.62 39.66 40.71 41.76 42.81 43.86 44.91 45.96 47.01 48.06 49.11 50.15 51.20 52.25 53.30 54.35 55.40 56.45 57.50 58.55 59.60
2012.00 35.52 36.53 37.55 38.56 39.57 40.59 41.60 42.62 43.63 44.65 45.66 46.68 47.69 48.70 49.72 50.73 51.75 52.76 53.78 54.79 55.80 56.82 57.83
2013.00 34.60 35.57 36.55 37.52 38.50 39.48 40.45 41.43 42.41 43.38 44.36 45.33 46.31 47.29 48.26 49.24 50.22 51.19 52.17 53.15 54.12 55.10 56.07
2014.00 33.08 34.02 34.95 35.88 36.81 37.74 38.67 39.60 40.54 41.47 42.40 43.33 44.26 45.19 46.12 47.06 47.99 48.92 49.85 50.78 51.71 52.65 53.58
2015.00 33.02 33.94 34.86 35.79 36.71 37.64 38.56 39.49 40.41 41.34 42.26 43.18 44.11 45.03 45.96 46.88 47.81 48.73 49.66 50.58 51.51 52.43 53.35
2016.00 31.99 32.89 33.79 34.69 35.59 36.49 37.39 38.29 39.19 40.09 40.99 41.89 42.79 43.69 44.59 45.49 46.39 47.29 48.19 49.09 49.99 50.89 51.79
2017.00 31.00 31.87 32.74 33.60 34.47 35.34 36.21 37.08 37.95 38.82 39.69 40.56 41.43 42.30 43.17 44.03 44.90 45.77 46.64 47.51 48.38 49.25 50.12
2018.00 4.85 4.85 4.85 4.85 4.85 4.85 4.85 4.85 4.85 4.85 4.85 4.85 4.85 4.85 4.85 4.85 4.85 4.85 4.85 4.85 4.85 4.85 4.85
2019.00 4.95 4.95 4.95 4.95 4.95 4.95 4.95 4.95 4.95 4.95 4.95 4.95 4.95 4.95 4.95 4.95 4.95 4.95 4.95 4.95 4.95 4.95 4.95
2020.00 4.83 4.83 4.83 4.83 4.83 4.83 4.83 4.83 4.83 4.83 4.83 4.83 4.83 4.83 4.83 4.83 4.83 4.83 4.83 4.83 4.83 4.83 4.83
2021.00 5.05 5.05 5.05 5.05 5.05 5.05 5.05 5.05 5.05 5.05 5.05 5.05 5.05 5.05 5.05 5.05 5.05 5.05 5.05 5.05 5.05 5.05 5.05
2022.00 4.75 4.75 4.75 4.75 4.75 4.75 4.75 4.75 4.75 4.75 4.75 4.75 4.75 4.75 4.75 4.75 4.75 4.75 4.75 4.75 4.75 4.75 4.75
2023.00 4.38 4.38 4.38 4.38 4.38 4.38 4.38 4.38 4.38 4.38 4.38 4.38 4.38 4.38 4.38 4.38 4.38 4.38 4.38 4.38 4.38 4.38 4.38
2024.00 3.85 3.85 3.85 3.85 3.85 3.85 3.85 3.85 3.85 3.85 3.85 3.85 3.85 3.85 3.85 3.85 3.85 3.85 3.85 3.85 3.85 3.85 3.85
2025.00 3.07 3.07 3.07 3.07 3.07 3.07 3.07 3.07 3.07 3.07 3.07 3.07 3.07 3.07 3.07 3.07 3.07 3.07 3.07 3.07 3.07 3.07 3.07
2026.00 2.16 2.16 2.16 2.16 2.16 2.16 2.16 2.16 2.16 2.16 2.16 2.16 2.16 2.16 2.16 2.16 2.16 2.16 2.16 2.16 2.16 2.16 2.16
2027.00 1.46 1.46 1.46 1.46 1.46 1.46 1.46 1.46 1.46 1.46 1.46 1.46 1.46 1.46 1.46 1.46 1.46 1.46 1.46 1.46 1.46 1.46 1.46
2028.00 0.84 0.84 0.84 0.84 0.84 0.84 0.84 0.84 0.84 0.84 0.84 0.84 0.84 0.84 0.84 0.84 0.84 0.84 0.84 0.84 0.84 0.84 0.84
2029.00 0.47 0.47 0.47 0.47 0.47 0.47 0.47 0.47 0.47 0.47 0.47 0.47 0.47 0.47 0.47 0.47 0.47 0.47 0.47 0.47 0.47 0.47 0.47
2030.00 -0.13 -0.13 -0.13 -0.13 -0.13 -0.13 -0.13 -0.13 -0.13 -0.13 -0.13 -0.13 -0.13 -0.13 -0.13 -0.13 -0.13 -0.13 -0.13 -0.13 -0.13 -0.13 -0.13
2031.00 -0.44 -0.44 -0.44 -0.44 -0.44 -0.44 -0.44 -0.44 -0.44 -0.44 -0.44 -0.44 -0.44 -0.44 -0.44 -0.44 -0.44 -0.44 -0.44 -0.44 -0.44 -0.44 -0.44
2032.00 -0.84 -0.84 -0.84 -0.84 -0.84 -0.84 -0.84 -0.84 -0.84 -0.84 -0.84 -0.84 -0.84 -0.84 -0.84 -0.84 -0.84 -0.84 -0.84 -0.84 -0.84 -0.84 -0.84
2033.00 -1.18 -1.18 -1.18 -1.18 -1.18 -1.18 -1.18 -1.18 -1.18 -1.18 -1.18 -1.18 -1.18 -1.18 -1.18 -1.18 -1.18 -1.18 -1.18 -1.18 -1.18 -1.18 -1.18
2034.00 -1.49 -1.49 -1.49 -1.49 -1.49 -1.49 -1.49 -1.49 -1.49 -1.49 -1.49 -1.49 -1.49 -1.49 -1.49 -1.49 -1.49 -1.49 -1.49 -1.49 -1.49 -1.49 -1.49
2035.00 -1.63 -1.63 -1.63 -1.63 -1.63 -1.63 -1.63 -1.63 -1.63 -1.63 -1.63 -1.63 -1.63 -1.63 -1.63 -1.63 -1.63 -1.63 -1.63 -1.63 -1.63 -1.63 -1.63
2036.00 -1.78 -1.78 -1.78 -1.78 -1.78 -1.78 -1.78 -1.78 -1.78 -1.78 -1.78 -1.78 -1.78 -1.78 -1.78 -1.78 -1.78 -1.78 -1.78 -1.78 -1.78 -1.78 -1.78
2037.00 -1.82 -1.82 -1.82 -1.82 -1.82 -1.82 -1.82 -1.82 -1.82 -1.82 -1.82 -1.82 -1.82 -1.82 -1.82 -1.82 -1.82 -1.82 -1.82 -1.82 -1.82 -1.82 -1.82
2038.00 -1.94 -1.94 -1.94 -1.94 -1.94 -1.94 -1.94 -1.94 -1.94 -1.94 -1.94 -1.94 -1.94 -1.94 -1.94 -1.94 -1.94 -1.94 -1.94 -1.94 -1.94 -1.94 -1.94
2039.00 -1.92 -1.92 -1.92 -1.92 -1.92 -1.92 -1.92 -1.92 -1.92 -1.92 -1.92 -1.92 -1.92 -1.92 -1.92 -1.92 -1.92 -1.92 -1.92 -1.92 -1.92 -1.92 -1.92
2040.00 -1.98 -1.98 -1.98 -1.98 -1.98 -1.98 -1.98 -1.98 -1.98 -1.98 -1.98 -1.98 -1.98 -1.98 -1.98 -1.98 -1.98 -1.98 -1.98 -1.98 -1.98 -1.98 -1.98
2041.00 -1.97 -1.97 -1.97 -1.97 -1.97 -1.97 -1.97 -1.97 -1.97 -1.97 -1.97 -1.97 -1.97 -1.97 -1.97 -1.97 -1.97 -1.97 -1.97 -1.97 -1.97 -1.97 -1.97
2042.00 -1.95 -1.95 -1.95 -1.95 -1.95 -1.95 -1.95 -1.95 -1.95 -1.95 -1.95 -1.95 -1.95 -1.95 -1.95 -1.95 -1.95 -1.95 -1.95 -1.95 -1.95 -1.95 -1.95
2043.00 -1.70 -1.70 -1.70 -1.70 -1.70 -1.70 -1.70 -1.70 -1.70 -1.70 -1.70 -1.70 -1.70 -1.70 -1.70 -1.70 -1.70 -1.70 -1.70 -1.70 -1.70 -1.70 -1.70
2044.00 -1.63 -1.63 -1.63 -1.63 -1.63 -1.63 -1.63 -1.63 -1.63 -1.63 -1.63 -1.63 -1.63 -1.63 -1.63 -1.63 -1.63 -1.63 -1.63 -1.63 -1.63 -1.63 -1.63
2045.00 -1.47 -1.47 -1.47 -1.47 -1.47 -1.47 -1.47 -1.47 -1.47 -1.47 -1.47 -1.47 -1.47 -1.47 -1.47 -1.47 -1.47 -1.47 -1.47 -1.47 -1.47 -1.47 -1.47
2046.00 -1.36 -1.36 -1.36 -1.36 -1.36 -1.36 -1.36 -1.36 -1.36 -1.36 -1.36 -1.36 -1.36 -1.36 -1.36 -1.36 -1.36 -1.36 -1.36 -1.36 -1.36 -1.36 -1.36
2047.00 -1.23 -1.23 -1.23 -1.23 -1.23 -1.23 -1.23 -1.23 -1.23 -1.23 -1.23 -1.23 -1.23 -1.23 -1.23 -1.23 -1.23 -1.23 -1.23 -1.23 -1.23 -1.23 -1.23
2048.00 -1.35 -1.35 -1.35 -1.35 -1.35 -1.35 -1.35 -1.35 -1.35 -1.35 -1.35 -1.35 -1.35 -1.35 -1.35 -1.35 -1.35 -1.35 -1.35 -1.35 -1.35 -1.35 -1.35
2049.00 -1.35 -1.35 -1.35 -1.35 -1.35 -1.35 -1.35 -1.35 -1.35 -1.35 -1.35 -1.35 -1.35 -1.35 -1.35 -1.35 -1.35 -1.35 -1.35 -1.35 -1.35 -1.35 -1.35
2050.00 -1.46 -1.46 -1.46 -1.46 -1.46 -1.46 -1.46 -1.46 -1.46 -1.46 -1.46 -1.46 -1.46 -1.46 -1.46 -1.46 -1.46 -1.46 -1.46 -1.46 -1.46 -1.46 -1.46
2051.00 -1.57 -1.57 -1.57 -1.57 -1.57 -1.57 -1.57 -1.57 -1.57 -1.57 -1.57 -1.57 -1.57 -1.57 -1.57 -1.57 -1.57 -1.57 -1.57 -1.57 -1.57 -1.57 -1.57
2052.00 -1.73 -1.73 -1.73 -1.73 -1.73 -1.73 -1.73 -1.73 -1.73 -1.73 -1.73 -1.73 -1.73 -1.73 -1.73 -1.73 -1.73 -1.73 -1.73 -1.73 -1.73 -1.73 -1.73
2053.00 -1.77 -1.77 -1.77 -1.77 -1.77 -1.77 -1.77 -1.77 -1.77 -1.77 -1.77 -1.77 -1.77 -1.77 -1.77 -1.77 -1.77 -1.77 -1.77 -1.77 -1.77 -1.77 -1.77
2054.00 -1.83 -1.83 -1.83 -1.83 -1.83 -1.83 -1.83 -1.83 -1.83 -1.83 -1.83 -1.83 -1.83 -1.83 -1.83 -1.83 -1.83 -1.83 -1.83 -1.83 -1.83 -1.83 -1.83
2055.00 -1.81 -1.81 -1.81 -1.81 -1.81 -1.81 -1.81 -1.81 -1.81 -1.81 -1.81 -1.81 -1.81 -1.81 -1.81 -1.81 -1.81 -1.81 -1.81 -1.81 -1.81 -1.81 -1.81
2056.00 -1.92 -1.92 -1.92 -1.92 -1.92 -1.92 -1.92 -1.92 -1.92 -1.92 -1.92 -1.92 -1.92 -1.92 -1.92 -1.92 -1.92 -1.92 -1.92 -1.92 -1.92 -1.92 -1.92
2057.00 -1.90 -1.90 -1.90 -1.90 -1.90 -1.90 -1.90 -1.90 -1.90 -1.90 -1.90 -1.90 -1.90 -1.90 -1.90 -1.90 -1.90 -1.90 -1.90 -1.90 -1.90 -1.90 -1.90
2058.00 -1.92 -1.92 -1.92 -1.92 -1.92 -1.92 -1.92 -1.92 -1.92 -1.92 -1.92 -1.92 -1.92 -1.92 -1.92 -1.92 -1.92 -1.92 -1.92 -1.92 -1.92 -1.92 -1.92
2059.00 -1.96 -1.96 -1.96 -1.96 -1.96 -1.96 -1.96 -1.96 -1.96 -1.96 -1.96 -1.96 -1.96 -1.96 -1.96 -1.96 -1.96 -1.96 -1.96 -1.96 -1.96 -1.96 -1.96
2060.00 -2.07 -2.07 -2.07 -2.07 -2.07 -2.07 -2.07 -2.07 -2.07 -2.07 -2.07 -2.07 -2.07 -2.07 -2.07 -2.07 -2.07 -2.07 -2.07 -2.07 -2.07 -2.07 -2.07
2061.00 -1.95 -1.95 -1.95 -1.95 -1.95 -1.95 -1.95 -1.95 -1.95 -1.95 -1.95 -1.95 -1.95 -1.95 -1.95 -1.95 -1.95 -1.95 -1.95 -1.95 -1.95 -1.95 -1.95
2062.00 -2.06 -2.06 -2.06 -2.06 -2.06 -2.06 -2.06 -2.06 -2.06 -2.06 -2.06 -2.06 -2.06 -2.06 -2.06 -2.06 -2.06 -2.06 -2.06 -2.06 -2.06 -2.06 -2.06
2063.00 -2.03 -2.03 -2.03 -2.03 -2.03 -2.03 -2.03 -2.03 -2.03 -2.03 -2.03 -2.03 -2.03 -2.03 -2.03 -2.03 -2.03 -2.03 -2.03 -2.03 -2.03 -2.03 -2.03
2064.00 -2.01 -2.01 -2.01 -2.01 -2.01 -2.01 -2.01 -2.01 -2.01 -2.01 -2.01 -2.01 -2.01 -2.01 -2.01 -2.01 -2.01 -2.01 -2.01 -2.01 -2.01 -2.01 -2.01
2065.00 -1.86 -1.86 -1.86 -1.86 -1.86 -1.86 -1.86 -1.86 -1.86 -1.86 -1.86 -1.86 -1.86 -1.86 -1.86 -1.86 -1.86 -1.86 -1.86 -1.86 -1.86 -1.86 -1.86
