# yearspad, alpred
# [0.6  0.62 0.64 0.66 0.68 0.7  0.72 0.74 0.76 0.78 0.8  0.82 0.84 0.86
#  0.88 0.9  0.92 0.94 0.96 0.98 1.   1.02 1.04]
1922.00 2.45 2.45 2.45 2.45 2.45 2.45 2.45 2.45 2.45 2.45 2.45 2.45 2.45 2.45 2.45 2.45 2.45 2.45 2.45 2.45 2.45 2.45 2.45
1923.00 2.03 2.03 2.03 2.03 2.03 2.03 2.03 2.03 2.03 2.03 2.03 2.03 2.03 2.03 2.03 2.03 2.03 2.03 2.03 2.03 2.03 2.03 2.03
1924.00 1.71 1.71 1.71 1.71 1.71 1.71 1.71 1.71 1.71 1.71 1.71 1.71 1.71 1.71 1.71 1.71 1.71 1.71 1.71 1.71 1.71 1.71 1.71
1925.00 1.40 1.40 1.40 1.40 1.40 1.40 1.40 1.40 1.40 1.40 1.40 1.40 1.40 1.40 1.40 1.40 1.40 1.40 1.40 1.40 1.40 1.40 1.40
1926.00 0.72 0.72 0.72 0.72 0.72 0.72 0.72 0.72 0.72 0.72 0.72 0.72 0.72 0.72 0.72 0.72 0.72 0.72 0.72 0.72 0.72 0.72 0.72
1927.00 0.44 0.44 0.44 0.44 0.44 0.44 0.44 0.44 0.44 0.44 0.44 0.44 0.44 0.44 0.44 0.44 0.44 0.44 0.44 0.44 0.44 0.44 0.44
1928.00 -0.13 -0.13 -0.13 -0.13 -0.13 -0.13 -0.13 -0.13 -0.13 -0.13 -0.13 -0.13 -0.13 -0.13 -0.13 -0.13 -0.13 -0.13 -0.13 -0.13 -0.13 -0.13 -0.13
1929.00 -0.90 -0.90 -0.90 -0.90 -0.90 -0.90 -0.90 -0.90 -0.90 -0.90 -0.90 -0.90 -0.90 -0.90 -0.90 -0.90 -0.90 -0.90 -0.90 -0.90 -0.90 -0.90 -0.90
1930.00 -1.80 -1.80 -1.80 -1.80 -1.80 -1.80 -1.80 -1.80 -1.80 -1.80 -1.80 -1.80 -1.80 -1.80 -1.80 -1.80 -1.80 -1.80 -1.80 -1.80 -1.80 -1.80 -1.80
1931.00 -2.42 -2.42 -2.42 -2.42 -2.42 -2.42 -2.42 -2.42 -2.42 -2.42 -2.42 -2.42 -2.42 -2.42 -2.42 -2.42 -2.42 -2.42 -2.42 -2.42 -2.42 -2.42 -2.42
1932.00 -3.02 -3.02 -3.02 -3.02 -3.02 -3.02 -3.02 -3.02 -3.02 -3.02 -3.02 -3.02 -3.02 -3.02 -3.02 -3.02 -3.02 -3.02 -3.02 -3.02 -3.02 -3.02 -3.02
1933.00 -3.85 -3.85 -3.85 -3.85 -3.85 -3.85 -3.85 -3.85 -3.85 -3.85 -3.85 -3.85 -3.85 -3.85 -3.85 -3.85 -3.85 -3.85 -3.85 -3.85 -3.85 -3.85 -3.85
1934.00 -4.77 -4.77 -4.77 -4.77 -4.77 -4.77 -4.77 -4.77 -4.77 -4.77 -4.77 -4.77 -4.77 -4.77 -4.77 -4.77 -4.77 -4.77 -4.77 -4.77 -4.77 -4.77 -4.77
1935.00 -5.11 -5.11 -5.11 -5.11 -5.11 -5.11 -5.11 -5.11 -5.11 -5.11 -5.11 -5.11 -5.11 -5.11 -5.11 -5.11 -5.11 -5.11 -5.11 -5.11 -5.11 -5.11 -5.11
1936.00 -5.38 -5.38 -5.38 -5.38 -5.38 -5.38 -5.38 -5.38 -5.38 -5.38 -5.38 -5.38 -5.38 -5.38 -5.38 -5.38 -5.38 -5.38 -5.38 -5.38 -5.38 -5.38 -5.38
1937.00 -5.56 -5.56 -5.56 -5.56 -5.56 -5.56 -5.56 -5.56 -5.56 -5.56 -5.56 -5.56 -5.56 -5.56 -5.56 -5.56 -5.56 -5.56 -5.56 -5.56 -5.56 -5.56 -5.56
1938.00 -5.36 -5.36 -5.36 -5.36 -5.36 -5.36 -5.36 -5.36 -5.36 -5.36 -5.36 -5.36 -5.36 -5.36 -5.36 -5.36 -5.36 -5.36 -5.36 -5.36 -5.36 -5.36 -5.36
1939.00 -5.33 -5.33 -5.33 -5.33 -5.33 -5.33 -5.33 -5.33 -5.33 -5.33 -5.33 -5.33 -5.33 -5.33 -5.33 -5.33 -5.33 -5.33 -5.33 -5.33 -5.33 -5.33 -5.33
1940.00 -5.85 -5.85 -5.85 -5.85 -5.85 -5.85 -5.85 -5.85 -5.85 -5.85 -5.85 -5.85 -5.85 -5.85 -5.85 -5.85 -5.85 -5.85 -5.85 -5.85 -5.85 -5.85 -5.85
1941.00 -5.77 -5.77 -5.77 -5.77 -5.77 -5.77 -5.77 -5.77 -5.77 -5.77 -5.77 -5.77 -5.77 -5.77 -5.77 -5.77 -5.77 -5.77 -5.77 -5.77 -5.77 -5.77 -5.77
1942.00 -5.94 -5.94 -5.94 -5.94 -5.94 -5.94 -5.94 -5.94 -5.94 -5.94 -5.94 -5.94 -5.94 -5.94 -5.94 -5.94 -5.94 -5.94 -5.94 -5.94 -5.94 -5.94 -5.94
1943.00 -5.97 -5.97 -5.97 -5.97 -5.97 -5.97 -5.97 -5.97 -5.97 -5.97 -5.97 -5.97 -5.97 -5.97 -5.97 -5.97 -5.97 -5.97 -5.97 -5.97 -5.97 -5.97 -5.97
1944.00 -6.14 -6.14 -6.14 -6.14 -6.14 -6.14 -6.14 -6.14 -6.14 -6.14 -6.14 -6.14 -6.14 -6.14 -6.14 -6.14 -6.14 -6.14 -6.14 -6.14 -6.14 -6.14 -6.14
1945.00 -5.78 -5.78 -5.78 -5.78 -5.78 -5.78 -5.78 -5.78 -5.78 -5.78 -5.78 -5.78 -5.78 -5.78 -5.78 -5.78 -5.78 -5.78 -5.78 -5.78 -5.78 -5.78 -5.78
1946.00 -5.87 -5.87 -5.87 -5.87 -5.87 -5.87 -5.87 -5.87 -5.87 -5.87 -5.87 -5.87 -5.87 -5.87 -5.87 -5.87 -5.87 -5.87 -5.87 -5.87 -5.87 -5.87 -5.87
1947.00 -6.11 -6.11 -6.11 -6.11 -6.11 -6.11 -6.11 -6.11 -6.11 -6.11 -6.11 -6.11 -6.11 -6.11 -6.11 -6.11 -6.11 -6.11 -6.11 -6.11 -6.11 -6.11 -6.11
1948.00 -6.38 -6.38 -6.38 -6.38 -6.38 -6.38 -6.38 -6.38 -6.38 -6.38 -6.38 -6.38 -6.38 -6.38 -6.38 -6.38 -6.38 -6.38 -6.38 -6.38 -6.38 -6.38 -6.38
1949.00 -6.07 -6.07 -6.07 -6.07 -6.07 -6.07 -6.07 -6.07 -6.07 -6.07 -6.07 -6.07 -6.07 -6.07 -6.07 -6.07 -6.07 -6.07 -6.07 -6.07 -6.07 -6.07 -6.07
1950.00 -6.54 -6.54 -6.54 -6.54 -6.54 -6.54 -6.54 -6.54 -6.54 -6.54 -6.54 -6.54 -6.54 -6.54 -6.54 -6.54 -6.54 -6.54 -6.54 -6.54 -6.54 -6.54 -6.54
1951.00 -7.38 -7.38 -7.38 -7.38 -7.38 -7.38 -7.38 -7.38 -7.38 -7.38 -7.38 -7.38 -7.38 -7.38 -7.38 -7.38 -7.38 -7.38 -7.38 -7.38 -7.38 -7.38 -7.38
1952.00 -7.89 -7.89 -7.89 -7.89 -7.89 -7.89 -7.89 -7.89 -7.89 -7.89 -7.89 -7.89 -7.89 -7.89 -7.89 -7.89 -7.89 -7.89 -7.89 -7.89 -7.89 -7.89 -7.89
1953.00 -8.26 -8.26 -8.26 -8.26 -8.26 -8.26 -8.26 -8.26 -8.26 -8.26 -8.26 -8.26 -8.26 -8.26 -8.26 -8.26 -8.26 -8.26 -8.26 -8.26 -8.26 -8.26 -8.26
1954.00 -8.63 -8.63 -8.63 -8.63 -8.63 -8.63 -8.63 -8.63 -8.63 -8.63 -8.63 -8.63 -8.63 -8.63 -8.63 -8.63 -8.63 -8.63 -8.63 -8.63 -8.63 -8.63 -8.63
1955.00 -8.61 -8.61 -8.61 -8.61 -8.61 -8.61 -8.61 -8.61 -8.61 -8.61 -8.61 -8.61 -8.61 -8.61 -8.61 -8.61 -8.61 -8.61 -8.61 -8.61 -8.61 -8.61 -8.61
1956.00 -8.84 -8.84 -8.84 -8.84 -8.84 -8.84 -8.84 -8.84 -8.84 -8.84 -8.84 -8.84 -8.84 -8.84 -8.84 -8.84 -8.84 -8.84 -8.84 -8.84 -8.84 -8.84 -8.84
1957.00 -9.44 -9.44 -9.44 -9.44 -9.44 -9.44 -9.44 -9.44 -9.44 -9.44 -9.44 -9.44 -9.44 -9.44 -9.44 -9.44 -9.44 -9.44 -9.44 -9.44 -9.44 -9.44 -9.44
1958.00 -10.21 -10.21 -10.21 -10.21 -10.21 -10.21 -10.21 -10.21 -10.21 -10.21 -10.21 -10.21 -10.21 -10.21 -10.21 -10.21 -10.21 -10.21 -10.21 -10.21 -10.21 -10.21 -10.21
1959.00 -10.57 -10.57 -10.57 -10.57 -10.57 -10.57 -10.57 -10.57 -10.57 -10.57 -10.57 -10.57 -10.57 -10.57 -10.57 -10.57 -10.57 -10.57 -10.57 -10.57 -10.57 -10.57 -10.57
1960.00 -10.57 -10.57 -10.57 -10.57 -10.57 -10.57 -10.57 -10.57 -10.57 -10.57 -10.57 -10.57 -10.57 -10.57 -10.57 -10.57 -10.57 -10.57 -10.57 -10.57 -10.57 -10.57 -10.57
1961.00 -10.87 -10.87 -10.87 -10.87 -10.87 -10.87 -10.87 -10.87 -10.87 -10.87 -10.87 -10.87 -10.87 -10.87 -10.87 -10.87 -10.87 -10.87 -10.87 -10.87 -10.87 -10.87 -10.87
1962.00 -11.32 -11.32 -11.32 -11.32 -11.32 -11.32 -11.32 -11.32 -11.32 -11.32 -11.32 -11.32 -11.32 -11.32 -11.32 -11.32 -11.32 -11.32 -11.32 -11.32 -11.32 -11.32 -11.32
1963.00 -11.40 -11.40 -11.40 -11.40 -11.40 -11.40 -11.40 -11.40 -11.40 -11.40 -11.40 -11.40 -11.40 -11.40 -11.40 -11.40 -11.40 -11.40 -11.40 -11.40 -11.40 -11.40 -11.40
1964.00 -11.46 -11.46 -11.46 -11.46 -11.46 -11.46 -11.46 -11.46 -11.46 -11.46 -11.46 -11.46 -11.46 -11.46 -11.46 -11.46 -11.46 -11.46 -11.46 -11.46 -11.46 -11.46 -11.46
1965.00 -11.63 -11.63 -11.63 -11.63 -11.63 -11.63 -11.63 -11.63 -11.63 -11.63 -11.63 -11.63 -11.63 -11.63 -11.63 -11.63 -11.63 -11.63 -11.63 -11.63 -11.63 -11.63 -11.63
1966.00 -11.93 -11.93 -11.93 -11.93 -11.93 -11.93 -11.93 -11.93 -11.93 -11.93 -11.93 -11.93 -11.93 -11.93 -11.93 -11.93 -11.93 -11.93 -11.93 -11.93 -11.93 -11.93 -11.93
1967.00 -12.60 -12.60 -12.60 -12.60 -12.60 -12.60 -12.60 -12.60 -12.60 -12.60 -12.60 -12.60 -12.60 -12.60 -12.60 -12.60 -12.60 -12.60 -12.60 -12.60 -12.60 -12.60 -12.60
1968.00 -13.16 -13.16 -13.16 -13.16 -13.16 -13.16 -13.16 -13.16 -13.16 -13.16 -13.16 -13.16 -13.16 -13.16 -13.16 -13.16 -13.16 -13.16 -13.16 -13.16 -13.16 -13.16 -13.16
1969.00 -13.16 -13.16 -13.16 -13.16 -13.16 -13.16 -13.16 -13.16 -13.16 -13.16 -13.16 -13.16 -13.16 -13.16 -13.16 -13.16 -13.16 -13.16 -13.16 -13.16 -13.16 -13.16 -13.16
1970.00 108.45 108.45 108.45 108.45 108.45 108.45 108.45 108.45 108.45 108.45 108.45 108.45 108.45 108.45 108.45 108.45 108.45 108.45 108.45 108.45 108.45 108.45 108.45
1971.00 115.37 115.37 115.37 115.37 115.37 115.37 115.37 115.37 115.37 115.37 115.37 115.37 115.37 115.37 115.37 115.37 115.37 115.37 115.37 115.37 115.37 115.37 115.37
1972.00 121.69 121.69 121.69 121.69 121.69 121.69 121.69 121.69 121.69 121.69 121.69 121.69 121.69 121.69 121.69 121.69 121.69 121.69 121.69 121.69 121.69 121.69 121.69
1973.00 124.13 124.13 124.13 124.13 124.13 124.13 124.13 124.13 124.13 124.13 124.13 124.13 124.13 124.13 124.13 124.13 124.13 124.13 124.13 124.13 124.13 124.13 124.13
1974.00 130.46 130.46 130.46 130.46 130.46 130.46 130.46 130.46 130.46 130.46 130.46 130.46 130.46 130.46 130.46 130.46 130.46 130.46 130.46 130.46 130.46 130.46 130.46
1975.00 132.92 132.92 132.92 132.92 132.92 132.92 132.92 132.92 132.92 132.92 132.92 132.92 132.92 132.92 132.92 132.92 132.92 132.92 132.92 132.92 132.92 132.92 132.92
1976.00 138.61 138.61 138.61 138.61 138.61 138.61 138.61 138.61 138.61 138.61 138.61 138.61 138.61 138.61 138.61 138.61 138.61 138.61 138.61 138.61 138.61 138.61 138.61
1977.00 140.41 140.41 140.41 140.41 140.41 140.41 140.41 140.41 140.41 140.41 140.41 140.41 140.41 140.41 140.41 140.41 140.41 140.41 140.41 140.41 140.41 140.41 140.41
1978.00 143.55 143.55 143.55 143.55 143.55 143.55 143.55 143.55 143.55 143.55 143.55 143.55 143.55 143.55 143.55 143.55 143.55 143.55 143.55 143.55 143.55 143.55 143.55
1979.00 141.59 141.59 141.59 141.59 141.59 141.59 141.59 141.59 141.59 141.59 141.59 141.59 141.59 141.59 141.59 141.59 141.59 141.59 141.59 141.59 141.59 141.59 141.59
1980.00 141.65 141.65 141.65 141.65 141.65 141.65 141.65 141.65 141.65 141.65 141.65 141.65 141.65 141.65 141.65 141.65 141.65 141.65 141.65 141.65 141.65 141.65 141.65
1981.00 143.75 143.75 143.75 143.75 143.75 143.75 143.75 143.75 143.75 143.75 143.75 143.75 143.75 143.75 143.75 143.75 143.75 143.75 143.75 143.75 143.75 143.75 143.75
1982.00 146.89 146.89 146.89 146.89 146.89 146.89 146.89 146.89 146.89 146.89 146.89 146.89 146.89 146.89 146.89 146.89 146.89 146.89 146.89 146.89 146.89 146.89 146.89
1983.00 139.94 139.94 139.94 139.94 139.94 139.94 139.94 139.94 139.94 139.94 139.94 139.94 139.94 139.94 139.94 139.94 139.94 139.94 139.94 139.94 139.94 139.94 139.94
1984.00 128.17 128.17 128.17 128.17 128.17 128.17 128.17 128.17 128.17 128.17 128.17 128.17 128.17 128.17 128.17 128.17 128.17 128.17 128.17 128.17 128.17 128.17 128.17
1985.00 124.21 124.21 124.21 124.21 124.21 124.21 124.21 124.21 124.21 124.21 124.21 124.21 124.21 124.21 124.21 124.21 124.21 124.21 124.21 124.21 124.21 124.21 124.21
1986.00 119.86 119.86 119.86 119.86 119.86 119.86 119.86 119.86 119.86 119.86 119.86 119.86 119.86 119.86 119.86 119.86 119.86 119.86 119.86 119.86 119.86 119.86 119.86
1987.00 113.15 113.15 113.15 113.15 113.15 113.15 113.15 113.15 113.15 113.15 113.15 113.15 113.15 113.15 113.15 113.15 113.15 113.15 113.15 113.15 113.15 113.15 113.15
1988.00 65.10 67.31 69.52 71.74 73.95 76.16 78.38 80.59 82.80 85.01 87.23 89.44 91.65 93.87 96.08 98.29 100.51 102.72 104.93 107.15 109.36 111.57 113.78
1989.00 62.56 64.70 66.83 68.97 71.11 73.24 75.38 77.52 79.65 81.79 83.93 86.06 88.20 90.34 92.47 94.61 96.75 98.88 101.02 103.16 105.29 107.43 109.57
1990.00 60.17 62.22 64.28 66.33 68.38 70.43 72.49 74.54 76.59 78.64 80.70 82.75 84.80 86.86 88.91 90.96 93.01 95.07 97.12 99.17 101.22 103.28 105.33
1991.00 58.93 60.94 62.94 64.95 66.96 68.97 70.97 72.98 74.99 76.99 79.00 81.01 83.02 85.02 87.03 89.04 91.04 93.05 95.06 97.07 99.07 101.08 103.09
1992.00 58.67 60.66 62.64 64.63 66.61 68.59 70.58 72.56 74.54 76.53 78.51 80.50 82.48 84.46 86.45 88.43 90.41 92.40 94.38 96.37 98.35 100.33 102.32
1993.00 58.26 60.22 62.17 64.12 66.08 68.03 69.99 71.94 73.89 75.85 77.80 79.76 81.71 83.66 85.62 87.57 89.52 91.48 93.43 95.39 97.34 99.29 101.25
1994.00 57.39 59.31 61.23 63.14 65.06 66.98 68.90 70.81 72.73 74.65 76.56 78.48 80.40 82.31 84.23 86.15 88.07 89.98 91.90 93.82 95.73 97.65 99.57
1995.00 57.41 59.32 61.24 63.15 65.06 66.98 68.89 70.80 72.72 74.63 76.54 78.46 80.37 82.28 84.20 86.11 88.02 89.94 91.85 93.76 95.68 97.59 99.50
1996.00 56.32 58.19 60.07 61.94 63.81 65.68 67.55 69.42 71.30 73.17 75.04 76.91 78.78 80.66 82.53 84.40 86.27 88.14 90.01 91.89 93.76 95.63 97.50
1997.00 56.06 57.92 59.78 61.64 63.50 65.36 67.23 69.09 70.95 72.81 74.67 76.53 78.40 80.26 82.12 83.98 85.84 87.70 89.57 91.43 93.29 95.15 97.01
1998.00 55.64 57.47 59.30 61.14 62.97 64.80 66.64 68.47 70.30 72.14 73.97 75.80 77.64 79.47 81.30 83.14 84.97 86.80 88.64 90.47 92.30 94.14 95.97
1999.00 54.21 55.98 57.75 59.52 61.29 63.06 64.83 66.60 68.37 70.14 71.91 73.68 75.45 77.22 78.99 80.76 82.52 84.29 86.06 87.83 89.60 91.37 93.14
2000.00 51.36 53.02 54.69 56.36 58.02 59.69 61.35 63.02 64.69 66.35 68.02 69.68 71.35 73.02 74.68 76.35 78.01 79.68 81.35 83.01 84.68 86.34 88.01
2001.00 49.38 50.99 52.59 54.20 55.81 57.42 59.03 60.63 62.24 63.85 65.46 67.07 68.67 70.28 71.89 73.50 75.11 76.71 78.32 79.93 81.54 83.14 84.75
2002.00 48.22 49.80 51.37 52.95 54.52 56.10 57.67 59.25 60.82 62.40 63.97 65.54 67.12 68.69 70.27 71.84 73.42 74.99 76.57 78.14 79.72 81.29 82.87
2003.00 47.27 48.82 50.36 51.91 53.46 55.00 56.55 58.10 59.64 61.19 62.73 64.28 65.83 67.37 68.92 70.47 72.01 73.56 75.10 76.65 78.20 79.74 81.29
2004.00 44.81 46.26 47.70 49.14 50.59 52.03 53.47 54.92 56.36 57.81 59.25 60.69 62.14 63.58 65.02 66.47 67.91 69.36 70.80 72.24 73.69 75.13 76.57
2005.00 44.34 45.76 47.18 48.60 50.01 51.43 52.85 54.27 55.69 57.11 58.53 59.95 61.36 62.78 64.20 65.62 67.04 68.46 69.88 71.30 72.72 74.13 75.55
2006.00 43.31 44.70 46.08 47.47 48.85 50.24 51.62 53.01 54.39 55.78 57.16 58.55 59.93 61.32 62.70 64.09 65.47 66.86 68.24 69.63 71.01 72.40 73.78
2007.00 42.64 43.98 45.33 46.67 48.01 49.36 50.70 52.04 53.39 54.73 56.08 57.42 58.76 60.11 61.45 62.79 64.14 65.48 66.82 68.17 69.51 70.85 72.20
2008.00 40.38 41.63 42.88 44.13 45.38 46.63 47.88 49.13 50.38 51.63 52.88 54.13 55.38 56.63 57.88 59.13 60.38 61.63 62.88 64.13 65.38 66.63 67.88
2009.00 38.79 39.98 41.17 42.36 43.55 44.74 45.93 47.12 48.31 49.50 50.69 51.88 53.07 54.26 55.45 56.64 57.83 59.02 60.21 61.40 62.59 63.78 64.97
2010.00 35.58 36.66 37.73 38.81 39.89 40.97 42.05 43.13 44.20 45.28 46.36 47.44 48.52 49.60 50.68 51.75 52.83 53.91 54.99 56.07 57.15 58.23 59.30
2011.00 34.63 35.67 36.71 37.76 38.80 39.84 40.89 41.93 42.97 44.02 45.06 46.10 47.15 48.19 49.23 50.28 51.32 52.36 53.41 54.45 55.49 56.54 57.58
2012.00 33.13 34.14 35.14 36.15 37.16 38.17 39.18 40.19 41.19 42.20 43.21 44.22 45.23 46.23 47.24 48.25 49.26 50.27 51.27 52.28 53.29 54.30 55.31
2013.00 31.76 32.73 33.70 34.67 35.64 36.61 37.58 38.56 39.53 40.50 41.47 42.44 43.41 44.38 45.35 46.33 47.30 48.27 49.24 50.21 51.18 52.15 53.13
2014.00 30.46 31.39 32.32 33.24 34.17 35.10 36.03 36.95 37.88 38.81 39.73 40.66 41.59 42.52 43.44 44.37 45.30 46.22 47.15 48.08 49.01 49.93 50.86
2015.00 30.61 31.53 32.45 33.37 34.29 35.21 36.14 37.06 37.98 38.90 39.82 40.74 41.66 42.58 43.50 44.42 45.34 46.26 47.18 48.10 49.02 49.94 50.86
2016.00 29.42 30.32 31.21 32.11 33.01 33.90 34.80 35.69 36.59 37.49 38.38 39.28 40.17 41.07 41.97 42.86 43.76 44.65 45.55 46.45 47.34 48.24 49.13
2017.00 28.00 28.86 29.73 30.59 31.46 32.32 33.19 34.05 34.92 35.78 36.65 37.51 38.38 39.24 40.11 40.97 41.84 42.70 43.57 44.43 45.30 46.16 47.03
2018.00 1.78 1.78 1.78 1.78 1.78 1.78 1.78 1.78 1.78 1.78 1.78 1.78 1.78 1.78 1.78 1.78 1.78 1.78 1.78 1.78 1.78 1.78 1.78
2019.00 1.17 1.17 1.17 1.17 1.17 1.17 1.17 1.17 1.17 1.17 1.17 1.17 1.17 1.17 1.17 1.17 1.17 1.17 1.17 1.17 1.17 1.17 1.17
2020.00 0.34 0.34 0.34 0.34 0.34 0.34 0.34 0.34 0.34 0.34 0.34 0.34 0.34 0.34 0.34 0.34 0.34 0.34 0.34 0.34 0.34 0.34 0.34
2021.00 0.30 0.30 0.30 0.30 0.30 0.30 0.30 0.30 0.30 0.30 0.30 0.30 0.30 0.30 0.30 0.30 0.30 0.30 0.30 0.30 0.30 0.30 0.30
2022.00 0.02 0.02 0.02 0.02 0.02 0.02 0.02 0.02 0.02 0.02 0.02 0.02 0.02 0.02 0.02 0.02 0.02 0.02 0.02 0.02 0.02 0.02 0.02
2023.00 -0.16 -0.16 -0.16 -0.16 -0.16 -0.16 -0.16 -0.16 -0.16 -0.16 -0.16 -0.16 -0.16 -0.16 -0.16 -0.16 -0.16 -0.16 -0.16 -0.16 -0.16 -0.16 -0.16
2024.00 -0.43 -0.43 -0.43 -0.43 -0.43 -0.43 -0.43 -0.43 -0.43 -0.43 -0.43 -0.43 -0.43 -0.43 -0.43 -0.43 -0.43 -0.43 -0.43 -0.43 -0.43 -0.43 -0.43
2025.00 -0.37 -0.37 -0.37 -0.37 -0.37 -0.37 -0.37 -0.37 -0.37 -0.37 -0.37 -0.37 -0.37 -0.37 -0.37 -0.37 -0.37 -0.37 -0.37 -0.37 -0.37 -0.37 -0.37
2026.00 -0.33 -0.33 -0.33 -0.33 -0.33 -0.33 -0.33 -0.33 -0.33 -0.33 -0.33 -0.33 -0.33 -0.33 -0.33 -0.33 -0.33 -0.33 -0.33 -0.33 -0.33 -0.33 -0.33
2027.00 -0.16 -0.16 -0.16 -0.16 -0.16 -0.16 -0.16 -0.16 -0.16 -0.16 -0.16 -0.16 -0.16 -0.16 -0.16 -0.16 -0.16 -0.16 -0.16 -0.16 -0.16 -0.16 -0.16
2028.00 -0.09 -0.09 -0.09 -0.09 -0.09 -0.09 -0.09 -0.09 -0.09 -0.09 -0.09 -0.09 -0.09 -0.09 -0.09 -0.09 -0.09 -0.09 -0.09 -0.09 -0.09 -0.09 -0.09
2029.00 0.13 0.13 0.13 0.13 0.13 0.13 0.13 0.13 0.13 0.13 0.13 0.13 0.13 0.13 0.13 0.13 0.13 0.13 0.13 0.13 0.13 0.13 0.13
2030.00 0.08 0.08 0.08 0.08 0.08 0.08 0.08 0.08 0.08 0.08 0.08 0.08 0.08 0.08 0.08 0.08 0.08 0.08 0.08 0.08 0.08 0.08 0.08
2031.00 0.49 0.49 0.49 0.49 0.49 0.49 0.49 0.49 0.49 0.49 0.49 0.49 0.49 0.49 0.49 0.49 0.49 0.49 0.49 0.49 0.49 0.49 0.49
2032.00 1.29 1.29 1.29 1.29 1.29 1.29 1.29 1.29 1.29 1.29 1.29 1.29 1.29 1.29 1.29 1.29 1.29 1.29 1.29 1.29 1.29 1.29 1.29
2033.00 1.78 1.78 1.78 1.78 1.78 1.78 1.78 1.78 1.78 1.78 1.78 1.78 1.78 1.78 1.78 1.78 1.78 1.78 1.78 1.78 1.78 1.78 1.78
2034.00 1.99 1.99 1.99 1.99 1.99 1.99 1.99 1.99 1.99 1.99 1.99 1.99 1.99 1.99 1.99 1.99 1.99 1.99 1.99 1.99 1.99 1.99 1.99
2035.00 2.50 2.50 2.50 2.50 2.50 2.50 2.50 2.50 2.50 2.50 2.50 2.50 2.50 2.50 2.50 2.50 2.50 2.50 2.50 2.50 2.50 2.50 2.50
2036.00 2.72 2.72 2.72 2.72 2.72 2.72 2.72 2.72 2.72 2.72 2.72 2.72 2.72 2.72 2.72 2.72 2.72 2.72 2.72 2.72 2.72 2.72 2.72
2037.00 2.88 2.88 2.88 2.88 2.88 2.88 2.88 2.88 2.88 2.88 2.88 2.88 2.88 2.88 2.88 2.88 2.88 2.88 2.88 2.88 2.88 2.88 2.88
2038.00 2.84 2.84 2.84 2.84 2.84 2.84 2.84 2.84 2.84 2.84 2.84 2.84 2.84 2.84 2.84 2.84 2.84 2.84 2.84 2.84 2.84 2.84 2.84
2039.00 2.97 2.97 2.97 2.97 2.97 2.97 2.97 2.97 2.97 2.97 2.97 2.97 2.97 2.97 2.97 2.97 2.97 2.97 2.97 2.97 2.97 2.97 2.97
2040.00 2.92 2.92 2.92 2.92 2.92 2.92 2.92 2.92 2.92 2.92 2.92 2.92 2.92 2.92 2.92 2.92 2.92 2.92 2.92 2.92 2.92 2.92 2.92
2041.00 2.83 2.83 2.83 2.83 2.83 2.83 2.83 2.83 2.83 2.83 2.83 2.83 2.83 2.83 2.83 2.83 2.83 2.83 2.83 2.83 2.83 2.83 2.83
2042.00 2.81 2.81 2.81 2.81 2.81 2.81 2.81 2.81 2.81 2.81 2.81 2.81 2.81 2.81 2.81 2.81 2.81 2.81 2.81 2.81 2.81 2.81 2.81
2043.00 2.96 2.96 2.96 2.96 2.96 2.96 2.96 2.96 2.96 2.96 2.96 2.96 2.96 2.96 2.96 2.96 2.96 2.96 2.96 2.96 2.96 2.96 2.96
2044.00 2.74 2.74 2.74 2.74 2.74 2.74 2.74 2.74 2.74 2.74 2.74 2.74 2.74 2.74 2.74 2.74 2.74 2.74 2.74 2.74 2.74 2.74 2.74
2045.00 2.68 2.68 2.68 2.68 2.68 2.68 2.68 2.68 2.68 2.68 2.68 2.68 2.68 2.68 2.68 2.68 2.68 2.68 2.68 2.68 2.68 2.68 2.68
2046.00 2.66 2.66 2.66 2.66 2.66 2.66 2.66 2.66 2.66 2.66 2.66 2.66 2.66 2.66 2.66 2.66 2.66 2.66 2.66 2.66 2.66 2.66 2.66
2047.00 2.67 2.67 2.67 2.67 2.67 2.67 2.67 2.67 2.67 2.67 2.67 2.67 2.67 2.67 2.67 2.67 2.67 2.67 2.67 2.67 2.67 2.67 2.67
2048.00 2.52 2.52 2.52 2.52 2.52 2.52 2.52 2.52 2.52 2.52 2.52 2.52 2.52 2.52 2.52 2.52 2.52 2.52 2.52 2.52 2.52 2.52 2.52
2049.00 2.48 2.48 2.48 2.48 2.48 2.48 2.48 2.48 2.48 2.48 2.48 2.48 2.48 2.48 2.48 2.48 2.48 2.48 2.48 2.48 2.48 2.48 2.48
2050.00 2.40 2.40 2.40 2.40 2.40 2.40 2.40 2.40 2.40 2.40 2.40 2.40 2.40 2.40 2.40 2.40 2.40 2.40 2.40 2.40 2.40 2.40 2.40
2051.00 2.35 2.35 2.35 2.35 2.35 2.35 2.35 2.35 2.35 2.35 2.35 2.35 2.35 2.35 2.35 2.35 2.35 2.35 2.35 2.35 2.35 2.35 2.35
2052.00 2.14 2.14 2.14 2.14 2.14 2.14 2.14 2.14 2.14 2.14 2.14 2.14 2.14 2.14 2.14 2.14 2.14 2.14 2.14 2.14 2.14 2.14 2.14
2053.00 2.15 2.15 2.15 2.15 2.15 2.15 2.15 2.15 2.15 2.15 2.15 2.15 2.15 2.15 2.15 2.15 2.15 2.15 2.15 2.15 2.15 2.15 2.15
2054.00 2.20 2.20 2.20 2.20 2.20 2.20 2.20 2.20 2.20 2.20 2.20 2.20 2.20 2.20 2.20 2.20 2.20 2.20 2.20 2.20 2.20 2.20 2.20
2055.00 2.31 2.31 2.31 2.31 2.31 2.31 2.31 2.31 2.31 2.31 2.31 2.31 2.31 2.31 2.31 2.31 2.31 2.31 2.31 2.31 2.31 2.31 2.31
2056.00 2.25 2.25 2.25 2.25 2.25 2.25 2.25 2.25 2.25 2.25 2.25 2.25 2.25 2.25 2.25 2.25 2.25 2.25 2.25 2.25 2.25 2.25 2.25
2057.00 2.49 2.49 2.49 2.49 2.49 2.49 2.49 2.49 2.49 2.49 2.49 2.49 2.49 2.49 2.49 2.49 2.49 2.49 2.49 2.49 2.49 2.49 2.49
2058.00 2.63 2.63 2.63 2.63 2.63 2.63 2.63 2.63 2.63 2.63 2.63 2.63 2.63 2.63 2.63 2.63 2.63 2.63 2.63 2.63 2.63 2.63 2.63
2059.00 2.66 2.66 2.66 2.66 2.66 2.66 2.66 2.66 2.66 2.66 2.66 2.66 2.66 2.66 2.66 2.66 2.66 2.66 2.66 2.66 2.66 2.66 2.66
2060.00 2.72 2.72 2.72 2.72 2.72 2.72 2.72 2.72 2.72 2.72 2.72 2.72 2.72 2.72 2.72 2.72 2.72 2.72 2.72 2.72 2.72 2.72 2.72
2061.00 2.94 2.94 2.94 2.94 2.94 2.94 2.94 2.94 2.94 2.94 2.94 2.94 2.94 2.94 2.94 2.94 2.94 2.94 2.94 2.94 2.94 2.94 2.94
2062.00 2.80 2.80 2.80 2.80 2.80 2.80 2.80 2.80 2.80 2.80 2.80 2.80 2.80 2.80 2.80 2.80 2.80 2.80 2.80 2.80 2.80 2.80 2.80
2063.00 2.73 2.73 2.73 2.73 2.73 2.73 2.73 2.73 2.73 2.73 2.73 2.73 2.73 2.73 2.73 2.73 2.73 2.73 2.73 2.73 2.73 2.73 2.73
2064.00 2.60 2.60 2.60 2.60 2.60 2.60 2.60 2.60 2.60 2.60 2.60 2.60 2.60 2.60 2.60 2.60 2.60 2.60 2.60 2.60 2.60 2.60 2.60
2065.00 2.63 2.63 2.63 2.63 2.63 2.63 2.63 2.63 2.63 2.63 2.63 2.63 2.63 2.63 2.63 2.63 2.63 2.63 2.63 2.63 2.63 2.63 2.63
