# yearspad, alpred
# [0.6  0.62 0.64 0.66 0.68 0.7  0.72 0.74 0.76 0.78 0.8  0.82 0.84 0.86
#  0.88 0.9  0.92 0.94 0.96 0.98 1.   1.02 1.04]
1922.00 -5.11 -5.11 -5.11 -5.11 -5.11 -5.11 -5.11 -5.11 -5.11 -5.11 -5.11 -5.11 -5.11 -5.11 -5.11 -5.11 -5.11 -5.11 -5.11 -5.11 -5.11 -5.11 -5.11
1923.00 -4.72 -4.72 -4.72 -4.72 -4.72 -4.72 -4.72 -4.72 -4.72 -4.72 -4.72 -4.72 -4.72 -4.72 -4.72 -4.72 -4.72 -4.72 -4.72 -4.72 -4.72 -4.72 -4.72
1924.00 -4.10 -4.10 -4.10 -4.10 -4.10 -4.10 -4.10 -4.10 -4.10 -4.10 -4.10 -4.10 -4.10 -4.10 -4.10 -4.10 -4.10 -4.10 -4.10 -4.10 -4.10 -4.10 -4.10
1925.00 -3.29 -3.29 -3.29 -3.29 -3.29 -3.29 -3.29 -3.29 -3.29 -3.29 -3.29 -3.29 -3.29 -3.29 -3.29 -3.29 -3.29 -3.29 -3.29 -3.29 -3.29 -3.29 -3.29
1926.00 -2.69 -2.69 -2.69 -2.69 -2.69 -2.69 -2.69 -2.69 -2.69 -2.69 -2.69 -2.69 -2.69 -2.69 -2.69 -2.69 -2.69 -2.69 -2.69 -2.69 -2.69 -2.69 -2.69
1927.00 -1.87 -1.87 -1.87 -1.87 -1.87 -1.87 -1.87 -1.87 -1.87 -1.87 -1.87 -1.87 -1.87 -1.87 -1.87 -1.87 -1.87 -1.87 -1.87 -1.87 -1.87 -1.87 -1.87
1928.00 -1.21 -1.21 -1.21 -1.21 -1.21 -1.21 -1.21 -1.21 -1.21 -1.21 -1.21 -1.21 -1.21 -1.21 -1.21 -1.21 -1.21 -1.21 -1.21 -1.21 -1.21 -1.21 -1.21
1929.00 -0.73 -0.73 -0.73 -0.73 -0.73 -0.73 -0.73 -0.73 -0.73 -0.73 -0.73 -0.73 -0.73 -0.73 -0.73 -0.73 -0.73 -0.73 -0.73 -0.73 -0.73 -0.73 -0.73
1930.00 0.02 0.02 0.02 0.02 0.02 0.02 0.02 0.02 0.02 0.02 0.02 0.02 0.02 0.02 0.02 0.02 0.02 0.02 0.02 0.02 0.02 0.02 0.02
1931.00 1.15 1.15 1.15 1.15 1.15 1.15 1.15 1.15 1.15 1.15 1.15 1.15 1.15 1.15 1.15 1.15 1.15 1.15 1.15 1.15 1.15 1.15 1.15
1932.00 2.25 2.25 2.25 2.25 2.25 2.25 2.25 2.25 2.25 2.25 2.25 2.25 2.25 2.25 2.25 2.25 2.25 2.25 2.25 2.25 2.25 2.25 2.25
1933.00 3.65 3.65 3.65 3.65 3.65 3.65 3.65 3.65 3.65 3.65 3.65 3.65 3.65 3.65 3.65 3.65 3.65 3.65 3.65 3.65 3.65 3.65 3.65
1934.00 5.20 5.20 5.20 5.20 5.20 5.20 5.20 5.20 5.20 5.20 5.20 5.20 5.20 5.20 5.20 5.20 5.20 5.20 5.20 5.20 5.20 5.20 5.20
1935.00 6.80 6.80 6.80 6.80 6.80 6.80 6.80 6.80 6.80 6.80 6.80 6.80 6.80 6.80 6.80 6.80 6.80 6.80 6.80 6.80 6.80 6.80 6.80
1936.00 7.82 7.82 7.82 7.82 7.82 7.82 7.82 7.82 7.82 7.82 7.82 7.82 7.82 7.82 7.82 7.82 7.82 7.82 7.82 7.82 7.82 7.82 7.82
1937.00 8.93 8.93 8.93 8.93 8.93 8.93 8.93 8.93 8.93 8.93 8.93 8.93 8.93 8.93 8.93 8.93 8.93 8.93 8.93 8.93 8.93 8.93 8.93
1938.00 9.98 9.98 9.98 9.98 9.98 9.98 9.98 9.98 9.98 9.98 9.98 9.98 9.98 9.98 9.98 9.98 9.98 9.98 9.98 9.98 9.98 9.98 9.98
1939.00 10.89 10.89 10.89 10.89 10.89 10.89 10.89 10.89 10.89 10.89 10.89 10.89 10.89 10.89 10.89 10.89 10.89 10.89 10.89 10.89 10.89 10.89 10.89
1940.00 11.61 11.61 11.61 11.61 11.61 11.61 11.61 11.61 11.61 11.61 11.61 11.61 11.61 11.61 11.61 11.61 11.61 11.61 11.61 11.61 11.61 11.61 11.61
1941.00 12.82 12.82 12.82 12.82 12.82 12.82 12.82 12.82 12.82 12.82 12.82 12.82 12.82 12.82 12.82 12.82 12.82 12.82 12.82 12.82 12.82 12.82 12.82
1942.00 13.74 13.74 13.74 13.74 13.74 13.74 13.74 13.74 13.74 13.74 13.74 13.74 13.74 13.74 13.74 13.74 13.74 13.74 13.74 13.74 13.74 13.74 13.74
1943.00 14.93 14.93 14.93 14.93 14.93 14.93 14.93 14.93 14.93 14.93 14.93 14.93 14.93 14.93 14.93 14.93 14.93 14.93 14.93 14.93 14.93 14.93 14.93
1944.00 16.00 16.00 16.00 16.00 16.00 16.00 16.00 16.00 16.00 16.00 16.00 16.00 16.00 16.00 16.00 16.00 16.00 16.00 16.00 16.00 16.00 16.00 16.00
1945.00 17.05 17.05 17.05 17.05 17.05 17.05 17.05 17.05 17.05 17.05 17.05 17.05 17.05 17.05 17.05 17.05 17.05 17.05 17.05 17.05 17.05 17.05 17.05
1946.00 17.63 17.63 17.63 17.63 17.63 17.63 17.63 17.63 17.63 17.63 17.63 17.63 17.63 17.63 17.63 17.63 17.63 17.63 17.63 17.63 17.63 17.63 17.63
1947.00 17.81 17.81 17.81 17.81 17.81 17.81 17.81 17.81 17.81 17.81 17.81 17.81 17.81 17.81 17.81 17.81 17.81 17.81 17.81 17.81 17.81 17.81 17.81
1948.00 18.60 18.60 18.60 18.60 18.60 18.60 18.60 18.60 18.60 18.60 18.60 18.60 18.60 18.60 18.60 18.60 18.60 18.60 18.60 18.60 18.60 18.60 18.60
1949.00 19.36 19.36 19.36 19.36 19.36 19.36 19.36 19.36 19.36 19.36 19.36 19.36 19.36 19.36 19.36 19.36 19.36 19.36 19.36 19.36 19.36 19.36 19.36
1950.00 20.30 20.30 20.30 20.30 20.30 20.30 20.30 20.30 20.30 20.30 20.30 20.30 20.30 20.30 20.30 20.30 20.30 20.30 20.30 20.30 20.30 20.30 20.30
1951.00 21.44 21.44 21.44 21.44 21.44 21.44 21.44 21.44 21.44 21.44 21.44 21.44 21.44 21.44 21.44 21.44 21.44 21.44 21.44 21.44 21.44 21.44 21.44
1952.00 23.02 23.02 23.02 23.02 23.02 23.02 23.02 23.02 23.02 23.02 23.02 23.02 23.02 23.02 23.02 23.02 23.02 23.02 23.02 23.02 23.02 23.02 23.02
1953.00 23.63 23.63 23.63 23.63 23.63 23.63 23.63 23.63 23.63 23.63 23.63 23.63 23.63 23.63 23.63 23.63 23.63 23.63 23.63 23.63 23.63 23.63 23.63
1954.00 24.10 24.10 24.10 24.10 24.10 24.10 24.10 24.10 24.10 24.10 24.10 24.10 24.10 24.10 24.10 24.10 24.10 24.10 24.10 24.10 24.10 24.10 24.10
1955.00 24.46 24.46 24.46 24.46 24.46 24.46 24.46 24.46 24.46 24.46 24.46 24.46 24.46 24.46 24.46 24.46 24.46 24.46 24.46 24.46 24.46 24.46 24.46
1956.00 25.04 25.04 25.04 25.04 25.04 25.04 25.04 25.04 25.04 25.04 25.04 25.04 25.04 25.04 25.04 25.04 25.04 25.04 25.04 25.04 25.04 25.04 25.04
1957.00 25.51 25.51 25.51 25.51 25.51 25.51 25.51 25.51 25.51 25.51 25.51 25.51 25.51 25.51 25.51 25.51 25.51 25.51 25.51 25.51 25.51 25.51 25.51
1958.00 26.70 26.70 26.70 26.70 26.70 26.70 26.70 26.70 26.70 26.70 26.70 26.70 26.70 26.70 26.70 26.70 26.70 26.70 26.70 26.70 26.70 26.70 26.70
1959.00 28.08 28.08 28.08 28.08 28.08 28.08 28.08 28.08 28.08 28.08 28.08 28.08 28.08 28.08 28.08 28.08 28.08 28.08 28.08 28.08 28.08 28.08 28.08
1960.00 29.01 29.01 29.01 29.01 29.01 29.01 29.01 29.01 29.01 29.01 29.01 29.01 29.01 29.01 29.01 29.01 29.01 29.01 29.01 29.01 29.01 29.01 29.01
1961.00 29.98 29.98 29.98 29.98 29.98 29.98 29.98 29.98 29.98 29.98 29.98 29.98 29.98 29.98 29.98 29.98 29.98 29.98 29.98 29.98 29.98 29.98 29.98
1962.00 30.95 30.95 30.95 30.95 30.95 30.95 30.95 30.95 30.95 30.95 30.95 30.95 30.95 30.95 30.95 30.95 30.95 30.95 30.95 30.95 30.95 30.95 30.95
1963.00 31.55 31.55 31.55 31.55 31.55 31.55 31.55 31.55 31.55 31.55 31.55 31.55 31.55 31.55 31.55 31.55 31.55 31.55 31.55 31.55 31.55 31.55 31.55
1964.00 32.12 32.12 32.12 32.12 32.12 32.12 32.12 32.12 32.12 32.12 32.12 32.12 32.12 32.12 32.12 32.12 32.12 32.12 32.12 32.12 32.12 32.12 32.12
1965.00 32.87 32.87 32.87 32.87 32.87 32.87 32.87 32.87 32.87 32.87 32.87 32.87 32.87 32.87 32.87 32.87 32.87 32.87 32.87 32.87 32.87 32.87 32.87
1966.00 33.76 33.76 33.76 33.76 33.76 33.76 33.76 33.76 33.76 33.76 33.76 33.76 33.76 33.76 33.76 33.76 33.76 33.76 33.76 33.76 33.76 33.76 33.76
1967.00 34.66 34.66 34.66 34.66 34.66 34.66 34.66 34.66 34.66 34.66 34.66 34.66 34.66 34.66 34.66 34.66 34.66 34.66 34.66 34.66 34.66 34.66 34.66
1968.00 35.82 35.82 35.82 35.82 35.82 35.82 35.82 35.82 35.82 35.82 35.82 35.82 35.82 35.82 35.82 35.82 35.82 35.82 35.82 35.82 35.82 35.82 35.82
1969.00 36.05 36.05 36.05 36.05 36.05 36.05 36.05 36.05 36.05 36.05 36.05 36.05 36.05 36.05 36.05 36.05 36.05 36.05 36.05 36.05 36.05 36.05 36.05
1970.00 156.97 156.97 156.97 156.97 156.97 156.97 156.97 156.97 156.97 156.97 156.97 156.97 156.97 156.97 156.97 156.97 156.97 156.97 156.97 156.97 156.97 156.97 156.97
1971.00 157.89 157.89 157.89 157.89 157.89 157.89 157.89 157.89 157.89 157.89 157.89 157.89 157.89 157.89 157.89 157.89 157.89 157.89 157.89 157.89 157.89 157.89 157.89
1972.00 160.34 160.34 160.34 160.34 160.34 160.34 160.34 160.34 160.34 160.34 160.34 160.34 160.34 160.34 160.34 160.34 160.34 160.34 160.34 160.34 160.34 160.34 160.34
1973.00 155.35 155.35 155.35 155.35 155.35 155.35 155.35 155.35 155.35 155.35 155.35 155.35 155.35 155.35 155.35 155.35 155.35 155.35 155.35 155.35 155.35 155.35 155.35
1974.00 155.80 155.80 155.80 155.80 155.80 155.80 155.80 155.80 155.80 155.80 155.80 155.80 155.80 155.80 155.80 155.80 155.80 155.80 155.80 155.80 155.80 155.80 155.80
1975.00 154.43 154.43 154.43 154.43 154.43 154.43 154.43 154.43 154.43 154.43 154.43 154.43 154.43 154.43 154.43 154.43 154.43 154.43 154.43 154.43 154.43 154.43 154.43
1976.00 156.52 156.52 156.52 156.52 156.52 156.52 156.52 156.52 156.52 156.52 156.52 156.52 156.52 156.52 156.52 156.52 156.52 156.52 156.52 156.52 156.52 156.52 156.52
1977.00 155.62 155.62 155.62 155.62 155.62 155.62 155.62 155.62 155.62 155.62 155.62 155.62 155.62 155.62 155.62 155.62 155.62 155.62 155.62 155.62 155.62 155.62 155.62
1978.00 156.23 156.23 156.23 156.23 156.23 156.23 156.23 156.23 156.23 156.23 156.23 156.23 156.23 156.23 156.23 156.23 156.23 156.23 156.23 156.23 156.23 156.23 156.23
1979.00 150.69 150.69 150.69 150.69 150.69 150.69 150.69 150.69 150.69 150.69 150.69 150.69 150.69 150.69 150.69 150.69 150.69 150.69 150.69 150.69 150.69 150.69 150.69
1980.00 146.51 146.51 146.51 146.51 146.51 146.51 146.51 146.51 146.51 146.51 146.51 146.51 146.51 146.51 146.51 146.51 146.51 146.51 146.51 146.51 146.51 146.51 146.51
1981.00 143.06 143.06 143.06 143.06 143.06 143.06 143.06 143.06 143.06 143.06 143.06 143.06 143.06 143.06 143.06 143.06 143.06 143.06 143.06 143.06 143.06 143.06 143.06
1982.00 135.30 135.30 135.30 135.30 135.30 135.30 135.30 135.30 135.30 135.30 135.30 135.30 135.30 135.30 135.30 135.30 135.30 135.30 135.30 135.30 135.30 135.30 135.30
1983.00 124.68 124.68 124.68 124.68 124.68 124.68 124.68 124.68 124.68 124.68 124.68 124.68 124.68 124.68 124.68 124.68 124.68 124.68 124.68 124.68 124.68 124.68 124.68
1984.00 118.04 118.04 118.04 118.04 118.04 118.04 118.04 118.04 118.04 118.04 118.04 118.04 118.04 118.04 118.04 118.04 118.04 118.04 118.04 118.04 118.04 118.04 118.04
1985.00 118.51 118.51 118.51 118.51 118.51 118.51 118.51 118.51 118.51 118.51 118.51 118.51 118.51 118.51 118.51 118.51 118.51 118.51 118.51 118.51 118.51 118.51 118.51
1986.00 112.04 112.04 112.04 112.04 112.04 112.04 112.04 112.04 112.04 112.04 112.04 112.04 112.04 112.04 112.04 112.04 112.04 112.04 112.04 112.04 112.04 112.04 112.04
1987.00 108.90 108.90 108.90 108.90 108.90 108.90 108.90 108.90 108.90 108.90 108.90 108.90 108.90 108.90 108.90 108.90 108.90 108.90 108.90 108.90 108.90 108.90 108.90
1988.00 59.82 62.04 64.25 66.46 68.67 70.88 73.09 75.30 77.51 79.73 81.94 84.15 86.36 88.57 90.78 92.99 95.20 97.42 99.63 101.84 104.05 106.26 108.47
1989.00 56.86 59.00 61.13 63.26 65.40 67.53 69.66 71.79 73.93 76.06 78.19 80.33 82.46 84.59 86.72 88.86 90.99 93.12 95.26 97.39 99.52 101.66 103.79
1990.00 53.50 55.55 57.59 59.64 61.69 63.74 65.78 67.83 69.88 71.92 73.97 76.02 78.07 80.11 82.16 84.21 86.25 88.30 90.35 92.40 94.44 96.49 98.54
1991.00 51.65 53.65 55.65 57.65 59.66 61.66 63.66 65.66 67.67 69.67 71.67 73.67 75.67 77.68 79.68 81.68 83.68 85.69 87.69 89.69 91.69 93.69 95.70
1992.00 50.17 52.15 54.13 56.11 58.08 60.06 62.04 64.02 65.99 67.97 69.95 71.93 73.90 75.88 77.86 79.84 81.81 83.79 85.77 87.75 89.73 91.70 93.68
1993.00 48.79 50.74 52.69 54.64 56.59 58.54 60.48 62.43 64.38 66.33 68.28 70.23 72.18 74.13 76.08 78.02 79.97 81.92 83.87 85.82 87.77 89.72 91.67
1994.00 47.86 49.78 51.71 53.63 55.55 57.47 59.39 61.31 63.23 65.15 67.07 68.99 70.91 72.83 74.75 76.67 78.59 80.51 82.43 84.35 86.27 88.19 90.11
1995.00 47.88 49.80 51.72 53.64 55.56 57.48 59.40 61.32 63.23 65.15 67.07 68.99 70.91 72.83 74.75 76.67 78.59 80.51 82.43 84.35 86.27 88.19 90.11
1996.00 46.46 48.33 50.21 52.09 53.97 55.85 57.73 59.60 61.48 63.36 65.24 67.12 69.00 70.87 72.75 74.63 76.51 78.39 80.27 82.14 84.02 85.90 87.78
1997.00 45.90 47.77 49.64 51.51 53.38 55.25 57.12 58.99 60.86 62.73 64.60 66.47 68.34 70.21 72.09 73.96 75.83 77.70 79.57 81.44 83.31 85.18 87.05
1998.00 44.55 46.40 48.24 50.09 51.93 53.77 55.62 57.46 59.31 61.15 63.00 64.84 66.69 68.53 70.37 72.22 74.06 75.91 77.75 79.60 81.44 83.29 85.13
1999.00 41.60 43.38 45.17 46.95 48.73 50.51 52.29 54.08 55.86 57.64 59.42 61.20 62.99 64.77 66.55 68.33 70.11 71.90 73.68 75.46 77.24 79.02 80.81
2000.00 37.84 39.53 41.21 42.89 44.57 46.25 47.93 49.61 51.29 52.97 54.65 56.33 58.01 59.69 61.38 63.06 64.74 66.42 68.10 69.78 71.46 73.14 74.82
2001.00 35.81 37.43 39.06 40.68 42.31 43.93 45.55 47.18 48.80 50.42 52.05 53.67 55.29 56.92 58.54 60.17 61.79 63.41 65.04 66.66 68.28 69.91 71.53
2002.00 34.46 36.05 37.64 39.23 40.82 42.41 44.00 45.58 47.17 48.76 50.35 51.94 53.53 55.12 56.71 58.30 59.89 61.47 63.06 64.65 66.24 67.83 69.42
2003.00 33.92 35.48 37.05 38.61 40.17 41.73 43.30 44.86 46.42 47.99 49.55 51.11 52.68 54.24 55.80 57.37 58.93 60.49 62.06 63.62 65.18 66.75 68.31
2004.00 30.87 32.33 33.80 35.26 36.72 38.18 39.65 41.11 42.57 44.03 45.50 46.96 48.42 49.88 51.34 52.81 54.27 55.73 57.19 58.66 60.12 61.58 63.04
2005.00 29.82 31.26 32.70 34.13 35.57 37.01 38.44 39.88 41.32 42.75 44.19 45.63 47.06 48.50 49.94 51.37 52.81 54.25 55.68 57.12 58.56 59.99 61.43
2006.00 28.04 29.44 30.84 32.24 33.64 35.03 36.43 37.83 39.23 40.63 42.02 43.42 44.82 46.22 47.62 49.01 50.41 51.81 53.21 54.61 56.00 57.40 58.80
2007.00 26.60 27.96 29.31 30.67 32.02 33.38 34.74 36.09 37.45 38.80 40.16 41.51 42.87 44.22 45.58 46.94 48.29 49.65 51.00 52.36 53.71 55.07 56.43
2008.00 22.98 24.24 25.51 26.77 28.04 29.30 30.57 31.83 33.10 34.36 35.63 36.89 38.15 39.42 40.68 41.95 43.21 44.48 45.74 47.01 48.27 49.54 50.80
2009.00 20.69 21.89 23.09 24.29 25.50 26.70 27.90 29.10 30.30 31.51 32.71 33.91 35.11 36.31 37.52 38.72 39.92 41.12 42.33 43.53 44.73 45.93 47.13
2010.00 17.26 18.35 19.44 20.53 21.62 22.71 23.79 24.88 25.97 27.06 28.15 29.24 30.33 31.42 32.51 33.60 34.69 35.78 36.86 37.95 39.04 40.13 41.22
2011.00 16.70 17.76 18.81 19.86 20.91 21.97 23.02 24.07 25.13 26.18 27.23 28.29 29.34 30.39 31.44 32.50 33.55 34.60 35.66 36.71 37.76 38.81 39.87
2012.00 15.56 16.58 17.60 18.62 19.64 20.65 21.67 22.69 23.71 24.73 25.75 26.77 27.79 28.80 29.82 30.84 31.86 32.88 33.90 34.92 35.94 36.95 37.97
2013.00 14.65 15.63 16.61 17.59 18.57 19.55 20.53 21.51 22.49 23.47 24.45 25.43 26.42 27.40 28.38 29.36 30.34 31.32 32.30 33.28 34.26 35.24 36.22
2014.00 13.30 14.24 15.17 16.11 17.05 17.98 18.92 19.86 20.79 21.73 22.66 23.60 24.54 25.47 26.41 27.35 28.28 29.22 30.15 31.09 32.03 32.96 33.90
2015.00 12.88 13.81 14.74 15.67 16.60 17.53 18.46 19.39 20.32 21.25 22.18 23.10 24.03 24.96 25.89 26.82 27.75 28.68 29.61 30.54 31.47 32.40 33.33
2016.00 12.12 13.03 13.93 14.83 15.74 16.64 17.55 18.45 19.36 20.26 21.17 22.07 22.97 23.88 24.78 25.69 26.59 27.50 28.40 29.31 30.21 31.11 32.02
2017.00 11.64 12.52 13.39 14.26 15.14 16.01 16.89 17.76 18.63 19.51 20.38 21.26 22.13 23.00 23.88 24.75 25.63 26.50 27.37 28.25 29.12 30.00 30.87
2018.00 -13.92 -13.92 -13.92 -13.92 -13.92 -13.92 -13.92 -13.92 -13.92 -13.92 -13.92 -13.92 -13.92 -13.92 -13.92 -13.92 -13.92 -13.92 -13.92 -13.92 -13.92 -13.92 -13.92
2019.00 -13.45 -13.45 -13.45 -13.45 -13.45 -13.45 -13.45 -13.45 -13.45 -13.45 -13.45 -13.45 -13.45 -13.45 -13.45 -13.45 -13.45 -13.45 -13.45 -13.45 -13.45 -13.45 -13.45
2020.00 -12.63 -12.63 -12.63 -12.63 -12.63 -12.63 -12.63 -12.63 -12.63 -12.63 -12.63 -12.63 -12.63 -12.63 -12.63 -12.63 -12.63 -12.63 -12.63 -12.63 -12.63 -12.63 -12.63
2021.00 -11.54 -11.54 -11.54 -11.54 -11.54 -11.54 -11.54 -11.54 -11.54 -11.54 -11.54 -11.54 -11.54 -11.54 -11.54 -11.54 -11.54 -11.54 -11.54 -11.54 -11.54 -11.54 -11.54
2022.00 -10.73 -10.73 -10.73 -10.73 -10.73 -10.73 -10.73 -10.73 -10.73 -10.73 -10.73 -10.73 -10.73 -10.73 -10.73 -10.73 -10.73 -10.73 -10.73 -10.73 -10.73 -10.73 -10.73
2023.00 -10.12 -10.12 -10.12 -10.12 -10.12 -10.12 -10.12 -10.12 -10.12 -10.12 -10.12 -10.12 -10.12 -10.12 -10.12 -10.12 -10.12 -10.12 -10.12 -10.12 -10.12 -10.12 -10.12
2024.00 -9.50 -9.50 -9.50 -9.50 -9.50 -9.50 -9.50 -9.50 -9.50 -9.50 -9.50 -9.50 -9.50 -9.50 -9.50 -9.50 -9.50 -9.50 -9.50 -9.50 -9.50 -9.50 -9.50
2025.00 -9.08 -9.08 -9.08 -9.08 -9.08 -9.08 -9.08 -9.08 -9.08 -9.08 -9.08 -9.08 -9.08 -9.08 -9.08 -9.08 -9.08 -9.08 -9.08 -9.08 -9.08 -9.08 -9.08
2026.00 -8.82 -8.82 -8.82 -8.82 -8.82 -8.82 -8.82 -8.82 -8.82 -8.82 -8.82 -8.82 -8.82 -8.82 -8.82 -8.82 -8.82 -8.82 -8.82 -8.82 -8.82 -8.82 -8.82
2027.00 -8.42 -8.42 -8.42 -8.42 -8.42 -8.42 -8.42 -8.42 -8.42 -8.42 -8.42 -8.42 -8.42 -8.42 -8.42 -8.42 -8.42 -8.42 -8.42 -8.42 -8.42 -8.42 -8.42
2028.00 -7.73 -7.73 -7.73 -7.73 -7.73 -7.73 -7.73 -7.73 -7.73 -7.73 -7.73 -7.73 -7.73 -7.73 -7.73 -7.73 -7.73 -7.73 -7.73 -7.73 -7.73 -7.73 -7.73
2029.00 -7.01 -7.01 -7.01 -7.01 -7.01 -7.01 -7.01 -7.01 -7.01 -7.01 -7.01 -7.01 -7.01 -7.01 -7.01 -7.01 -7.01 -7.01 -7.01 -7.01 -7.01 -7.01 -7.01
2030.00 -6.55 -6.55 -6.55 -6.55 -6.55 -6.55 -6.55 -6.55 -6.55 -6.55 -6.55 -6.55 -6.55 -6.55 -6.55 -6.55 -6.55 -6.55 -6.55 -6.55 -6.55 -6.55 -6.55
2031.00 -5.94 -5.94 -5.94 -5.94 -5.94 -5.94 -5.94 -5.94 -5.94 -5.94 -5.94 -5.94 -5.94 -5.94 -5.94 -5.94 -5.94 -5.94 -5.94 -5.94 -5.94 -5.94 -5.94
2032.00 -5.71 -5.71 -5.71 -5.71 -5.71 -5.71 -5.71 -5.71 -5.71 -5.71 -5.71 -5.71 -5.71 -5.71 -5.71 -5.71 -5.71 -5.71 -5.71 -5.71 -5.71 -5.71 -5.71
2033.00 -5.83 -5.83 -5.83 -5.83 -5.83 -5.83 -5.83 -5.83 -5.83 -5.83 -5.83 -5.83 -5.83 -5.83 -5.83 -5.83 -5.83 -5.83 -5.83 -5.83 -5.83 -5.83 -5.83
2034.00 -5.68 -5.68 -5.68 -5.68 -5.68 -5.68 -5.68 -5.68 -5.68 -5.68 -5.68 -5.68 -5.68 -5.68 -5.68 -5.68 -5.68 -5.68 -5.68 -5.68 -5.68 -5.68 -5.68
2035.00 -5.54 -5.54 -5.54 -5.54 -5.54 -5.54 -5.54 -5.54 -5.54 -5.54 -5.54 -5.54 -5.54 -5.54 -5.54 -5.54 -5.54 -5.54 -5.54 -5.54 -5.54 -5.54 -5.54
2036.00 -5.68 -5.68 -5.68 -5.68 -5.68 -5.68 -5.68 -5.68 -5.68 -5.68 -5.68 -5.68 -5.68 -5.68 -5.68 -5.68 -5.68 -5.68 -5.68 -5.68 -5.68 -5.68 -5.68
2037.00 -5.78 -5.78 -5.78 -5.78 -5.78 -5.78 -5.78 -5.78 -5.78 -5.78 -5.78 -5.78 -5.78 -5.78 -5.78 -5.78 -5.78 -5.78 -5.78 -5.78 -5.78 -5.78 -5.78
2038.00 -5.87 -5.87 -5.87 -5.87 -5.87 -5.87 -5.87 -5.87 -5.87 -5.87 -5.87 -5.87 -5.87 -5.87 -5.87 -5.87 -5.87 -5.87 -5.87 -5.87 -5.87 -5.87 -5.87
2039.00 -5.86 -5.86 -5.86 -5.86 -5.86 -5.86 -5.86 -5.86 -5.86 -5.86 -5.86 -5.86 -5.86 -5.86 -5.86 -5.86 -5.86 -5.86 -5.86 -5.86 -5.86 -5.86 -5.86
2040.00 -6.02 -6.02 -6.02 -6.02 -6.02 -6.02 -6.02 -6.02 -6.02 -6.02 -6.02 -6.02 -6.02 -6.02 -6.02 -6.02 -6.02 -6.02 -6.02 -6.02 -6.02 -6.02 -6.02
2041.00 -6.02 -6.02 -6.02 -6.02 -6.02 -6.02 -6.02 -6.02 -6.02 -6.02 -6.02 -6.02 -6.02 -6.02 -6.02 -6.02 -6.02 -6.02 -6.02 -6.02 -6.02 -6.02 -6.02
2042.00 -5.95 -5.95 -5.95 -5.95 -5.95 -5.95 -5.95 -5.95 -5.95 -5.95 -5.95 -5.95 -5.95 -5.95 -5.95 -5.95 -5.95 -5.95 -5.95 -5.95 -5.95 -5.95 -5.95
2043.00 -5.89 -5.89 -5.89 -5.89 -5.89 -5.89 -5.89 -5.89 -5.89 -5.89 -5.89 -5.89 -5.89 -5.89 -5.89 -5.89 -5.89 -5.89 -5.89 -5.89 -5.89 -5.89 -5.89
2044.00 -5.80 -5.80 -5.80 -5.80 -5.80 -5.80 -5.80 -5.80 -5.80 -5.80 -5.80 -5.80 -5.80 -5.80 -5.80 -5.80 -5.80 -5.80 -5.80 -5.80 -5.80 -5.80 -5.80
2045.00 -5.63 -5.63 -5.63 -5.63 -5.63 -5.63 -5.63 -5.63 -5.63 -5.63 -5.63 -5.63 -5.63 -5.63 -5.63 -5.63 -5.63 -5.63 -5.63 -5.63 -5.63 -5.63 -5.63
2046.00 -5.56 -5.56 -5.56 -5.56 -5.56 -5.56 -5.56 -5.56 -5.56 -5.56 -5.56 -5.56 -5.56 -5.56 -5.56 -5.56 -5.56 -5.56 -5.56 -5.56 -5.56 -5.56 -5.56
2047.00 -5.53 -5.53 -5.53 -5.53 -5.53 -5.53 -5.53 -5.53 -5.53 -5.53 -5.53 -5.53 -5.53 -5.53 -5.53 -5.53 -5.53 -5.53 -5.53 -5.53 -5.53 -5.53 -5.53
2048.00 -5.61 -5.61 -5.61 -5.61 -5.61 -5.61 -5.61 -5.61 -5.61 -5.61 -5.61 -5.61 -5.61 -5.61 -5.61 -5.61 -5.61 -5.61 -5.61 -5.61 -5.61 -5.61 -5.61
2049.00 -5.60 -5.60 -5.60 -5.60 -5.60 -5.60 -5.60 -5.60 -5.60 -5.60 -5.60 -5.60 -5.60 -5.60 -5.60 -5.60 -5.60 -5.60 -5.60 -5.60 -5.60 -5.60 -5.60
2050.00 -5.57 -5.57 -5.57 -5.57 -5.57 -5.57 -5.57 -5.57 -5.57 -5.57 -5.57 -5.57 -5.57 -5.57 -5.57 -5.57 -5.57 -5.57 -5.57 -5.57 -5.57 -5.57 -5.57
2051.00 -5.59 -5.59 -5.59 -5.59 -5.59 -5.59 -5.59 -5.59 -5.59 -5.59 -5.59 -5.59 -5.59 -5.59 -5.59 -5.59 -5.59 -5.59 -5.59 -5.59 -5.59 -5.59 -5.59
2052.00 -5.60 -5.60 -5.60 -5.60 -5.60 -5.60 -5.60 -5.60 -5.60 -5.60 -5.60 -5.60 -5.60 -5.60 -5.60 -5.60 -5.60 -5.60 -5.60 -5.60 -5.60 -5.60 -5.60
2053.00 -5.38 -5.38 -5.38 -5.38 -5.38 -5.38 -5.38 -5.38 -5.38 -5.38 -5.38 -5.38 -5.38 -5.38 -5.38 -5.38 -5.38 -5.38 -5.38 -5.38 -5.38 -5.38 -5.38
2054.00 -5.29 -5.29 -5.29 -5.29 -5.29 -5.29 -5.29 -5.29 -5.29 -5.29 -5.29 -5.29 -5.29 -5.29 -5.29 -5.29 -5.29 -5.29 -5.29 -5.29 -5.29 -5.29 -5.29
2055.00 -5.20 -5.20 -5.20 -5.20 -5.20 -5.20 -5.20 -5.20 -5.20 -5.20 -5.20 -5.20 -5.20 -5.20 -5.20 -5.20 -5.20 -5.20 -5.20 -5.20 -5.20 -5.20 -5.20
2056.00 -5.09 -5.09 -5.09 -5.09 -5.09 -5.09 -5.09 -5.09 -5.09 -5.09 -5.09 -5.09 -5.09 -5.09 -5.09 -5.09 -5.09 -5.09 -5.09 -5.09 -5.09 -5.09 -5.09
2057.00 -4.98 -4.98 -4.98 -4.98 -4.98 -4.98 -4.98 -4.98 -4.98 -4.98 -4.98 -4.98 -4.98 -4.98 -4.98 -4.98 -4.98 -4.98 -4.98 -4.98 -4.98 -4.98 -4.98
2058.00 -5.09 -5.09 -5.09 -5.09 -5.09 -5.09 -5.09 -5.09 -5.09 -5.09 -5.09 -5.09 -5.09 -5.09 -5.09 -5.09 -5.09 -5.09 -5.09 -5.09 -5.09 -5.09 -5.09
2059.00 -5.12 -5.12 -5.12 -5.12 -5.12 -5.12 -5.12 -5.12 -5.12 -5.12 -5.12 -5.12 -5.12 -5.12 -5.12 -5.12 -5.12 -5.12 -5.12 -5.12 -5.12 -5.12 -5.12
2060.00 -5.20 -5.20 -5.20 -5.20 -5.20 -5.20 -5.20 -5.20 -5.20 -5.20 -5.20 -5.20 -5.20 -5.20 -5.20 -5.20 -5.20 -5.20 -5.20 -5.20 -5.20 -5.20 -5.20
2061.00 -5.23 -5.23 -5.23 -5.23 -5.23 -5.23 -5.23 -5.23 -5.23 -5.23 -5.23 -5.23 -5.23 -5.23 -5.23 -5.23 -5.23 -5.23 -5.23 -5.23 -5.23 -5.23 -5.23
2062.00 -5.34 -5.34 -5.34 -5.34 -5.34 -5.34 -5.34 -5.34 -5.34 -5.34 -5.34 -5.34 -5.34 -5.34 -5.34 -5.34 -5.34 -5.34 -5.34 -5.34 -5.34 -5.34 -5.34
2063.00 -5.38 -5.38 -5.38 -5.38 -5.38 -5.38 -5.38 -5.38 -5.38 -5.38 -5.38 -5.38 -5.38 -5.38 -5.38 -5.38 -5.38 -5.38 -5.38 -5.38 -5.38 -5.38 -5.38
2064.00 -5.33 -5.33 -5.33 -5.33 -5.33 -5.33 -5.33 -5.33 -5.33 -5.33 -5.33 -5.33 -5.33 -5.33 -5.33 -5.33 -5.33 -5.33 -5.33 -5.33 -5.33 -5.33 -5.33
2065.00 -5.23 -5.23 -5.23 -5.23 -5.23 -5.23 -5.23 -5.23 -5.23 -5.23 -5.23 -5.23 -5.23 -5.23 -5.23 -5.23 -5.23 -5.23 -5.23 -5.23 -5.23 -5.23 -5.23
