# yearspad, alpred
# [0.6  0.62 0.64 0.66 0.68 0.7  0.72 0.74 0.76 0.78 0.8  0.82 0.84 0.86
#  0.88 0.9  0.92 0.94 0.96 0.98 1.   1.02 1.04]
1922.00 3.51 3.51 3.51 3.51 3.51 3.51 3.51 3.51 3.51 3.51 3.51 3.51 3.51 3.51 3.51 3.51 3.51 3.51 3.51 3.51 3.51 3.51 3.51
1923.00 3.81 3.81 3.81 3.81 3.81 3.81 3.81 3.81 3.81 3.81 3.81 3.81 3.81 3.81 3.81 3.81 3.81 3.81 3.81 3.81 3.81 3.81 3.81
1924.00 4.03 4.03 4.03 4.03 4.03 4.03 4.03 4.03 4.03 4.03 4.03 4.03 4.03 4.03 4.03 4.03 4.03 4.03 4.03 4.03 4.03 4.03 4.03
1925.00 4.09 4.09 4.09 4.09 4.09 4.09 4.09 4.09 4.09 4.09 4.09 4.09 4.09 4.09 4.09 4.09 4.09 4.09 4.09 4.09 4.09 4.09 4.09
1926.00 4.25 4.25 4.25 4.25 4.25 4.25 4.25 4.25 4.25 4.25 4.25 4.25 4.25 4.25 4.25 4.25 4.25 4.25 4.25 4.25 4.25 4.25 4.25
1927.00 4.11 4.11 4.11 4.11 4.11 4.11 4.11 4.11 4.11 4.11 4.11 4.11 4.11 4.11 4.11 4.11 4.11 4.11 4.11 4.11 4.11 4.11 4.11
1928.00 4.12 4.12 4.12 4.12 4.12 4.12 4.12 4.12 4.12 4.12 4.12 4.12 4.12 4.12 4.12 4.12 4.12 4.12 4.12 4.12 4.12 4.12 4.12
1929.00 3.98 3.98 3.98 3.98 3.98 3.98 3.98 3.98 3.98 3.98 3.98 3.98 3.98 3.98 3.98 3.98 3.98 3.98 3.98 3.98 3.98 3.98 3.98
1930.00 3.65 3.65 3.65 3.65 3.65 3.65 3.65 3.65 3.65 3.65 3.65 3.65 3.65 3.65 3.65 3.65 3.65 3.65 3.65 3.65 3.65 3.65 3.65
1931.00 3.23 3.23 3.23 3.23 3.23 3.23 3.23 3.23 3.23 3.23 3.23 3.23 3.23 3.23 3.23 3.23 3.23 3.23 3.23 3.23 3.23 3.23 3.23
1932.00 2.87 2.87 2.87 2.87 2.87 2.87 2.87 2.87 2.87 2.87 2.87 2.87 2.87 2.87 2.87 2.87 2.87 2.87 2.87 2.87 2.87 2.87 2.87
1933.00 2.60 2.60 2.60 2.60 2.60 2.60 2.60 2.60 2.60 2.60 2.60 2.60 2.60 2.60 2.60 2.60 2.60 2.60 2.60 2.60 2.60 2.60 2.60
1934.00 2.21 2.21 2.21 2.21 2.21 2.21 2.21 2.21 2.21 2.21 2.21 2.21 2.21 2.21 2.21 2.21 2.21 2.21 2.21 2.21 2.21 2.21 2.21
1935.00 1.42 1.42 1.42 1.42 1.42 1.42 1.42 1.42 1.42 1.42 1.42 1.42 1.42 1.42 1.42 1.42 1.42 1.42 1.42 1.42 1.42 1.42 1.42
1936.00 1.15 1.15 1.15 1.15 1.15 1.15 1.15 1.15 1.15 1.15 1.15 1.15 1.15 1.15 1.15 1.15 1.15 1.15 1.15 1.15 1.15 1.15 1.15
1937.00 0.46 0.46 0.46 0.46 0.46 0.46 0.46 0.46 0.46 0.46 0.46 0.46 0.46 0.46 0.46 0.46 0.46 0.46 0.46 0.46 0.46 0.46 0.46
1938.00 -0.24 -0.24 -0.24 -0.24 -0.24 -0.24 -0.24 -0.24 -0.24 -0.24 -0.24 -0.24 -0.24 -0.24 -0.24 -0.24 -0.24 -0.24 -0.24 -0.24 -0.24 -0.24 -0.24
1939.00 -0.69 -0.69 -0.69 -0.69 -0.69 -0.69 -0.69 -0.69 -0.69 -0.69 -0.69 -0.69 -0.69 -0.69 -0.69 -0.69 -0.69 -0.69 -0.69 -0.69 -0.69 -0.69 -0.69
1940.00 -1.34 -1.34 -1.34 -1.34 -1.34 -1.34 -1.34 -1.34 -1.34 -1.34 -1.34 -1.34 -1.34 -1.34 -1.34 -1.34 -1.34 -1.34 -1.34 -1.34 -1.34 -1.34 -1.34
1941.00 -1.66 -1.66 -1.66 -1.66 -1.66 -1.66 -1.66 -1.66 -1.66 -1.66 -1.66 -1.66 -1.66 -1.66 -1.66 -1.66 -1.66 -1.66 -1.66 -1.66 -1.66 -1.66 -1.66
1942.00 -2.09 -2.09 -2.09 -2.09 -2.09 -2.09 -2.09 -2.09 -2.09 -2.09 -2.09 -2.09 -2.09 -2.09 -2.09 -2.09 -2.09 -2.09 -2.09 -2.09 -2.09 -2.09 -2.09
1943.00 -2.74 -2.74 -2.74 -2.74 -2.74 -2.74 -2.74 -2.74 -2.74 -2.74 -2.74 -2.74 -2.74 -2.74 -2.74 -2.74 -2.74 -2.74 -2.74 -2.74 -2.74 -2.74 -2.74
1944.00 -2.96 -2.96 -2.96 -2.96 -2.96 -2.96 -2.96 -2.96 -2.96 -2.96 -2.96 -2.96 -2.96 -2.96 -2.96 -2.96 -2.96 -2.96 -2.96 -2.96 -2.96 -2.96 -2.96
1945.00 -3.62 -3.62 -3.62 -3.62 -3.62 -3.62 -3.62 -3.62 -3.62 -3.62 -3.62 -3.62 -3.62 -3.62 -3.62 -3.62 -3.62 -3.62 -3.62 -3.62 -3.62 -3.62 -3.62
1946.00 -3.75 -3.75 -3.75 -3.75 -3.75 -3.75 -3.75 -3.75 -3.75 -3.75 -3.75 -3.75 -3.75 -3.75 -3.75 -3.75 -3.75 -3.75 -3.75 -3.75 -3.75 -3.75 -3.75
1947.00 -4.11 -4.11 -4.11 -4.11 -4.11 -4.11 -4.11 -4.11 -4.11 -4.11 -4.11 -4.11 -4.11 -4.11 -4.11 -4.11 -4.11 -4.11 -4.11 -4.11 -4.11 -4.11 -4.11
1948.00 -4.38 -4.38 -4.38 -4.38 -4.38 -4.38 -4.38 -4.38 -4.38 -4.38 -4.38 -4.38 -4.38 -4.38 -4.38 -4.38 -4.38 -4.38 -4.38 -4.38 -4.38 -4.38 -4.38
1949.00 -5.02 -5.02 -5.02 -5.02 -5.02 -5.02 -5.02 -5.02 -5.02 -5.02 -5.02 -5.02 -5.02 -5.02 -5.02 -5.02 -5.02 -5.02 -5.02 -5.02 -5.02 -5.02 -5.02
1950.00 -4.77 -4.77 -4.77 -4.77 -4.77 -4.77 -4.77 -4.77 -4.77 -4.77 -4.77 -4.77 -4.77 -4.77 -4.77 -4.77 -4.77 -4.77 -4.77 -4.77 -4.77 -4.77 -4.77
1951.00 -5.28 -5.28 -5.28 -5.28 -5.28 -5.28 -5.28 -5.28 -5.28 -5.28 -5.28 -5.28 -5.28 -5.28 -5.28 -5.28 -5.28 -5.28 -5.28 -5.28 -5.28 -5.28 -5.28
1952.00 -5.44 -5.44 -5.44 -5.44 -5.44 -5.44 -5.44 -5.44 -5.44 -5.44 -5.44 -5.44 -5.44 -5.44 -5.44 -5.44 -5.44 -5.44 -5.44 -5.44 -5.44 -5.44 -5.44
1953.00 -6.19 -6.19 -6.19 -6.19 -6.19 -6.19 -6.19 -6.19 -6.19 -6.19 -6.19 -6.19 -6.19 -6.19 -6.19 -6.19 -6.19 -6.19 -6.19 -6.19 -6.19 -6.19 -6.19
1954.00 -6.68 -6.68 -6.68 -6.68 -6.68 -6.68 -6.68 -6.68 -6.68 -6.68 -6.68 -6.68 -6.68 -6.68 -6.68 -6.68 -6.68 -6.68 -6.68 -6.68 -6.68 -6.68 -6.68
1955.00 -7.40 -7.40 -7.40 -7.40 -7.40 -7.40 -7.40 -7.40 -7.40 -7.40 -7.40 -7.40 -7.40 -7.40 -7.40 -7.40 -7.40 -7.40 -7.40 -7.40 -7.40 -7.40 -7.40
1956.00 -7.82 -7.82 -7.82 -7.82 -7.82 -7.82 -7.82 -7.82 -7.82 -7.82 -7.82 -7.82 -7.82 -7.82 -7.82 -7.82 -7.82 -7.82 -7.82 -7.82 -7.82 -7.82 -7.82
1957.00 -7.99 -7.99 -7.99 -7.99 -7.99 -7.99 -7.99 -7.99 -7.99 -7.99 -7.99 -7.99 -7.99 -7.99 -7.99 -7.99 -7.99 -7.99 -7.99 -7.99 -7.99 -7.99 -7.99
1958.00 -8.79 -8.79 -8.79 -8.79 -8.79 -8.79 -8.79 -8.79 -8.79 -8.79 -8.79 -8.79 -8.79 -8.79 -8.79 -8.79 -8.79 -8.79 -8.79 -8.79 -8.79 -8.79 -8.79
1959.00 -9.32 -9.32 -9.32 -9.32 -9.32 -9.32 -9.32 -9.32 -9.32 -9.32 -9.32 -9.32 -9.32 -9.32 -9.32 -9.32 -9.32 -9.32 -9.32 -9.32 -9.32 -9.32 -9.32
1960.00 -9.60 -9.60 -9.60 -9.60 -9.60 -9.60 -9.60 -9.60 -9.60 -9.60 -9.60 -9.60 -9.60 -9.60 -9.60 -9.60 -9.60 -9.60 -9.60 -9.60 -9.60 -9.60 -9.60
1961.00 -9.83 -9.83 -9.83 -9.83 -9.83 -9.83 -9.83 -9.83 -9.83 -9.83 -9.83 -9.83 -9.83 -9.83 -9.83 -9.83 -9.83 -9.83 -9.83 -9.83 -9.83 -9.83 -9.83
1962.00 -10.40 -10.40 -10.40 -10.40 -10.40 -10.40 -10.40 -10.40 -10.40 -10.40 -10.40 -10.40 -10.40 -10.40 -10.40 -10.40 -10.40 -10.40 -10.40 -10.40 -10.40 -10.40 -10.40
1963.00 -10.67 -10.67 -10.67 -10.67 -10.67 -10.67 -10.67 -10.67 -10.67 -10.67 -10.67 -10.67 -10.67 -10.67 -10.67 -10.67 -10.67 -10.67 -10.67 -10.67 -10.67 -10.67 -10.67
1964.00 -10.98 -10.98 -10.98 -10.98 -10.98 -10.98 -10.98 -10.98 -10.98 -10.98 -10.98 -10.98 -10.98 -10.98 -10.98 -10.98 -10.98 -10.98 -10.98 -10.98 -10.98 -10.98 -10.98
1965.00 -11.58 -11.58 -11.58 -11.58 -11.58 -11.58 -11.58 -11.58 -11.58 -11.58 -11.58 -11.58 -11.58 -11.58 -11.58 -11.58 -11.58 -11.58 -11.58 -11.58 -11.58 -11.58 -11.58
1966.00 -11.83 -11.83 -11.83 -11.83 -11.83 -11.83 -11.83 -11.83 -11.83 -11.83 -11.83 -11.83 -11.83 -11.83 -11.83 -11.83 -11.83 -11.83 -11.83 -11.83 -11.83 -11.83 -11.83
1967.00 -12.23 -12.23 -12.23 -12.23 -12.23 -12.23 -12.23 -12.23 -12.23 -12.23 -12.23 -12.23 -12.23 -12.23 -12.23 -12.23 -12.23 -12.23 -12.23 -12.23 -12.23 -12.23 -12.23
1968.00 -13.00 -13.00 -13.00 -13.00 -13.00 -13.00 -13.00 -13.00 -13.00 -13.00 -13.00 -13.00 -13.00 -13.00 -13.00 -13.00 -13.00 -13.00 -13.00 -13.00 -13.00 -13.00 -13.00
1969.00 -13.93 -13.93 -13.93 -13.93 -13.93 -13.93 -13.93 -13.93 -13.93 -13.93 -13.93 -13.93 -13.93 -13.93 -13.93 -13.93 -13.93 -13.93 -13.93 -13.93 -13.93 -13.93 -13.93
1970.00 107.25 107.25 107.25 107.25 107.25 107.25 107.25 107.25 107.25 107.25 107.25 107.25 107.25 107.25 107.25 107.25 107.25 107.25 107.25 107.25 107.25 107.25 107.25
1971.00 106.32 106.32 106.32 106.32 106.32 106.32 106.32 106.32 106.32 106.32 106.32 106.32 106.32 106.32 106.32 106.32 106.32 106.32 106.32 106.32 106.32 106.32 106.32
1972.00 109.04 109.04 109.04 109.04 109.04 109.04 109.04 109.04 109.04 109.04 109.04 109.04 109.04 109.04 109.04 109.04 109.04 109.04 109.04 109.04 109.04 109.04 109.04
1973.00 110.70 110.70 110.70 110.70 110.70 110.70 110.70 110.70 110.70 110.70 110.70 110.70 110.70 110.70 110.70 110.70 110.70 110.70 110.70 110.70 110.70 110.70 110.70
1974.00 114.16 114.16 114.16 114.16 114.16 114.16 114.16 114.16 114.16 114.16 114.16 114.16 114.16 114.16 114.16 114.16 114.16 114.16 114.16 114.16 114.16 114.16 114.16
1975.00 114.63 114.63 114.63 114.63 114.63 114.63 114.63 114.63 114.63 114.63 114.63 114.63 114.63 114.63 114.63 114.63 114.63 114.63 114.63 114.63 114.63 114.63 114.63
1976.00 118.82 118.82 118.82 118.82 118.82 118.82 118.82 118.82 118.82 118.82 118.82 118.82 118.82 118.82 118.82 118.82 118.82 118.82 118.82 118.82 118.82 118.82 118.82
1977.00 120.11 120.11 120.11 120.11 120.11 120.11 120.11 120.11 120.11 120.11 120.11 120.11 120.11 120.11 120.11 120.11 120.11 120.11 120.11 120.11 120.11 120.11 120.11
1978.00 122.29 122.29 122.29 122.29 122.29 122.29 122.29 122.29 122.29 122.29 122.29 122.29 122.29 122.29 122.29 122.29 122.29 122.29 122.29 122.29 122.29 122.29 122.29
1979.00 122.58 122.58 122.58 122.58 122.58 122.58 122.58 122.58 122.58 122.58 122.58 122.58 122.58 122.58 122.58 122.58 122.58 122.58 122.58 122.58 122.58 122.58 122.58
1980.00 123.99 123.99 123.99 123.99 123.99 123.99 123.99 123.99 123.99 123.99 123.99 123.99 123.99 123.99 123.99 123.99 123.99 123.99 123.99 123.99 123.99 123.99 123.99
1981.00 125.21 125.21 125.21 125.21 125.21 125.21 125.21 125.21 125.21 125.21 125.21 125.21 125.21 125.21 125.21 125.21 125.21 125.21 125.21 125.21 125.21 125.21 125.21
1982.00 123.38 123.38 123.38 123.38 123.38 123.38 123.38 123.38 123.38 123.38 123.38 123.38 123.38 123.38 123.38 123.38 123.38 123.38 123.38 123.38 123.38 123.38 123.38
1983.00 125.16 125.16 125.16 125.16 125.16 125.16 125.16 125.16 125.16 125.16 125.16 125.16 125.16 125.16 125.16 125.16 125.16 125.16 125.16 125.16 125.16 125.16 125.16
1984.00 115.38 115.38 115.38 115.38 115.38 115.38 115.38 115.38 115.38 115.38 115.38 115.38 115.38 115.38 115.38 115.38 115.38 115.38 115.38 115.38 115.38 115.38 115.38
1985.00 115.80 115.80 115.80 115.80 115.80 115.80 115.80 115.80 115.80 115.80 115.80 115.80 115.80 115.80 115.80 115.80 115.80 115.80 115.80 115.80 115.80 115.80 115.80
1986.00 113.87 113.87 113.87 113.87 113.87 113.87 113.87 113.87 113.87 113.87 113.87 113.87 113.87 113.87 113.87 113.87 113.87 113.87 113.87 113.87 113.87 113.87 113.87
1987.00 110.61 110.61 110.61 110.61 110.61 110.61 110.61 110.61 110.61 110.61 110.61 110.61 110.61 110.61 110.61 110.61 110.61 110.61 110.61 110.61 110.61 110.61 110.61
1988.00 62.24 64.45 66.66 68.87 71.09 73.30 75.51 77.72 79.93 82.14 84.35 86.57 88.78 90.99 93.20 95.41 97.62 99.83 102.05 104.26 106.47 108.68 110.89
1989.00 60.31 62.44 64.58 66.71 68.84 70.98 73.11 75.24 77.37 79.51 81.64 83.77 85.90 88.04 90.17 92.30 94.44 96.57 98.70 100.83 102.97 105.10 107.23
1990.00 57.98 60.02 62.07 64.12 66.17 68.21 70.26 72.31 74.36 76.40 78.45 80.50 82.55 84.59 86.64 88.69 90.74 92.78 94.83 96.88 98.93 100.97 103.02
1991.00 56.98 58.98 60.98 62.99 64.99 66.99 68.99 70.99 72.99 74.99 76.99 79.00 81.00 83.00 85.00 87.00 89.00 91.00 93.00 95.01 97.01 99.01 101.01
1992.00 56.65 58.63 60.61 62.59 64.57 66.55 68.53 70.51 72.49 74.47 76.45 78.43 80.41 82.39 84.37 86.35 88.33 90.31 92.29 94.27 96.25 98.23 100.21
1993.00 56.30 58.25 60.20 62.15 64.10 66.05 68.00 69.95 71.90 73.85 75.80 77.75 79.70 81.65 83.60 85.55 87.50 89.45 91.40 93.36 95.31 97.26 99.21
1994.00 55.85 57.77 59.69 61.61 63.53 65.45 67.37 69.29 71.21 73.14 75.06 76.98 78.90 80.82 82.74 84.66 86.58 88.50 90.42 92.34 94.26 96.18 98.11
1995.00 56.37 58.29 60.21 62.13 64.05 65.97 67.89 69.80 71.72 73.64 75.56 77.48 79.40 81.32 83.24 85.16 87.08 89.00 90.91 92.83 94.75 96.67 98.59
1996.00 55.93 57.81 59.69 61.57 63.45 65.32 67.20 69.08 70.96 72.84 74.72 76.60 78.48 80.35 82.23 84.11 85.99 87.87 89.75 91.63 93.51 95.38 97.26
1997.00 55.72 57.58 59.45 61.32 63.19 65.06 66.93 68.80 70.67 72.54 74.41 76.28 78.15 80.02 81.89 83.75 85.62 87.49 89.36 91.23 93.10 94.97 96.84
1998.00 54.89 56.73 58.57 60.41 62.25 64.09 65.94 67.78 69.62 71.46 73.30 75.14 76.98 78.83 80.67 82.51 84.35 86.19 88.03 89.87 91.71 93.56 95.40
1999.00 53.53 55.31 57.09 58.87 60.64 62.42 64.20 65.98 67.75 69.53 71.31 73.09 74.86 76.64 78.42 80.20 81.97 83.75 85.53 87.31 89.08 90.86 92.64
2000.00 50.72 52.39 54.07 55.74 57.42 59.09 60.77 62.44 64.11 65.79 67.46 69.14 70.81 72.49 74.16 75.84 77.51 79.18 80.86 82.53 84.21 85.88 87.56
2001.00 49.23 50.84 52.46 54.08 55.69 57.31 58.93 60.54 62.16 63.77 65.39 67.01 68.62 70.24 71.86 73.47 75.09 76.71 78.32 79.94 81.56 83.17 84.79
2002.00 48.49 50.07 51.65 53.23 54.81 56.39 57.97 59.55 61.13 62.71 64.30 65.88 67.46 69.04 70.62 72.20 73.78 75.36 76.94 78.52 80.10 81.69 83.27
2003.00 47.95 49.50 51.06 52.62 54.18 55.73 57.29 58.85 60.41 61.96 63.52 65.08 66.64 68.19 69.75 71.31 72.87 74.43 75.98 77.54 79.10 80.66 82.21
2004.00 44.92 46.38 47.84 49.29 50.75 52.21 53.66 55.12 56.58 58.03 59.49 60.95 62.41 63.86 65.32 66.78 68.23 69.69 71.15 72.60 74.06 75.52 76.97
2005.00 44.82 46.25 47.69 49.12 50.55 51.99 53.42 54.85 56.29 57.72 59.15 60.58 62.02 63.45 64.88 66.32 67.75 69.18 70.61 72.05 73.48 74.91 76.35
2006.00 43.82 45.21 46.61 48.00 49.40 50.79 52.19 53.58 54.98 56.37 57.77 59.16 60.56 61.95 63.35 64.74 66.13 67.53 68.92 70.32 71.71 73.11 74.50
2007.00 42.88 44.24 45.59 46.94 48.30 49.65 51.00 52.36 53.71 55.06 56.42 57.77 59.12 60.48 61.83 63.18 64.54 65.89 67.24 68.60 69.95 71.31 72.66
2008.00 40.24 41.50 42.76 44.02 45.28 46.54 47.80 49.06 50.32 51.58 52.84 54.10 55.36 56.62 57.88 59.14 60.40 61.66 62.92 64.18 65.44 66.70 67.96
2009.00 39.03 40.23 41.43 42.62 43.82 45.02 46.22 47.41 48.61 49.81 51.01 52.21 53.40 54.60 55.80 57.00 58.19 59.39 60.59 61.79 62.99 64.18 65.38
2010.00 35.88 36.96 38.05 39.13 40.21 41.30 42.38 43.47 44.55 45.63 46.72 47.80 48.89 49.97 51.06 52.14 53.22 54.31 55.39 56.48 57.56 58.64 59.73
2011.00 35.36 36.40 37.45 38.50 39.55 40.60 41.65 42.70 43.75 44.80 45.85 46.90 47.95 49.00 50.04 51.09 52.14 53.19 54.24 55.29 56.34 57.39 58.44
2012.00 34.81 35.83 36.84 37.85 38.87 39.88 40.90 41.91 42.93 43.94 44.96 45.97 46.99 48.00 49.02 50.03 51.05 52.06 53.08 54.09 55.10 56.12 57.13
2013.00 33.83 34.81 35.79 36.76 37.74 38.72 39.70 40.67 41.65 42.63 43.60 44.58 45.56 46.54 47.51 48.49 49.47 50.44 51.42 52.40 53.37 54.35 55.33
2014.00 32.94 33.87 34.80 35.73 36.67 37.60 38.53 39.46 40.40 41.33 42.26 43.19 44.13 45.06 45.99 46.92 47.86 48.79 49.72 50.65 51.59 52.52 53.45
2015.00 32.80 33.72 34.65 35.58 36.50 37.43 38.35 39.28 40.21 41.13 42.06 42.98 43.91 44.84 45.76 46.69 47.61 48.54 49.47 50.39 51.32 52.24 53.17
2016.00 32.57 33.48 34.38 35.28 36.18 37.08 37.98 38.88 39.78 40.69 41.59 42.49 43.39 44.29 45.19 46.09 46.99 47.89 48.80 49.70 50.60 51.50 52.40
2017.00 31.58 32.45 33.32 34.20 35.07 35.94 36.82 37.69 38.56 39.44 40.31 41.18 42.06 42.93 43.80 44.67 45.55 46.42 47.29 48.17 49.04 49.91 50.79
2018.00 5.74 5.74 5.74 5.74 5.74 5.74 5.74 5.74 5.74 5.74 5.74 5.74 5.74 5.74 5.74 5.74 5.74 5.74 5.74 5.74 5.74 5.74 5.74
2019.00 5.89 5.89 5.89 5.89 5.89 5.89 5.89 5.89 5.89 5.89 5.89 5.89 5.89 5.89 5.89 5.89 5.89 5.89 5.89 5.89 5.89 5.89 5.89
2020.00 5.98 5.98 5.98 5.98 5.98 5.98 5.98 5.98 5.98 5.98 5.98 5.98 5.98 5.98 5.98 5.98 5.98 5.98 5.98 5.98 5.98 5.98 5.98
2021.00 5.67 5.67 5.67 5.67 5.67 5.67 5.67 5.67 5.67 5.67 5.67 5.67 5.67 5.67 5.67 5.67 5.67 5.67 5.67 5.67 5.67 5.67 5.67
2022.00 5.75 5.75 5.75 5.75 5.75 5.75 5.75 5.75 5.75 5.75 5.75 5.75 5.75 5.75 5.75 5.75 5.75 5.75 5.75 5.75 5.75 5.75 5.75
2023.00 5.47 5.47 5.47 5.47 5.47 5.47 5.47 5.47 5.47 5.47 5.47 5.47 5.47 5.47 5.47 5.47 5.47 5.47 5.47 5.47 5.47 5.47 5.47
2024.00 5.31 5.31 5.31 5.31 5.31 5.31 5.31 5.31 5.31 5.31 5.31 5.31 5.31 5.31 5.31 5.31 5.31 5.31 5.31 5.31 5.31 5.31 5.31
2025.00 4.81 4.81 4.81 4.81 4.81 4.81 4.81 4.81 4.81 4.81 4.81 4.81 4.81 4.81 4.81 4.81 4.81 4.81 4.81 4.81 4.81 4.81 4.81
2026.00 4.37 4.37 4.37 4.37 4.37 4.37 4.37 4.37 4.37 4.37 4.37 4.37 4.37 4.37 4.37 4.37 4.37 4.37 4.37 4.37 4.37 4.37 4.37
2027.00 4.23 4.23 4.23 4.23 4.23 4.23 4.23 4.23 4.23 4.23 4.23 4.23 4.23 4.23 4.23 4.23 4.23 4.23 4.23 4.23 4.23 4.23 4.23
2028.00 3.89 3.89 3.89 3.89 3.89 3.89 3.89 3.89 3.89 3.89 3.89 3.89 3.89 3.89 3.89 3.89 3.89 3.89 3.89 3.89 3.89 3.89 3.89
2029.00 3.64 3.64 3.64 3.64 3.64 3.64 3.64 3.64 3.64 3.64 3.64 3.64 3.64 3.64 3.64 3.64 3.64 3.64 3.64 3.64 3.64 3.64 3.64
2030.00 3.68 3.68 3.68 3.68 3.68 3.68 3.68 3.68 3.68 3.68 3.68 3.68 3.68 3.68 3.68 3.68 3.68 3.68 3.68 3.68 3.68 3.68 3.68
2031.00 3.17 3.17 3.17 3.17 3.17 3.17 3.17 3.17 3.17 3.17 3.17 3.17 3.17 3.17 3.17 3.17 3.17 3.17 3.17 3.17 3.17 3.17 3.17
2032.00 3.34 3.34 3.34 3.34 3.34 3.34 3.34 3.34 3.34 3.34 3.34 3.34 3.34 3.34 3.34 3.34 3.34 3.34 3.34 3.34 3.34 3.34 3.34
2033.00 3.35 3.35 3.35 3.35 3.35 3.35 3.35 3.35 3.35 3.35 3.35 3.35 3.35 3.35 3.35 3.35 3.35 3.35 3.35 3.35 3.35 3.35 3.35
2034.00 3.29 3.29 3.29 3.29 3.29 3.29 3.29 3.29 3.29 3.29 3.29 3.29 3.29 3.29 3.29 3.29 3.29 3.29 3.29 3.29 3.29 3.29 3.29
2035.00 3.31 3.31 3.31 3.31 3.31 3.31 3.31 3.31 3.31 3.31 3.31 3.31 3.31 3.31 3.31 3.31 3.31 3.31 3.31 3.31 3.31 3.31 3.31
2036.00 3.30 3.30 3.30 3.30 3.30 3.30 3.30 3.30 3.30 3.30 3.30 3.30 3.30 3.30 3.30 3.30 3.30 3.30 3.30 3.30 3.30 3.30 3.30
2037.00 3.30 3.30 3.30 3.30 3.30 3.30 3.30 3.30 3.30 3.30 3.30 3.30 3.30 3.30 3.30 3.30 3.30 3.30 3.30 3.30 3.30 3.30 3.30
2038.00 3.34 3.34 3.34 3.34 3.34 3.34 3.34 3.34 3.34 3.34 3.34 3.34 3.34 3.34 3.34 3.34 3.34 3.34 3.34 3.34 3.34 3.34 3.34
2039.00 3.26 3.26 3.26 3.26 3.26 3.26 3.26 3.26 3.26 3.26 3.26 3.26 3.26 3.26 3.26 3.26 3.26 3.26 3.26 3.26 3.26 3.26 3.26
2040.00 3.41 3.41 3.41 3.41 3.41 3.41 3.41 3.41 3.41 3.41 3.41 3.41 3.41 3.41 3.41 3.41 3.41 3.41 3.41 3.41 3.41 3.41 3.41
2041.00 3.33 3.33 3.33 3.33 3.33 3.33 3.33 3.33 3.33 3.33 3.33 3.33 3.33 3.33 3.33 3.33 3.33 3.33 3.33 3.33 3.33 3.33 3.33
2042.00 3.45 3.45 3.45 3.45 3.45 3.45 3.45 3.45 3.45 3.45 3.45 3.45 3.45 3.45 3.45 3.45 3.45 3.45 3.45 3.45 3.45 3.45 3.45
2043.00 3.54 3.54 3.54 3.54 3.54 3.54 3.54 3.54 3.54 3.54 3.54 3.54 3.54 3.54 3.54 3.54 3.54 3.54 3.54 3.54 3.54 3.54 3.54
2044.00 3.64 3.64 3.64 3.64 3.64 3.64 3.64 3.64 3.64 3.64 3.64 3.64 3.64 3.64 3.64 3.64 3.64 3.64 3.64 3.64 3.64 3.64 3.64
2045.00 3.63 3.63 3.63 3.63 3.63 3.63 3.63 3.63 3.63 3.63 3.63 3.63 3.63 3.63 3.63 3.63 3.63 3.63 3.63 3.63 3.63 3.63 3.63
2046.00 3.77 3.77 3.77 3.77 3.77 3.77 3.77 3.77 3.77 3.77 3.77 3.77 3.77 3.77 3.77 3.77 3.77 3.77 3.77 3.77 3.77 3.77 3.77
2047.00 3.64 3.64 3.64 3.64 3.64 3.64 3.64 3.64 3.64 3.64 3.64 3.64 3.64 3.64 3.64 3.64 3.64 3.64 3.64 3.64 3.64 3.64 3.64
2048.00 3.70 3.70 3.70 3.70 3.70 3.70 3.70 3.70 3.70 3.70 3.70 3.70 3.70 3.70 3.70 3.70 3.70 3.70 3.70 3.70 3.70 3.70 3.70
2049.00 3.57 3.57 3.57 3.57 3.57 3.57 3.57 3.57 3.57 3.57 3.57 3.57 3.57 3.57 3.57 3.57 3.57 3.57 3.57 3.57 3.57 3.57 3.57
2050.00 3.50 3.50 3.50 3.50 3.50 3.50 3.50 3.50 3.50 3.50 3.50 3.50 3.50 3.50 3.50 3.50 3.50 3.50 3.50 3.50 3.50 3.50 3.50
2051.00 3.39 3.39 3.39 3.39 3.39 3.39 3.39 3.39 3.39 3.39 3.39 3.39 3.39 3.39 3.39 3.39 3.39 3.39 3.39 3.39 3.39 3.39 3.39
2052.00 3.38 3.38 3.38 3.38 3.38 3.38 3.38 3.38 3.38 3.38 3.38 3.38 3.38 3.38 3.38 3.38 3.38 3.38 3.38 3.38 3.38 3.38 3.38
2053.00 3.25 3.25 3.25 3.25 3.25 3.25 3.25 3.25 3.25 3.25 3.25 3.25 3.25 3.25 3.25 3.25 3.25 3.25 3.25 3.25 3.25 3.25 3.25
2054.00 3.25 3.25 3.25 3.25 3.25 3.25 3.25 3.25 3.25 3.25 3.25 3.25 3.25 3.25 3.25 3.25 3.25 3.25 3.25 3.25 3.25 3.25 3.25
2055.00 3.22 3.22 3.22 3.22 3.22 3.22 3.22 3.22 3.22 3.22 3.22 3.22 3.22 3.22 3.22 3.22 3.22 3.22 3.22 3.22 3.22 3.22 3.22
2056.00 3.21 3.21 3.21 3.21 3.21 3.21 3.21 3.21 3.21 3.21 3.21 3.21 3.21 3.21 3.21 3.21 3.21 3.21 3.21 3.21 3.21 3.21 3.21
2057.00 3.21 3.21 3.21 3.21 3.21 3.21 3.21 3.21 3.21 3.21 3.21 3.21 3.21 3.21 3.21 3.21 3.21 3.21 3.21 3.21 3.21 3.21 3.21
2058.00 3.29 3.29 3.29 3.29 3.29 3.29 3.29 3.29 3.29 3.29 3.29 3.29 3.29 3.29 3.29 3.29 3.29 3.29 3.29 3.29 3.29 3.29 3.29
2059.00 3.20 3.20 3.20 3.20 3.20 3.20 3.20 3.20 3.20 3.20 3.20 3.20 3.20 3.20 3.20 3.20 3.20 3.20 3.20 3.20 3.20 3.20 3.20
2060.00 3.25 3.25 3.25 3.25 3.25 3.25 3.25 3.25 3.25 3.25 3.25 3.25 3.25 3.25 3.25 3.25 3.25 3.25 3.25 3.25 3.25 3.25 3.25
2061.00 3.20 3.20 3.20 3.20 3.20 3.20 3.20 3.20 3.20 3.20 3.20 3.20 3.20 3.20 3.20 3.20 3.20 3.20 3.20 3.20 3.20 3.20 3.20
2062.00 3.28 3.28 3.28 3.28 3.28 3.28 3.28 3.28 3.28 3.28 3.28 3.28 3.28 3.28 3.28 3.28 3.28 3.28 3.28 3.28 3.28 3.28 3.28
2063.00 3.23 3.23 3.23 3.23 3.23 3.23 3.23 3.23 3.23 3.23 3.23 3.23 3.23 3.23 3.23 3.23 3.23 3.23 3.23 3.23 3.23 3.23 3.23
2064.00 3.36 3.36 3.36 3.36 3.36 3.36 3.36 3.36 3.36 3.36 3.36 3.36 3.36 3.36 3.36 3.36 3.36 3.36 3.36 3.36 3.36 3.36 3.36
2065.00 3.29 3.29 3.29 3.29 3.29 3.29 3.29 3.29 3.29 3.29 3.29 3.29 3.29 3.29 3.29 3.29 3.29 3.29 3.29 3.29 3.29 3.29 3.29
