# yearspad, alpred
# [0.6  0.62 0.64 0.66 0.68 0.7  0.72 0.74 0.76 0.78 0.8  0.82 0.84 0.86
#  0.88 0.9  0.92 0.94 0.96 0.98 1.   1.02 1.04]
1922.00 -2.42 -2.42 -2.42 -2.42 -2.42 -2.42 -2.42 -2.42 -2.42 -2.42 -2.42 -2.42 -2.42 -2.42 -2.42 -2.42 -2.42 -2.42 -2.42 -2.42 -2.42 -2.42 -2.42
1923.00 -2.10 -2.10 -2.10 -2.10 -2.10 -2.10 -2.10 -2.10 -2.10 -2.10 -2.10 -2.10 -2.10 -2.10 -2.10 -2.10 -2.10 -2.10 -2.10 -2.10 -2.10 -2.10 -2.10
1924.00 -2.81 -2.81 -2.81 -2.81 -2.81 -2.81 -2.81 -2.81 -2.81 -2.81 -2.81 -2.81 -2.81 -2.81 -2.81 -2.81 -2.81 -2.81 -2.81 -2.81 -2.81 -2.81 -2.81
1925.00 -3.02 -3.02 -3.02 -3.02 -3.02 -3.02 -3.02 -3.02 -3.02 -3.02 -3.02 -3.02 -3.02 -3.02 -3.02 -3.02 -3.02 -3.02 -3.02 -3.02 -3.02 -3.02 -3.02
1926.00 -3.60 -3.60 -3.60 -3.60 -3.60 -3.60 -3.60 -3.60 -3.60 -3.60 -3.60 -3.60 -3.60 -3.60 -3.60 -3.60 -3.60 -3.60 -3.60 -3.60 -3.60 -3.60 -3.60
1927.00 -4.19 -4.19 -4.19 -4.19 -4.19 -4.19 -4.19 -4.19 -4.19 -4.19 -4.19 -4.19 -4.19 -4.19 -4.19 -4.19 -4.19 -4.19 -4.19 -4.19 -4.19 -4.19 -4.19
1928.00 -3.96 -3.96 -3.96 -3.96 -3.96 -3.96 -3.96 -3.96 -3.96 -3.96 -3.96 -3.96 -3.96 -3.96 -3.96 -3.96 -3.96 -3.96 -3.96 -3.96 -3.96 -3.96 -3.96
1929.00 -3.89 -3.89 -3.89 -3.89 -3.89 -3.89 -3.89 -3.89 -3.89 -3.89 -3.89 -3.89 -3.89 -3.89 -3.89 -3.89 -3.89 -3.89 -3.89 -3.89 -3.89 -3.89 -3.89
1930.00 -4.12 -4.12 -4.12 -4.12 -4.12 -4.12 -4.12 -4.12 -4.12 -4.12 -4.12 -4.12 -4.12 -4.12 -4.12 -4.12 -4.12 -4.12 -4.12 -4.12 -4.12 -4.12 -4.12
1931.00 -3.97 -3.97 -3.97 -3.97 -3.97 -3.97 -3.97 -3.97 -3.97 -3.97 -3.97 -3.97 -3.97 -3.97 -3.97 -3.97 -3.97 -3.97 -3.97 -3.97 -3.97 -3.97 -3.97
1932.00 -4.90 -4.90 -4.90 -4.90 -4.90 -4.90 -4.90 -4.90 -4.90 -4.90 -4.90 -4.90 -4.90 -4.90 -4.90 -4.90 -4.90 -4.90 -4.90 -4.90 -4.90 -4.90 -4.90
1933.00 -5.06 -5.06 -5.06 -5.06 -5.06 -5.06 -5.06 -5.06 -5.06 -5.06 -5.06 -5.06 -5.06 -5.06 -5.06 -5.06 -5.06 -5.06 -5.06 -5.06 -5.06 -5.06 -5.06
1934.00 -5.07 -5.07 -5.07 -5.07 -5.07 -5.07 -5.07 -5.07 -5.07 -5.07 -5.07 -5.07 -5.07 -5.07 -5.07 -5.07 -5.07 -5.07 -5.07 -5.07 -5.07 -5.07 -5.07
1935.00 -4.99 -4.99 -4.99 -4.99 -4.99 -4.99 -4.99 -4.99 -4.99 -4.99 -4.99 -4.99 -4.99 -4.99 -4.99 -4.99 -4.99 -4.99 -4.99 -4.99 -4.99 -4.99 -4.99
1936.00 -5.23 -5.23 -5.23 -5.23 -5.23 -5.23 -5.23 -5.23 -5.23 -5.23 -5.23 -5.23 -5.23 -5.23 -5.23 -5.23 -5.23 -5.23 -5.23 -5.23 -5.23 -5.23 -5.23
1937.00 -5.25 -5.25 -5.25 -5.25 -5.25 -5.25 -5.25 -5.25 -5.25 -5.25 -5.25 -5.25 -5.25 -5.25 -5.25 -5.25 -5.25 -5.25 -5.25 -5.25 -5.25 -5.25 -5.25
1938.00 -5.90 -5.90 -5.90 -5.90 -5.90 -5.90 -5.90 -5.90 -5.90 -5.90 -5.90 -5.90 -5.90 -5.90 -5.90 -5.90 -5.90 -5.90 -5.90 -5.90 -5.90 -5.90 -5.90
1939.00 -5.02 -5.02 -5.02 -5.02 -5.02 -5.02 -5.02 -5.02 -5.02 -5.02 -5.02 -5.02 -5.02 -5.02 -5.02 -5.02 -5.02 -5.02 -5.02 -5.02 -5.02 -5.02 -5.02
1940.00 -4.45 -4.45 -4.45 -4.45 -4.45 -4.45 -4.45 -4.45 -4.45 -4.45 -4.45 -4.45 -4.45 -4.45 -4.45 -4.45 -4.45 -4.45 -4.45 -4.45 -4.45 -4.45 -4.45
1941.00 -4.09 -4.09 -4.09 -4.09 -4.09 -4.09 -4.09 -4.09 -4.09 -4.09 -4.09 -4.09 -4.09 -4.09 -4.09 -4.09 -4.09 -4.09 -4.09 -4.09 -4.09 -4.09 -4.09
1942.00 -3.73 -3.73 -3.73 -3.73 -3.73 -3.73 -3.73 -3.73 -3.73 -3.73 -3.73 -3.73 -3.73 -3.73 -3.73 -3.73 -3.73 -3.73 -3.73 -3.73 -3.73 -3.73 -3.73
1943.00 -4.54 -4.54 -4.54 -4.54 -4.54 -4.54 -4.54 -4.54 -4.54 -4.54 -4.54 -4.54 -4.54 -4.54 -4.54 -4.54 -4.54 -4.54 -4.54 -4.54 -4.54 -4.54 -4.54
1944.00 -4.47 -4.47 -4.47 -4.47 -4.47 -4.47 -4.47 -4.47 -4.47 -4.47 -4.47 -4.47 -4.47 -4.47 -4.47 -4.47 -4.47 -4.47 -4.47 -4.47 -4.47 -4.47 -4.47
1945.00 -4.15 -4.15 -4.15 -4.15 -4.15 -4.15 -4.15 -4.15 -4.15 -4.15 -4.15 -4.15 -4.15 -4.15 -4.15 -4.15 -4.15 -4.15 -4.15 -4.15 -4.15 -4.15 -4.15
1946.00 -3.54 -3.54 -3.54 -3.54 -3.54 -3.54 -3.54 -3.54 -3.54 -3.54 -3.54 -3.54 -3.54 -3.54 -3.54 -3.54 -3.54 -3.54 -3.54 -3.54 -3.54 -3.54 -3.54
1947.00 -2.50 -2.50 -2.50 -2.50 -2.50 -2.50 -2.50 -2.50 -2.50 -2.50 -2.50 -2.50 -2.50 -2.50 -2.50 -2.50 -2.50 -2.50 -2.50 -2.50 -2.50 -2.50 -2.50
1948.00 -2.60 -2.60 -2.60 -2.60 -2.60 -2.60 -2.60 -2.60 -2.60 -2.60 -2.60 -2.60 -2.60 -2.60 -2.60 -2.60 -2.60 -2.60 -2.60 -2.60 -2.60 -2.60 -2.60
1949.00 -2.50 -2.50 -2.50 -2.50 -2.50 -2.50 -2.50 -2.50 -2.50 -2.50 -2.50 -2.50 -2.50 -2.50 -2.50 -2.50 -2.50 -2.50 -2.50 -2.50 -2.50 -2.50 -2.50
1950.00 -3.42 -3.42 -3.42 -3.42 -3.42 -3.42 -3.42 -3.42 -3.42 -3.42 -3.42 -3.42 -3.42 -3.42 -3.42 -3.42 -3.42 -3.42 -3.42 -3.42 -3.42 -3.42 -3.42
1951.00 -2.74 -2.74 -2.74 -2.74 -2.74 -2.74 -2.74 -2.74 -2.74 -2.74 -2.74 -2.74 -2.74 -2.74 -2.74 -2.74 -2.74 -2.74 -2.74 -2.74 -2.74 -2.74 -2.74
1952.00 -2.92 -2.92 -2.92 -2.92 -2.92 -2.92 -2.92 -2.92 -2.92 -2.92 -2.92 -2.92 -2.92 -2.92 -2.92 -2.92 -2.92 -2.92 -2.92 -2.92 -2.92 -2.92 -2.92
1953.00 -1.65 -1.65 -1.65 -1.65 -1.65 -1.65 -1.65 -1.65 -1.65 -1.65 -1.65 -1.65 -1.65 -1.65 -1.65 -1.65 -1.65 -1.65 -1.65 -1.65 -1.65 -1.65 -1.65
1954.00 -2.56 -2.56 -2.56 -2.56 -2.56 -2.56 -2.56 -2.56 -2.56 -2.56 -2.56 -2.56 -2.56 -2.56 -2.56 -2.56 -2.56 -2.56 -2.56 -2.56 -2.56 -2.56 -2.56
1955.00 -1.84 -1.84 -1.84 -1.84 -1.84 -1.84 -1.84 -1.84 -1.84 -1.84 -1.84 -1.84 -1.84 -1.84 -1.84 -1.84 -1.84 -1.84 -1.84 -1.84 -1.84 -1.84 -1.84
1956.00 -1.47 -1.47 -1.47 -1.47 -1.47 -1.47 -1.47 -1.47 -1.47 -1.47 -1.47 -1.47 -1.47 -1.47 -1.47 -1.47 -1.47 -1.47 -1.47 -1.47 -1.47 -1.47 -1.47
1957.00 -0.93 -0.93 -0.93 -0.93 -0.93 -0.93 -0.93 -0.93 -0.93 -0.93 -0.93 -0.93 -0.93 -0.93 -0.93 -0.93 -0.93 -0.93 -0.93 -0.93 -0.93 -0.93 -0.93
1958.00 -0.42 -0.42 -0.42 -0.42 -0.42 -0.42 -0.42 -0.42 -0.42 -0.42 -0.42 -0.42 -0.42 -0.42 -0.42 -0.42 -0.42 -0.42 -0.42 -0.42 -0.42 -0.42 -0.42
1959.00 -0.36 -0.36 -0.36 -0.36 -0.36 -0.36 -0.36 -0.36 -0.36 -0.36 -0.36 -0.36 -0.36 -0.36 -0.36 -0.36 -0.36 -0.36 -0.36 -0.36 -0.36 -0.36 -0.36
1960.00 -0.90 -0.90 -0.90 -0.90 -0.90 -0.90 -0.90 -0.90 -0.90 -0.90 -0.90 -0.90 -0.90 -0.90 -0.90 -0.90 -0.90 -0.90 -0.90 -0.90 -0.90 -0.90 -0.90
1961.00 -1.19 -1.19 -1.19 -1.19 -1.19 -1.19 -1.19 -1.19 -1.19 -1.19 -1.19 -1.19 -1.19 -1.19 -1.19 -1.19 -1.19 -1.19 -1.19 -1.19 -1.19 -1.19 -1.19
1962.00 -0.09 -0.09 -0.09 -0.09 -0.09 -0.09 -0.09 -0.09 -0.09 -0.09 -0.09 -0.09 -0.09 -0.09 -0.09 -0.09 -0.09 -0.09 -0.09 -0.09 -0.09 -0.09 -0.09
1963.00 0.26 0.26 0.26 0.26 0.26 0.26 0.26 0.26 0.26 0.26 0.26 0.26 0.26 0.26 0.26 0.26 0.26 0.26 0.26 0.26 0.26 0.26 0.26
1964.00 0.76 0.76 0.76 0.76 0.76 0.76 0.76 0.76 0.76 0.76 0.76 0.76 0.76 0.76 0.76 0.76 0.76 0.76 0.76 0.76 0.76 0.76 0.76
1965.00 0.24 0.24 0.24 0.24 0.24 0.24 0.24 0.24 0.24 0.24 0.24 0.24 0.24 0.24 0.24 0.24 0.24 0.24 0.24 0.24 0.24 0.24 0.24
1966.00 0.02 0.02 0.02 0.02 0.02 0.02 0.02 0.02 0.02 0.02 0.02 0.02 0.02 0.02 0.02 0.02 0.02 0.02 0.02 0.02 0.02 0.02 0.02
1967.00 0.63 0.63 0.63 0.63 0.63 0.63 0.63 0.63 0.63 0.63 0.63 0.63 0.63 0.63 0.63 0.63 0.63 0.63 0.63 0.63 0.63 0.63 0.63
1968.00 1.24 1.24 1.24 1.24 1.24 1.24 1.24 1.24 1.24 1.24 1.24 1.24 1.24 1.24 1.24 1.24 1.24 1.24 1.24 1.24 1.24 1.24 1.24
1969.00 1.52 1.52 1.52 1.52 1.52 1.52 1.52 1.52 1.52 1.52 1.52 1.52 1.52 1.52 1.52 1.52 1.52 1.52 1.52 1.52 1.52 1.52 1.52
1970.00 123.84 123.84 123.84 123.84 123.84 123.84 123.84 123.84 123.84 123.84 123.84 123.84 123.84 123.84 123.84 123.84 123.84 123.84 123.84 123.84 123.84 123.84 123.84
1971.00 123.35 123.35 123.35 123.35 123.35 123.35 123.35 123.35 123.35 123.35 123.35 123.35 123.35 123.35 123.35 123.35 123.35 123.35 123.35 123.35 123.35 123.35 123.35
1972.00 134.39 134.39 134.39 134.39 134.39 134.39 134.39 134.39 134.39 134.39 134.39 134.39 134.39 134.39 134.39 134.39 134.39 134.39 134.39 134.39 134.39 134.39 134.39
1973.00 141.94 141.94 141.94 141.94 141.94 141.94 141.94 141.94 141.94 141.94 141.94 141.94 141.94 141.94 141.94 141.94 141.94 141.94 141.94 141.94 141.94 141.94 141.94
1974.00 146.16 146.16 146.16 146.16 146.16 146.16 146.16 146.16 146.16 146.16 146.16 146.16 146.16 146.16 146.16 146.16 146.16 146.16 146.16 146.16 146.16 146.16 146.16
1975.00 154.51 154.51 154.51 154.51 154.51 154.51 154.51 154.51 154.51 154.51 154.51 154.51 154.51 154.51 154.51 154.51 154.51 154.51 154.51 154.51 154.51 154.51 154.51
1976.00 150.29 150.29 150.29 150.29 150.29 150.29 150.29 150.29 150.29 150.29 150.29 150.29 150.29 150.29 150.29 150.29 150.29 150.29 150.29 150.29 150.29 150.29 150.29
1977.00 148.80 148.80 148.80 148.80 148.80 148.80 148.80 148.80 148.80 148.80 148.80 148.80 148.80 148.80 148.80 148.80 148.80 148.80 148.80 148.80 148.80 148.80 148.80
1978.00 146.84 146.84 146.84 146.84 146.84 146.84 146.84 146.84 146.84 146.84 146.84 146.84 146.84 146.84 146.84 146.84 146.84 146.84 146.84 146.84 146.84 146.84 146.84
1979.00 145.83 145.83 145.83 145.83 145.83 145.83 145.83 145.83 145.83 145.83 145.83 145.83 145.83 145.83 145.83 145.83 145.83 145.83 145.83 145.83 145.83 145.83 145.83
1980.00 149.28 149.28 149.28 149.28 149.28 149.28 149.28 149.28 149.28 149.28 149.28 149.28 149.28 149.28 149.28 149.28 149.28 149.28 149.28 149.28 149.28 149.28 149.28
1981.00 151.11 151.11 151.11 151.11 151.11 151.11 151.11 151.11 151.11 151.11 151.11 151.11 151.11 151.11 151.11 151.11 151.11 151.11 151.11 151.11 151.11 151.11 151.11
1982.00 146.28 146.28 146.28 146.28 146.28 146.28 146.28 146.28 146.28 146.28 146.28 146.28 146.28 146.28 146.28 146.28 146.28 146.28 146.28 146.28 146.28 146.28 146.28
1983.00 135.97 135.97 135.97 135.97 135.97 135.97 135.97 135.97 135.97 135.97 135.97 135.97 135.97 135.97 135.97 135.97 135.97 135.97 135.97 135.97 135.97 135.97 135.97
1984.00 136.81 136.81 136.81 136.81 136.81 136.81 136.81 136.81 136.81 136.81 136.81 136.81 136.81 136.81 136.81 136.81 136.81 136.81 136.81 136.81 136.81 136.81 136.81
1985.00 133.47 133.47 133.47 133.47 133.47 133.47 133.47 133.47 133.47 133.47 133.47 133.47 133.47 133.47 133.47 133.47 133.47 133.47 133.47 133.47 133.47 133.47 133.47
1986.00 136.12 136.12 136.12 136.12 136.12 136.12 136.12 136.12 136.12 136.12 136.12 136.12 136.12 136.12 136.12 136.12 136.12 136.12 136.12 136.12 136.12 136.12 136.12
1987.00 124.51 124.51 124.51 124.51 124.51 124.51 124.51 124.51 124.51 124.51 124.51 124.51 124.51 124.51 124.51 124.51 124.51 124.51 124.51 124.51 124.51 124.51 124.51
1988.00 76.32 78.52 80.72 82.92 85.12 87.32 89.52 91.72 93.92 96.12 98.31 100.51 102.71 104.91 107.11 109.31 111.51 113.71 115.91 118.11 120.31 122.51 124.71
1989.00 72.88 75.00 77.13 79.26 81.39 83.51 85.64 87.77 89.90 92.02 94.15 96.28 98.40 100.53 102.66 104.79 106.91 109.04 111.17 113.29 115.42 117.55 119.68
1990.00 70.83 72.88 74.92 76.97 79.02 81.07 83.11 85.16 87.21 89.26 91.30 93.35 95.40 97.45 99.49 101.54 103.59 105.64 107.68 109.73 111.78 113.83 115.87
1991.00 69.54 71.54 73.54 75.54 77.54 79.54 81.54 83.54 85.54 87.55 89.55 91.55 93.55 95.55 97.55 99.55 101.55 103.55 105.55 107.55 109.55 111.56 113.56
1992.00 68.98 70.95 72.93 74.91 76.89 78.87 80.85 82.82 84.80 86.78 88.76 90.74 92.71 94.69 96.67 98.65 100.63 102.61 104.58 106.56 108.54 110.52 112.50
1993.00 66.55 68.50 70.45 72.41 74.36 76.31 78.26 80.21 82.16 84.11 86.06 88.01 89.96 91.91 93.86 95.81 97.76 99.72 101.67 103.62 105.57 107.52 109.47
1994.00 65.40 67.32 69.24 71.16 73.09 75.01 76.93 78.85 80.78 82.70 84.62 86.54 88.46 90.39 92.31 94.23 96.15 98.07 100.00 101.92 103.84 105.76 107.69
1995.00 64.73 66.65 68.57 70.49 72.41 74.33 76.25 78.17 80.09 82.01 83.93 85.86 87.78 89.70 91.62 93.54 95.46 97.38 99.30 101.22 103.14 105.06 106.99
1996.00 63.34 65.22 67.10 68.98 70.86 72.75 74.63 76.51 78.39 80.27 82.15 84.03 85.91 87.79 89.67 91.56 93.44 95.32 97.20 99.08 100.96 102.84 104.72
1997.00 62.96 64.83 66.70 68.57 70.44 72.31 74.18 76.05 77.93 79.80 81.67 83.54 85.41 87.28 89.15 91.02 92.89 94.76 96.63 98.50 100.37 102.24 104.11
1998.00 61.71 63.55 65.39 67.24 69.08 70.92 72.76 74.61 76.45 78.29 80.14 81.98 83.82 85.66 87.51 89.35 91.19 93.03 94.88 96.72 98.56 100.40 102.25
1999.00 59.46 61.24 63.02 64.79 66.57 68.35 70.13 71.91 73.69 75.47 77.25 79.03 80.81 82.59 84.37 86.15 87.93 89.70 91.48 93.26 95.04 96.82 98.60
2000.00 56.10 57.78 59.45 61.13 62.81 64.48 66.16 67.84 69.51 71.19 72.87 74.54 76.22 77.89 79.57 81.25 82.92 84.60 86.28 87.95 89.63 91.30 92.98
2001.00 54.75 56.37 57.99 59.61 61.23 62.85 64.47 66.09 67.71 69.33 70.95 72.57 74.18 75.80 77.42 79.04 80.66 82.28 83.90 85.52 87.14 88.76 90.38
2002.00 53.47 55.05 56.64 58.23 59.81 61.40 62.98 64.57 66.16 67.74 69.33 70.91 72.50 74.08 75.67 77.26 78.84 80.43 82.01 83.60 85.18 86.77 88.36
2003.00 52.39 53.95 55.51 57.07 58.63 60.19 61.75 63.31 64.87 66.44 68.00 69.56 71.12 72.68 74.24 75.80 77.36 78.92 80.48 82.04 83.60 85.16 86.72
2004.00 48.16 49.62 51.08 52.54 54.00 55.46 56.92 58.38 59.84 61.30 62.76 64.22 65.68 67.14 68.60 70.06 71.52 72.98 74.44 75.90 77.36 78.82 80.28
2005.00 47.02 48.46 49.90 51.34 52.78 54.22 55.65 57.09 58.53 59.97 61.41 62.84 64.28 65.72 67.16 68.60 70.04 71.47 72.91 74.35 75.79 77.23 78.67
2006.00 46.44 47.84 49.24 50.65 52.05 53.45 54.85 56.25 57.65 59.05 60.45 61.85 63.25 64.65 66.06 67.46 68.86 70.26 71.66 73.06 74.46 75.86 77.26
2007.00 45.15 46.51 47.87 49.23 50.59 51.95 53.31 54.67 56.03 57.39 58.75 60.11 61.47 62.83 64.19 65.55 66.91 68.27 69.63 70.99 72.35 73.71 75.07
2008.00 42.76 44.03 45.30 46.56 47.83 49.10 50.37 51.63 52.90 54.17 55.43 56.70 57.97 59.24 60.50 61.77 63.04 64.31 65.57 66.84 68.11 69.38 70.64
2009.00 39.41 40.62 41.82 43.02 44.23 45.43 46.63 47.84 49.04 50.25 51.45 52.65 53.86 55.06 56.26 57.47 58.67 59.87 61.08 62.28 63.48 64.69 65.89
2010.00 35.68 36.77 37.86 38.95 40.04 41.14 42.23 43.32 44.41 45.51 46.60 47.69 48.78 49.87 50.97 52.06 53.15 54.24 55.34 56.43 57.52 58.61 59.70
2011.00 34.12 35.17 36.23 37.29 38.35 39.40 40.46 41.52 42.57 43.63 44.69 45.75 46.80 47.86 48.92 49.97 51.03 52.09 53.15 54.20 55.26 56.32 57.38
2012.00 33.25 34.27 35.29 36.31 37.34 38.36 39.38 40.40 41.43 42.45 43.47 44.49 45.52 46.54 47.56 48.58 49.60 50.63 51.65 52.67 53.69 54.72 55.74
2013.00 31.74 32.72 33.71 34.69 35.67 36.66 37.64 38.63 39.61 40.59 41.58 42.56 43.55 44.53 45.51 46.50 47.48 48.47 49.45 50.43 51.42 52.40 53.39
2014.00 30.13 31.06 32.00 32.94 33.88 34.82 35.75 36.69 37.63 38.57 39.51 40.44 41.38 42.32 43.26 44.20 45.14 46.07 47.01 47.95 48.89 49.83 50.76
2015.00 28.87 29.80 30.73 31.66 32.59 33.53 34.46 35.39 36.32 37.25 38.18 39.11 40.04 40.97 41.90 42.83 43.76 44.69 45.62 46.56 47.49 48.42 49.35
2016.00 27.31 28.22 29.12 30.03 30.93 31.84 32.75 33.65 34.56 35.47 36.37 37.28 38.19 39.09 40.00 40.90 41.81 42.72 43.62 44.53 45.44 46.34 47.25
2017.00 26.89 27.77 28.64 29.52 30.39 31.27 32.15 33.02 33.90 34.77 35.65 36.52 37.40 38.27 39.15 40.03 40.90 41.78 42.65 43.53 44.40 45.28 46.15
2018.00 -0.20 -0.20 -0.20 -0.20 -0.20 -0.20 -0.20 -0.20 -0.20 -0.20 -0.20 -0.20 -0.20 -0.20 -0.20 -0.20 -0.20 -0.20 -0.20 -0.20 -0.20 -0.20 -0.20
2019.00 0.35 0.35 0.35 0.35 0.35 0.35 0.35 0.35 0.35 0.35 0.35 0.35 0.35 0.35 0.35 0.35 0.35 0.35 0.35 0.35 0.35 0.35 0.35
2020.00 -1.21 -1.21 -1.21 -1.21 -1.21 -1.21 -1.21 -1.21 -1.21 -1.21 -1.21 -1.21 -1.21 -1.21 -1.21 -1.21 -1.21 -1.21 -1.21 -1.21 -1.21 -1.21 -1.21
2021.00 -1.69 -1.69 -1.69 -1.69 -1.69 -1.69 -1.69 -1.69 -1.69 -1.69 -1.69 -1.69 -1.69 -1.69 -1.69 -1.69 -1.69 -1.69 -1.69 -1.69 -1.69 -1.69 -1.69
2022.00 -2.37 -2.37 -2.37 -2.37 -2.37 -2.37 -2.37 -2.37 -2.37 -2.37 -2.37 -2.37 -2.37 -2.37 -2.37 -2.37 -2.37 -2.37 -2.37 -2.37 -2.37 -2.37 -2.37
2023.00 -2.65 -2.65 -2.65 -2.65 -2.65 -2.65 -2.65 -2.65 -2.65 -2.65 -2.65 -2.65 -2.65 -2.65 -2.65 -2.65 -2.65 -2.65 -2.65 -2.65 -2.65 -2.65 -2.65
2024.00 -2.63 -2.63 -2.63 -2.63 -2.63 -2.63 -2.63 -2.63 -2.63 -2.63 -2.63 -2.63 -2.63 -2.63 -2.63 -2.63 -2.63 -2.63 -2.63 -2.63 -2.63 -2.63 -2.63
2025.00 -2.08 -2.08 -2.08 -2.08 -2.08 -2.08 -2.08 -2.08 -2.08 -2.08 -2.08 -2.08 -2.08 -2.08 -2.08 -2.08 -2.08 -2.08 -2.08 -2.08 -2.08 -2.08 -2.08
2026.00 -2.59 -2.59 -2.59 -2.59 -2.59 -2.59 -2.59 -2.59 -2.59 -2.59 -2.59 -2.59 -2.59 -2.59 -2.59 -2.59 -2.59 -2.59 -2.59 -2.59 -2.59 -2.59 -2.59
2027.00 -2.59 -2.59 -2.59 -2.59 -2.59 -2.59 -2.59 -2.59 -2.59 -2.59 -2.59 -2.59 -2.59 -2.59 -2.59 -2.59 -2.59 -2.59 -2.59 -2.59 -2.59 -2.59 -2.59
2028.00 -2.82 -2.82 -2.82 -2.82 -2.82 -2.82 -2.82 -2.82 -2.82 -2.82 -2.82 -2.82 -2.82 -2.82 -2.82 -2.82 -2.82 -2.82 -2.82 -2.82 -2.82 -2.82 -2.82
2029.00 -2.72 -2.72 -2.72 -2.72 -2.72 -2.72 -2.72 -2.72 -2.72 -2.72 -2.72 -2.72 -2.72 -2.72 -2.72 -2.72 -2.72 -2.72 -2.72 -2.72 -2.72 -2.72 -2.72
2030.00 -2.50 -2.50 -2.50 -2.50 -2.50 -2.50 -2.50 -2.50 -2.50 -2.50 -2.50 -2.50 -2.50 -2.50 -2.50 -2.50 -2.50 -2.50 -2.50 -2.50 -2.50 -2.50 -2.50
2031.00 -2.39 -2.39 -2.39 -2.39 -2.39 -2.39 -2.39 -2.39 -2.39 -2.39 -2.39 -2.39 -2.39 -2.39 -2.39 -2.39 -2.39 -2.39 -2.39 -2.39 -2.39 -2.39 -2.39
2032.00 -2.85 -2.85 -2.85 -2.85 -2.85 -2.85 -2.85 -2.85 -2.85 -2.85 -2.85 -2.85 -2.85 -2.85 -2.85 -2.85 -2.85 -2.85 -2.85 -2.85 -2.85 -2.85 -2.85
2033.00 -2.66 -2.66 -2.66 -2.66 -2.66 -2.66 -2.66 -2.66 -2.66 -2.66 -2.66 -2.66 -2.66 -2.66 -2.66 -2.66 -2.66 -2.66 -2.66 -2.66 -2.66 -2.66 -2.66
2034.00 -2.96 -2.96 -2.96 -2.96 -2.96 -2.96 -2.96 -2.96 -2.96 -2.96 -2.96 -2.96 -2.96 -2.96 -2.96 -2.96 -2.96 -2.96 -2.96 -2.96 -2.96 -2.96 -2.96
2035.00 -2.28 -2.28 -2.28 -2.28 -2.28 -2.28 -2.28 -2.28 -2.28 -2.28 -2.28 -2.28 -2.28 -2.28 -2.28 -2.28 -2.28 -2.28 -2.28 -2.28 -2.28 -2.28 -2.28
2036.00 -2.31 -2.31 -2.31 -2.31 -2.31 -2.31 -2.31 -2.31 -2.31 -2.31 -2.31 -2.31 -2.31 -2.31 -2.31 -2.31 -2.31 -2.31 -2.31 -2.31 -2.31 -2.31 -2.31
2037.00 -2.35 -2.35 -2.35 -2.35 -2.35 -2.35 -2.35 -2.35 -2.35 -2.35 -2.35 -2.35 -2.35 -2.35 -2.35 -2.35 -2.35 -2.35 -2.35 -2.35 -2.35 -2.35 -2.35
2038.00 -2.18 -2.18 -2.18 -2.18 -2.18 -2.18 -2.18 -2.18 -2.18 -2.18 -2.18 -2.18 -2.18 -2.18 -2.18 -2.18 -2.18 -2.18 -2.18 -2.18 -2.18 -2.18 -2.18
2039.00 -2.02 -2.02 -2.02 -2.02 -2.02 -2.02 -2.02 -2.02 -2.02 -2.02 -2.02 -2.02 -2.02 -2.02 -2.02 -2.02 -2.02 -2.02 -2.02 -2.02 -2.02 -2.02 -2.02
2040.00 -2.01 -2.01 -2.01 -2.01 -2.01 -2.01 -2.01 -2.01 -2.01 -2.01 -2.01 -2.01 -2.01 -2.01 -2.01 -2.01 -2.01 -2.01 -2.01 -2.01 -2.01 -2.01 -2.01
2041.00 -1.81 -1.81 -1.81 -1.81 -1.81 -1.81 -1.81 -1.81 -1.81 -1.81 -1.81 -1.81 -1.81 -1.81 -1.81 -1.81 -1.81 -1.81 -1.81 -1.81 -1.81 -1.81 -1.81
2042.00 -2.09 -2.09 -2.09 -2.09 -2.09 -2.09 -2.09 -2.09 -2.09 -2.09 -2.09 -2.09 -2.09 -2.09 -2.09 -2.09 -2.09 -2.09 -2.09 -2.09 -2.09 -2.09 -2.09
2043.00 -2.16 -2.16 -2.16 -2.16 -2.16 -2.16 -2.16 -2.16 -2.16 -2.16 -2.16 -2.16 -2.16 -2.16 -2.16 -2.16 -2.16 -2.16 -2.16 -2.16 -2.16 -2.16 -2.16
2044.00 -2.37 -2.37 -2.37 -2.37 -2.37 -2.37 -2.37 -2.37 -2.37 -2.37 -2.37 -2.37 -2.37 -2.37 -2.37 -2.37 -2.37 -2.37 -2.37 -2.37 -2.37 -2.37 -2.37
2045.00 -2.28 -2.28 -2.28 -2.28 -2.28 -2.28 -2.28 -2.28 -2.28 -2.28 -2.28 -2.28 -2.28 -2.28 -2.28 -2.28 -2.28 -2.28 -2.28 -2.28 -2.28 -2.28 -2.28
2046.00 -2.46 -2.46 -2.46 -2.46 -2.46 -2.46 -2.46 -2.46 -2.46 -2.46 -2.46 -2.46 -2.46 -2.46 -2.46 -2.46 -2.46 -2.46 -2.46 -2.46 -2.46 -2.46 -2.46
2047.00 -2.33 -2.33 -2.33 -2.33 -2.33 -2.33 -2.33 -2.33 -2.33 -2.33 -2.33 -2.33 -2.33 -2.33 -2.33 -2.33 -2.33 -2.33 -2.33 -2.33 -2.33 -2.33 -2.33
2048.00 -2.66 -2.66 -2.66 -2.66 -2.66 -2.66 -2.66 -2.66 -2.66 -2.66 -2.66 -2.66 -2.66 -2.66 -2.66 -2.66 -2.66 -2.66 -2.66 -2.66 -2.66 -2.66 -2.66
2049.00 -2.40 -2.40 -2.40 -2.40 -2.40 -2.40 -2.40 -2.40 -2.40 -2.40 -2.40 -2.40 -2.40 -2.40 -2.40 -2.40 -2.40 -2.40 -2.40 -2.40 -2.40 -2.40 -2.40
2050.00 -2.48 -2.48 -2.48 -2.48 -2.48 -2.48 -2.48 -2.48 -2.48 -2.48 -2.48 -2.48 -2.48 -2.48 -2.48 -2.48 -2.48 -2.48 -2.48 -2.48 -2.48 -2.48 -2.48
2051.00 -2.23 -2.23 -2.23 -2.23 -2.23 -2.23 -2.23 -2.23 -2.23 -2.23 -2.23 -2.23 -2.23 -2.23 -2.23 -2.23 -2.23 -2.23 -2.23 -2.23 -2.23 -2.23 -2.23
2052.00 -2.35 -2.35 -2.35 -2.35 -2.35 -2.35 -2.35 -2.35 -2.35 -2.35 -2.35 -2.35 -2.35 -2.35 -2.35 -2.35 -2.35 -2.35 -2.35 -2.35 -2.35 -2.35 -2.35
2053.00 -2.15 -2.15 -2.15 -2.15 -2.15 -2.15 -2.15 -2.15 -2.15 -2.15 -2.15 -2.15 -2.15 -2.15 -2.15 -2.15 -2.15 -2.15 -2.15 -2.15 -2.15 -2.15 -2.15
2054.00 -2.39 -2.39 -2.39 -2.39 -2.39 -2.39 -2.39 -2.39 -2.39 -2.39 -2.39 -2.39 -2.39 -2.39 -2.39 -2.39 -2.39 -2.39 -2.39 -2.39 -2.39 -2.39 -2.39
2055.00 -2.47 -2.47 -2.47 -2.47 -2.47 -2.47 -2.47 -2.47 -2.47 -2.47 -2.47 -2.47 -2.47 -2.47 -2.47 -2.47 -2.47 -2.47 -2.47 -2.47 -2.47 -2.47 -2.47
2056.00 -2.45 -2.45 -2.45 -2.45 -2.45 -2.45 -2.45 -2.45 -2.45 -2.45 -2.45 -2.45 -2.45 -2.45 -2.45 -2.45 -2.45 -2.45 -2.45 -2.45 -2.45 -2.45 -2.45
2057.00 -2.36 -2.36 -2.36 -2.36 -2.36 -2.36 -2.36 -2.36 -2.36 -2.36 -2.36 -2.36 -2.36 -2.36 -2.36 -2.36 -2.36 -2.36 -2.36 -2.36 -2.36 -2.36 -2.36
2058.00 -2.44 -2.44 -2.44 -2.44 -2.44 -2.44 -2.44 -2.44 -2.44 -2.44 -2.44 -2.44 -2.44 -2.44 -2.44 -2.44 -2.44 -2.44 -2.44 -2.44 -2.44 -2.44 -2.44
2059.00 -2.26 -2.26 -2.26 -2.26 -2.26 -2.26 -2.26 -2.26 -2.26 -2.26 -2.26 -2.26 -2.26 -2.26 -2.26 -2.26 -2.26 -2.26 -2.26 -2.26 -2.26 -2.26 -2.26
2060.00 -2.43 -2.43 -2.43 -2.43 -2.43 -2.43 -2.43 -2.43 -2.43 -2.43 -2.43 -2.43 -2.43 -2.43 -2.43 -2.43 -2.43 -2.43 -2.43 -2.43 -2.43 -2.43 -2.43
2061.00 -2.29 -2.29 -2.29 -2.29 -2.29 -2.29 -2.29 -2.29 -2.29 -2.29 -2.29 -2.29 -2.29 -2.29 -2.29 -2.29 -2.29 -2.29 -2.29 -2.29 -2.29 -2.29 -2.29
2062.00 -2.24 -2.24 -2.24 -2.24 -2.24 -2.24 -2.24 -2.24 -2.24 -2.24 -2.24 -2.24 -2.24 -2.24 -2.24 -2.24 -2.24 -2.24 -2.24 -2.24 -2.24 -2.24 -2.24
2063.00 -2.08 -2.08 -2.08 -2.08 -2.08 -2.08 -2.08 -2.08 -2.08 -2.08 -2.08 -2.08 -2.08 -2.08 -2.08 -2.08 -2.08 -2.08 -2.08 -2.08 -2.08 -2.08 -2.08
2064.00 -2.06 -2.06 -2.06 -2.06 -2.06 -2.06 -2.06 -2.06 -2.06 -2.06 -2.06 -2.06 -2.06 -2.06 -2.06 -2.06 -2.06 -2.06 -2.06 -2.06 -2.06 -2.06 -2.06
2065.00 -1.98 -1.98 -1.98 -1.98 -1.98 -1.98 -1.98 -1.98 -1.98 -1.98 -1.98 -1.98 -1.98 -1.98 -1.98 -1.98 -1.98 -1.98 -1.98 -1.98 -1.98 -1.98 -1.98
