# yearspad, alpred
# [0.6  0.62 0.64 0.66 0.68 0.7  0.72 0.74 0.76 0.78 0.8  0.82 0.84 0.86
#  0.88 0.9  0.92 0.94 0.96 0.98 1.   1.02 1.04]
1922.00 0.49 0.49 0.49 0.49 0.49 0.49 0.49 0.49 0.49 0.49 0.49 0.49 0.49 0.49 0.49 0.49 0.49 0.49 0.49 0.49 0.49 0.49 0.49
1923.00 -0.11 -0.11 -0.11 -0.11 -0.11 -0.11 -0.11 -0.11 -0.11 -0.11 -0.11 -0.11 -0.11 -0.11 -0.11 -0.11 -0.11 -0.11 -0.11 -0.11 -0.11 -0.11 -0.11
1924.00 -0.43 -0.43 -0.43 -0.43 -0.43 -0.43 -0.43 -0.43 -0.43 -0.43 -0.43 -0.43 -0.43 -0.43 -0.43 -0.43 -0.43 -0.43 -0.43 -0.43 -0.43 -0.43 -0.43
1925.00 -1.20 -1.20 -1.20 -1.20 -1.20 -1.20 -1.20 -1.20 -1.20 -1.20 -1.20 -1.20 -1.20 -1.20 -1.20 -1.20 -1.20 -1.20 -1.20 -1.20 -1.20 -1.20 -1.20
1926.00 -1.66 -1.66 -1.66 -1.66 -1.66 -1.66 -1.66 -1.66 -1.66 -1.66 -1.66 -1.66 -1.66 -1.66 -1.66 -1.66 -1.66 -1.66 -1.66 -1.66 -1.66 -1.66 -1.66
1927.00 -1.89 -1.89 -1.89 -1.89 -1.89 -1.89 -1.89 -1.89 -1.89 -1.89 -1.89 -1.89 -1.89 -1.89 -1.89 -1.89 -1.89 -1.89 -1.89 -1.89 -1.89 -1.89 -1.89
1928.00 -2.69 -2.69 -2.69 -2.69 -2.69 -2.69 -2.69 -2.69 -2.69 -2.69 -2.69 -2.69 -2.69 -2.69 -2.69 -2.69 -2.69 -2.69 -2.69 -2.69 -2.69 -2.69 -2.69
1929.00 -3.22 -3.22 -3.22 -3.22 -3.22 -3.22 -3.22 -3.22 -3.22 -3.22 -3.22 -3.22 -3.22 -3.22 -3.22 -3.22 -3.22 -3.22 -3.22 -3.22 -3.22 -3.22 -3.22
1930.00 -3.99 -3.99 -3.99 -3.99 -3.99 -3.99 -3.99 -3.99 -3.99 -3.99 -3.99 -3.99 -3.99 -3.99 -3.99 -3.99 -3.99 -3.99 -3.99 -3.99 -3.99 -3.99 -3.99
1931.00 -4.59 -4.59 -4.59 -4.59 -4.59 -4.59 -4.59 -4.59 -4.59 -4.59 -4.59 -4.59 -4.59 -4.59 -4.59 -4.59 -4.59 -4.59 -4.59 -4.59 -4.59 -4.59 -4.59
1932.00 -5.06 -5.06 -5.06 -5.06 -5.06 -5.06 -5.06 -5.06 -5.06 -5.06 -5.06 -5.06 -5.06 -5.06 -5.06 -5.06 -5.06 -5.06 -5.06 -5.06 -5.06 -5.06 -5.06
1933.00 -5.64 -5.64 -5.64 -5.64 -5.64 -5.64 -5.64 -5.64 -5.64 -5.64 -5.64 -5.64 -5.64 -5.64 -5.64 -5.64 -5.64 -5.64 -5.64 -5.64 -5.64 -5.64 -5.64
1934.00 -6.13 -6.13 -6.13 -6.13 -6.13 -6.13 -6.13 -6.13 -6.13 -6.13 -6.13 -6.13 -6.13 -6.13 -6.13 -6.13 -6.13 -6.13 -6.13 -6.13 -6.13 -6.13 -6.13
1935.00 -6.85 -6.85 -6.85 -6.85 -6.85 -6.85 -6.85 -6.85 -6.85 -6.85 -6.85 -6.85 -6.85 -6.85 -6.85 -6.85 -6.85 -6.85 -6.85 -6.85 -6.85 -6.85 -6.85
1936.00 -7.42 -7.42 -7.42 -7.42 -7.42 -7.42 -7.42 -7.42 -7.42 -7.42 -7.42 -7.42 -7.42 -7.42 -7.42 -7.42 -7.42 -7.42 -7.42 -7.42 -7.42 -7.42 -7.42
1937.00 -8.02 -8.02 -8.02 -8.02 -8.02 -8.02 -8.02 -8.02 -8.02 -8.02 -8.02 -8.02 -8.02 -8.02 -8.02 -8.02 -8.02 -8.02 -8.02 -8.02 -8.02 -8.02 -8.02
1938.00 -8.36 -8.36 -8.36 -8.36 -8.36 -8.36 -8.36 -8.36 -8.36 -8.36 -8.36 -8.36 -8.36 -8.36 -8.36 -8.36 -8.36 -8.36 -8.36 -8.36 -8.36 -8.36 -8.36
1939.00 -9.11 -9.11 -9.11 -9.11 -9.11 -9.11 -9.11 -9.11 -9.11 -9.11 -9.11 -9.11 -9.11 -9.11 -9.11 -9.11 -9.11 -9.11 -9.11 -9.11 -9.11 -9.11 -9.11
1940.00 -9.61 -9.61 -9.61 -9.61 -9.61 -9.61 -9.61 -9.61 -9.61 -9.61 -9.61 -9.61 -9.61 -9.61 -9.61 -9.61 -9.61 -9.61 -9.61 -9.61 -9.61 -9.61 -9.61
1941.00 -10.23 -10.23 -10.23 -10.23 -10.23 -10.23 -10.23 -10.23 -10.23 -10.23 -10.23 -10.23 -10.23 -10.23 -10.23 -10.23 -10.23 -10.23 -10.23 -10.23 -10.23 -10.23 -10.23
1942.00 -10.90 -10.90 -10.90 -10.90 -10.90 -10.90 -10.90 -10.90 -10.90 -10.90 -10.90 -10.90 -10.90 -10.90 -10.90 -10.90 -10.90 -10.90 -10.90 -10.90 -10.90 -10.90 -10.90
1943.00 -11.11 -11.11 -11.11 -11.11 -11.11 -11.11 -11.11 -11.11 -11.11 -11.11 -11.11 -11.11 -11.11 -11.11 -11.11 -11.11 -11.11 -11.11 -11.11 -11.11 -11.11 -11.11 -11.11
1944.00 -11.60 -11.60 -11.60 -11.60 -11.60 -11.60 -11.60 -11.60 -11.60 -11.60 -11.60 -11.60 -11.60 -11.60 -11.60 -11.60 -11.60 -11.60 -11.60 -11.60 -11.60 -11.60 -11.60
1945.00 -11.34 -11.34 -11.34 -11.34 -11.34 -11.34 -11.34 -11.34 -11.34 -11.34 -11.34 -11.34 -11.34 -11.34 -11.34 -11.34 -11.34 -11.34 -11.34 -11.34 -11.34 -11.34 -11.34
1946.00 -12.25 -12.25 -12.25 -12.25 -12.25 -12.25 -12.25 -12.25 -12.25 -12.25 -12.25 -12.25 -12.25 -12.25 -12.25 -12.25 -12.25 -12.25 -12.25 -12.25 -12.25 -12.25 -12.25
1947.00 -12.49 -12.49 -12.49 -12.49 -12.49 -12.49 -12.49 -12.49 -12.49 -12.49 -12.49 -12.49 -12.49 -12.49 -12.49 -12.49 -12.49 -12.49 -12.49 -12.49 -12.49 -12.49 -12.49
1948.00 -13.50 -13.50 -13.50 -13.50 -13.50 -13.50 -13.50 -13.50 -13.50 -13.50 -13.50 -13.50 -13.50 -13.50 -13.50 -13.50 -13.50 -13.50 -13.50 -13.50 -13.50 -13.50 -13.50
1949.00 -13.74 -13.74 -13.74 -13.74 -13.74 -13.74 -13.74 -13.74 -13.74 -13.74 -13.74 -13.74 -13.74 -13.74 -13.74 -13.74 -13.74 -13.74 -13.74 -13.74 -13.74 -13.74 -13.74
1950.00 -14.39 -14.39 -14.39 -14.39 -14.39 -14.39 -14.39 -14.39 -14.39 -14.39 -14.39 -14.39 -14.39 -14.39 -14.39 -14.39 -14.39 -14.39 -14.39 -14.39 -14.39 -14.39 -14.39
1951.00 -14.49 -14.49 -14.49 -14.49 -14.49 -14.49 -14.49 -14.49 -14.49 -14.49 -14.49 -14.49 -14.49 -14.49 -14.49 -14.49 -14.49 -14.49 -14.49 -14.49 -14.49 -14.49 -14.49
1952.00 -14.90 -14.90 -14.90 -14.90 -14.90 -14.90 -14.90 -14.90 -14.90 -14.90 -14.90 -14.90 -14.90 -14.90 -14.90 -14.90 -14.90 -14.90 -14.90 -14.90 -14.90 -14.90 -14.90
1953.00 -15.14 -15.14 -15.14 -15.14 -15.14 -15.14 -15.14 -15.14 -15.14 -15.14 -15.14 -15.14 -15.14 -15.14 -15.14 -15.14 -15.14 -15.14 -15.14 -15.14 -15.14 -15.14 -15.14
1954.00 -15.08 -15.08 -15.08 -15.08 -15.08 -15.08 -15.08 -15.08 -15.08 -15.08 -15.08 -15.08 -15.08 -15.08 -15.08 -15.08 -15.08 -15.08 -15.08 -15.08 -15.08 -15.08 -15.08
1955.00 -15.16 -15.16 -15.16 -15.16 -15.16 -15.16 -15.16 -15.16 -15.16 -15.16 -15.16 -15.16 -15.16 -15.16 -15.16 -15.16 -15.16 -15.16 -15.16 -15.16 -15.16 -15.16 -15.16
1956.00 -15.66 -15.66 -15.66 -15.66 -15.66 -15.66 -15.66 -15.66 -15.66 -15.66 -15.66 -15.66 -15.66 -15.66 -15.66 -15.66 -15.66 -15.66 -15.66 -15.66 -15.66 -15.66 -15.66
1957.00 -15.99 -15.99 -15.99 -15.99 -15.99 -15.99 -15.99 -15.99 -15.99 -15.99 -15.99 -15.99 -15.99 -15.99 -15.99 -15.99 -15.99 -15.99 -15.99 -15.99 -15.99 -15.99 -15.99
1958.00 -16.26 -16.26 -16.26 -16.26 -16.26 -16.26 -16.26 -16.26 -16.26 -16.26 -16.26 -16.26 -16.26 -16.26 -16.26 -16.26 -16.26 -16.26 -16.26 -16.26 -16.26 -16.26 -16.26
1959.00 -16.57 -16.57 -16.57 -16.57 -16.57 -16.57 -16.57 -16.57 -16.57 -16.57 -16.57 -16.57 -16.57 -16.57 -16.57 -16.57 -16.57 -16.57 -16.57 -16.57 -16.57 -16.57 -16.57
1960.00 -16.34 -16.34 -16.34 -16.34 -16.34 -16.34 -16.34 -16.34 -16.34 -16.34 -16.34 -16.34 -16.34 -16.34 -16.34 -16.34 -16.34 -16.34 -16.34 -16.34 -16.34 -16.34 -16.34
1961.00 -16.38 -16.38 -16.38 -16.38 -16.38 -16.38 -16.38 -16.38 -16.38 -16.38 -16.38 -16.38 -16.38 -16.38 -16.38 -16.38 -16.38 -16.38 -16.38 -16.38 -16.38 -16.38 -16.38
1962.00 -17.07 -17.07 -17.07 -17.07 -17.07 -17.07 -17.07 -17.07 -17.07 -17.07 -17.07 -17.07 -17.07 -17.07 -17.07 -17.07 -17.07 -17.07 -17.07 -17.07 -17.07 -17.07 -17.07
1963.00 -17.58 -17.58 -17.58 -17.58 -17.58 -17.58 -17.58 -17.58 -17.58 -17.58 -17.58 -17.58 -17.58 -17.58 -17.58 -17.58 -17.58 -17.58 -17.58 -17.58 -17.58 -17.58 -17.58
1964.00 -18.21 -18.21 -18.21 -18.21 -18.21 -18.21 -18.21 -18.21 -18.21 -18.21 -18.21 -18.21 -18.21 -18.21 -18.21 -18.21 -18.21 -18.21 -18.21 -18.21 -18.21 -18.21 -18.21
1965.00 -18.53 -18.53 -18.53 -18.53 -18.53 -18.53 -18.53 -18.53 -18.53 -18.53 -18.53 -18.53 -18.53 -18.53 -18.53 -18.53 -18.53 -18.53 -18.53 -18.53 -18.53 -18.53 -18.53
1966.00 -19.03 -19.03 -19.03 -19.03 -19.03 -19.03 -19.03 -19.03 -19.03 -19.03 -19.03 -19.03 -19.03 -19.03 -19.03 -19.03 -19.03 -19.03 -19.03 -19.03 -19.03 -19.03 -19.03
1967.00 -18.97 -18.97 -18.97 -18.97 -18.97 -18.97 -18.97 -18.97 -18.97 -18.97 -18.97 -18.97 -18.97 -18.97 -18.97 -18.97 -18.97 -18.97 -18.97 -18.97 -18.97 -18.97 -18.97
1968.00 -19.08 -19.08 -19.08 -19.08 -19.08 -19.08 -19.08 -19.08 -19.08 -19.08 -19.08 -19.08 -19.08 -19.08 -19.08 -19.08 -19.08 -19.08 -19.08 -19.08 -19.08 -19.08 -19.08
1969.00 -18.23 -18.23 -18.23 -18.23 -18.23 -18.23 -18.23 -18.23 -18.23 -18.23 -18.23 -18.23 -18.23 -18.23 -18.23 -18.23 -18.23 -18.23 -18.23 -18.23 -18.23 -18.23 -18.23
1970.00 103.71 103.71 103.71 103.71 103.71 103.71 103.71 103.71 103.71 103.71 103.71 103.71 103.71 103.71 103.71 103.71 103.71 103.71 103.71 103.71 103.71 103.71 103.71
1971.00 114.88 114.88 114.88 114.88 114.88 114.88 114.88 114.88 114.88 114.88 114.88 114.88 114.88 114.88 114.88 114.88 114.88 114.88 114.88 114.88 114.88 114.88 114.88
1972.00 118.77 118.77 118.77 118.77 118.77 118.77 118.77 118.77 118.77 118.77 118.77 118.77 118.77 118.77 118.77 118.77 118.77 118.77 118.77 118.77 118.77 118.77 118.77
1973.00 125.45 125.45 125.45 125.45 125.45 125.45 125.45 125.45 125.45 125.45 125.45 125.45 125.45 125.45 125.45 125.45 125.45 125.45 125.45 125.45 125.45 125.45 125.45
1974.00 129.66 129.66 129.66 129.66 129.66 129.66 129.66 129.66 129.66 129.66 129.66 129.66 129.66 129.66 129.66 129.66 129.66 129.66 129.66 129.66 129.66 129.66 129.66
1975.00 130.56 130.56 130.56 130.56 130.56 130.56 130.56 130.56 130.56 130.56 130.56 130.56 130.56 130.56 130.56 130.56 130.56 130.56 130.56 130.56 130.56 130.56 130.56
1976.00 136.79 136.79 136.79 136.79 136.79 136.79 136.79 136.79 136.79 136.79 136.79 136.79 136.79 136.79 136.79 136.79 136.79 136.79 136.79 136.79 136.79 136.79 136.79
1977.00 137.23 137.23 137.23 137.23 137.23 137.23 137.23 137.23 137.23 137.23 137.23 137.23 137.23 137.23 137.23 137.23 137.23 137.23 137.23 137.23 137.23 137.23 137.23
1978.00 140.32 140.32 140.32 140.32 140.32 140.32 140.32 140.32 140.32 140.32 140.32 140.32 140.32 140.32 140.32 140.32 140.32 140.32 140.32 140.32 140.32 140.32 140.32
1979.00 135.76 135.76 135.76 135.76 135.76 135.76 135.76 135.76 135.76 135.76 135.76 135.76 135.76 135.76 135.76 135.76 135.76 135.76 135.76 135.76 135.76 135.76 135.76
1980.00 138.24 138.24 138.24 138.24 138.24 138.24 138.24 138.24 138.24 138.24 138.24 138.24 138.24 138.24 138.24 138.24 138.24 138.24 138.24 138.24 138.24 138.24 138.24
1981.00 136.15 136.15 136.15 136.15 136.15 136.15 136.15 136.15 136.15 136.15 136.15 136.15 136.15 136.15 136.15 136.15 136.15 136.15 136.15 136.15 136.15 136.15 136.15
1982.00 135.99 135.99 135.99 135.99 135.99 135.99 135.99 135.99 135.99 135.99 135.99 135.99 135.99 135.99 135.99 135.99 135.99 135.99 135.99 135.99 135.99 135.99 135.99
1983.00 131.11 131.11 131.11 131.11 131.11 131.11 131.11 131.11 131.11 131.11 131.11 131.11 131.11 131.11 131.11 131.11 131.11 131.11 131.11 131.11 131.11 131.11 131.11
1984.00 126.99 126.99 126.99 126.99 126.99 126.99 126.99 126.99 126.99 126.99 126.99 126.99 126.99 126.99 126.99 126.99 126.99 126.99 126.99 126.99 126.99 126.99 126.99
1985.00 125.45 125.45 125.45 125.45 125.45 125.45 125.45 125.45 125.45 125.45 125.45 125.45 125.45 125.45 125.45 125.45 125.45 125.45 125.45 125.45 125.45 125.45 125.45
1986.00 126.58 126.58 126.58 126.58 126.58 126.58 126.58 126.58 126.58 126.58 126.58 126.58 126.58 126.58 126.58 126.58 126.58 126.58 126.58 126.58 126.58 126.58 126.58
1987.00 126.56 126.56 126.56 126.56 126.56 126.56 126.56 126.56 126.56 126.56 126.56 126.56 126.56 126.56 126.56 126.56 126.56 126.56 126.56 126.56 126.56 126.56 126.56
1988.00 79.08 81.28 83.49 85.69 87.90 90.10 92.31 94.51 96.72 98.92 101.13 103.33 105.54 107.74 109.95 112.15 114.36 116.56 118.77 120.97 123.17 125.38 127.58
1989.00 77.29 79.42 81.54 83.67 85.80 87.92 90.05 92.18 94.30 96.43 98.56 100.68 102.81 104.94 107.06 109.19 111.32 113.44 115.57 117.70 119.82 121.95 124.08
1990.00 75.15 77.19 79.23 81.28 83.32 85.36 87.40 89.44 91.48 93.52 95.56 97.60 99.64 101.68 103.72 105.76 107.80 109.84 111.89 113.93 115.97 118.01 120.05
1991.00 73.50 75.50 77.49 79.48 81.48 83.47 85.47 87.46 89.45 91.45 93.44 95.43 97.43 99.42 101.41 103.41 105.40 107.40 109.39 111.38 113.38 115.37 117.36
1992.00 72.67 74.65 76.62 78.59 80.57 82.54 84.51 86.49 88.46 90.43 92.41 94.38 96.35 98.32 100.30 102.27 104.24 106.22 108.19 110.16 112.14 114.11 116.08
1993.00 71.72 73.66 75.60 77.54 79.49 81.43 83.37 85.31 87.26 89.20 91.14 93.08 95.02 96.97 98.91 100.85 102.79 104.74 106.68 108.62 110.56 112.50 114.45
1994.00 70.68 72.59 74.51 76.42 78.33 80.25 82.16 84.08 85.99 87.90 89.82 91.73 93.65 95.56 97.47 99.39 101.30 103.22 105.13 107.04 108.96 110.87 112.79
1995.00 70.38 72.29 74.20 76.12 78.03 79.94 81.86 83.77 85.68 87.60 89.51 91.43 93.34 95.25 97.17 99.08 100.99 102.91 104.82 106.73 108.65 110.56 112.47
1996.00 69.11 70.99 72.86 74.74 76.61 78.49 80.36 82.23 84.11 85.98 87.86 89.73 91.61 93.48 95.36 97.23 99.11 100.98 102.86 104.73 106.61 108.48 110.36
1997.00 68.56 70.42 72.27 74.13 75.99 77.84 79.70 81.56 83.41 85.27 87.13 88.98 90.84 92.70 94.55 96.41 98.27 100.12 101.98 103.84 105.69 107.55 109.41
1998.00 67.58 69.41 71.24 73.07 74.89 76.72 78.55 80.38 82.20 84.03 85.86 87.69 89.51 91.34 93.17 95.00 96.82 98.65 100.48 102.30 104.13 105.96 107.79
1999.00 65.93 67.70 69.47 71.24 73.01 74.78 76.55 78.33 80.10 81.87 83.64 85.41 87.18 88.95 90.72 92.49 94.26 96.03 97.80 99.57 101.34 103.11 104.88
2000.00 62.97 64.64 66.31 67.98 69.65 71.31 72.98 74.65 76.32 77.99 79.65 81.32 82.99 84.66 86.33 87.99 89.66 91.33 93.00 94.67 96.33 98.00 99.67
2001.00 60.66 62.27 63.88 65.49 67.11 68.72 70.33 71.94 73.56 75.17 76.78 78.39 80.01 81.62 83.23 84.84 86.46 88.07 89.68 91.29 92.90 94.52 96.13
2002.00 59.71 61.29 62.86 64.44 66.02 67.59 69.17 70.75 72.32 73.90 75.48 77.05 78.63 80.21 81.78 83.36 84.94 86.51 88.09 89.67 91.24 92.82 94.40
2003.00 58.79 60.34 61.89 63.44 64.99 66.54 68.09 69.64 71.19 72.73 74.28 75.83 77.38 78.93 80.48 82.03 83.58 85.13 86.68 88.23 89.78 91.33 92.87
2004.00 56.56 58.01 59.45 60.90 62.35 63.80 65.24 66.69 68.14 69.59 71.03 72.48 73.93 75.38 76.82 78.27 79.72 81.17 82.61 84.06 85.51 86.96 88.40
2005.00 55.55 56.97 58.39 59.81 61.23 62.65 64.08 65.50 66.92 68.34 69.76 71.18 72.60 74.02 75.44 76.86 78.28 79.70 81.12 82.54 83.96 85.38 86.80
2006.00 54.59 55.98 57.36 58.74 60.12 61.50 62.88 64.26 65.64 67.03 68.41 69.79 71.17 72.55 73.93 75.31 76.69 78.08 79.46 80.84 82.22 83.60 84.98
2007.00 52.91 54.25 55.59 56.93 58.27 59.62 60.96 62.30 63.64 64.98 66.32 67.66 69.01 70.35 71.69 73.03 74.37 75.71 77.05 78.39 79.74 81.08 82.42
2008.00 49.73 50.98 52.23 53.48 54.73 55.98 57.23 58.48 59.73 60.98 62.23 63.47 64.72 65.97 67.22 68.47 69.72 70.97 72.22 73.47 74.72 75.97 77.22
2009.00 47.59 48.77 49.96 51.15 52.34 53.52 54.71 55.90 57.09 58.27 59.46 60.65 61.84 63.02 64.21 65.40 66.59 67.77 68.96 70.15 71.34 72.52 73.71
2010.00 43.91 44.98 46.05 47.13 48.20 49.27 50.35 51.42 52.49 53.57 54.64 55.71 56.79 57.86 58.93 60.01 61.08 62.15 63.23 64.30 65.37 66.44 67.52
2011.00 42.73 43.77 44.82 45.86 46.90 47.95 48.99 50.03 51.08 52.12 53.17 54.21 55.25 56.30 57.34 58.38 59.43 60.47 61.52 62.56 63.60 64.65 65.69
2012.00 41.38 42.39 43.41 44.42 45.43 46.44 47.45 48.47 49.48 50.49 51.50 52.51 53.53 54.54 55.55 56.56 57.57 58.59 59.60 60.61 61.62 62.63 63.64
2013.00 40.16 41.13 42.11 43.08 44.05 45.03 46.00 46.97 47.95 48.92 49.89 50.87 51.84 52.81 53.79 54.76 55.73 56.71 57.68 58.65 59.63 60.60 61.57
2014.00 38.11 39.04 39.97 40.90 41.83 42.76 43.69 44.62 45.54 46.47 47.40 48.33 49.26 50.19 51.12 52.05 52.98 53.91 54.84 55.77 56.70 57.62 58.55
2015.00 37.83 38.76 39.68 40.60 41.53 42.45 43.37 44.29 45.22 46.14 47.06 47.99 48.91 49.83 50.76 51.68 52.60 53.52 54.45 55.37 56.29 57.22 58.14
2016.00 36.21 37.11 38.00 38.90 39.80 40.70 41.59 42.49 43.39 44.29 45.18 46.08 46.98 47.88 48.77 49.67 50.57 51.47 52.36 53.26 54.16 55.06 55.95
2017.00 34.89 35.76 36.63 37.49 38.36 39.23 40.10 40.96 41.83 42.70 43.56 44.43 45.30 46.16 47.03 47.90 48.77 49.63 50.50 51.37 52.23 53.10 53.97
2018.00 8.24 8.24 8.24 8.24 8.24 8.24 8.24 8.24 8.24 8.24 8.24 8.24 8.24 8.24 8.24 8.24 8.24 8.24 8.24 8.24 8.24 8.24 8.24
2019.00 7.48 7.48 7.48 7.48 7.48 7.48 7.48 7.48 7.48 7.48 7.48 7.48 7.48 7.48 7.48 7.48 7.48 7.48 7.48 7.48 7.48 7.48 7.48
2020.00 7.05 7.05 7.05 7.05 7.05 7.05 7.05 7.05 7.05 7.05 7.05 7.05 7.05 7.05 7.05 7.05 7.05 7.05 7.05 7.05 7.05 7.05 7.05
2021.00 6.48 6.48 6.48 6.48 6.48 6.48 6.48 6.48 6.48 6.48 6.48 6.48 6.48 6.48 6.48 6.48 6.48 6.48 6.48 6.48 6.48 6.48 6.48
2022.00 5.93 5.93 5.93 5.93 5.93 5.93 5.93 5.93 5.93 5.93 5.93 5.93 5.93 5.93 5.93 5.93 5.93 5.93 5.93 5.93 5.93 5.93 5.93
2023.00 5.61 5.61 5.61 5.61 5.61 5.61 5.61 5.61 5.61 5.61 5.61 5.61 5.61 5.61 5.61 5.61 5.61 5.61 5.61 5.61 5.61 5.61 5.61
2024.00 4.97 4.97 4.97 4.97 4.97 4.97 4.97 4.97 4.97 4.97 4.97 4.97 4.97 4.97 4.97 4.97 4.97 4.97 4.97 4.97 4.97 4.97 4.97
2025.00 4.54 4.54 4.54 4.54 4.54 4.54 4.54 4.54 4.54 4.54 4.54 4.54 4.54 4.54 4.54 4.54 4.54 4.54 4.54 4.54 4.54 4.54 4.54
2026.00 4.01 4.01 4.01 4.01 4.01 4.01 4.01 4.01 4.01 4.01 4.01 4.01 4.01 4.01 4.01 4.01 4.01 4.01 4.01 4.01 4.01 4.01 4.01
2027.00 3.82 3.82 3.82 3.82 3.82 3.82 3.82 3.82 3.82 3.82 3.82 3.82 3.82 3.82 3.82 3.82 3.82 3.82 3.82 3.82 3.82 3.82 3.82
2028.00 3.50 3.50 3.50 3.50 3.50 3.50 3.50 3.50 3.50 3.50 3.50 3.50 3.50 3.50 3.50 3.50 3.50 3.50 3.50 3.50 3.50 3.50 3.50
2029.00 3.19 3.19 3.19 3.19 3.19 3.19 3.19 3.19 3.19 3.19 3.19 3.19 3.19 3.19 3.19 3.19 3.19 3.19 3.19 3.19 3.19 3.19 3.19
2030.00 2.93 2.93 2.93 2.93 2.93 2.93 2.93 2.93 2.93 2.93 2.93 2.93 2.93 2.93 2.93 2.93 2.93 2.93 2.93 2.93 2.93 2.93 2.93
2031.00 2.79 2.79 2.79 2.79 2.79 2.79 2.79 2.79 2.79 2.79 2.79 2.79 2.79 2.79 2.79 2.79 2.79 2.79 2.79 2.79 2.79 2.79 2.79
2032.00 2.43 2.43 2.43 2.43 2.43 2.43 2.43 2.43 2.43 2.43 2.43 2.43 2.43 2.43 2.43 2.43 2.43 2.43 2.43 2.43 2.43 2.43 2.43
2033.00 2.16 2.16 2.16 2.16 2.16 2.16 2.16 2.16 2.16 2.16 2.16 2.16 2.16 2.16 2.16 2.16 2.16 2.16 2.16 2.16 2.16 2.16 2.16
2034.00 1.76 1.76 1.76 1.76 1.76 1.76 1.76 1.76 1.76 1.76 1.76 1.76 1.76 1.76 1.76 1.76 1.76 1.76 1.76 1.76 1.76 1.76 1.76
2035.00 1.39 1.39 1.39 1.39 1.39 1.39 1.39 1.39 1.39 1.39 1.39 1.39 1.39 1.39 1.39 1.39 1.39 1.39 1.39 1.39 1.39 1.39 1.39
2036.00 1.30 1.30 1.30 1.30 1.30 1.30 1.30 1.30 1.30 1.30 1.30 1.30 1.30 1.30 1.30 1.30 1.30 1.30 1.30 1.30 1.30 1.30 1.30
2037.00 1.33 1.33 1.33 1.33 1.33 1.33 1.33 1.33 1.33 1.33 1.33 1.33 1.33 1.33 1.33 1.33 1.33 1.33 1.33 1.33 1.33 1.33 1.33
2038.00 1.30 1.30 1.30 1.30 1.30 1.30 1.30 1.30 1.30 1.30 1.30 1.30 1.30 1.30 1.30 1.30 1.30 1.30 1.30 1.30 1.30 1.30 1.30
2039.00 1.35 1.35 1.35 1.35 1.35 1.35 1.35 1.35 1.35 1.35 1.35 1.35 1.35 1.35 1.35 1.35 1.35 1.35 1.35 1.35 1.35 1.35 1.35
2040.00 1.35 1.35 1.35 1.35 1.35 1.35 1.35 1.35 1.35 1.35 1.35 1.35 1.35 1.35 1.35 1.35 1.35 1.35 1.35 1.35 1.35 1.35 1.35
2041.00 1.37 1.37 1.37 1.37 1.37 1.37 1.37 1.37 1.37 1.37 1.37 1.37 1.37 1.37 1.37 1.37 1.37 1.37 1.37 1.37 1.37 1.37 1.37
2042.00 1.26 1.26 1.26 1.26 1.26 1.26 1.26 1.26 1.26 1.26 1.26 1.26 1.26 1.26 1.26 1.26 1.26 1.26 1.26 1.26 1.26 1.26 1.26
2043.00 1.32 1.32 1.32 1.32 1.32 1.32 1.32 1.32 1.32 1.32 1.32 1.32 1.32 1.32 1.32 1.32 1.32 1.32 1.32 1.32 1.32 1.32 1.32
2044.00 1.14 1.14 1.14 1.14 1.14 1.14 1.14 1.14 1.14 1.14 1.14 1.14 1.14 1.14 1.14 1.14 1.14 1.14 1.14 1.14 1.14 1.14 1.14
2045.00 1.07 1.07 1.07 1.07 1.07 1.07 1.07 1.07 1.07 1.07 1.07 1.07 1.07 1.07 1.07 1.07 1.07 1.07 1.07 1.07 1.07 1.07 1.07
2046.00 0.99 0.99 0.99 0.99 0.99 0.99 0.99 0.99 0.99 0.99 0.99 0.99 0.99 0.99 0.99 0.99 0.99 0.99 0.99 0.99 0.99 0.99 0.99
2047.00 0.94 0.94 0.94 0.94 0.94 0.94 0.94 0.94 0.94 0.94 0.94 0.94 0.94 0.94 0.94 0.94 0.94 0.94 0.94 0.94 0.94 0.94 0.94
2048.00 0.86 0.86 0.86 0.86 0.86 0.86 0.86 0.86 0.86 0.86 0.86 0.86 0.86 0.86 0.86 0.86 0.86 0.86 0.86 0.86 0.86 0.86 0.86
2049.00 0.91 0.91 0.91 0.91 0.91 0.91 0.91 0.91 0.91 0.91 0.91 0.91 0.91 0.91 0.91 0.91 0.91 0.91 0.91 0.91 0.91 0.91 0.91
2050.00 0.91 0.91 0.91 0.91 0.91 0.91 0.91 0.91 0.91 0.91 0.91 0.91 0.91 0.91 0.91 0.91 0.91 0.91 0.91 0.91 0.91 0.91 0.91
2051.00 0.93 0.93 0.93 0.93 0.93 0.93 0.93 0.93 0.93 0.93 0.93 0.93 0.93 0.93 0.93 0.93 0.93 0.93 0.93 0.93 0.93 0.93 0.93
2052.00 1.02 1.02 1.02 1.02 1.02 1.02 1.02 1.02 1.02 1.02 1.02 1.02 1.02 1.02 1.02 1.02 1.02 1.02 1.02 1.02 1.02 1.02 1.02
2053.00 1.00 1.00 1.00 1.00 1.00 1.00 1.00 1.00 1.00 1.00 1.00 1.00 1.00 1.00 1.00 1.00 1.00 1.00 1.00 1.00 1.00 1.00 1.00
2054.00 1.01 1.01 1.01 1.01 1.01 1.01 1.01 1.01 1.01 1.01 1.01 1.01 1.01 1.01 1.01 1.01 1.01 1.01 1.01 1.01 1.01 1.01 1.01
2055.00 1.09 1.09 1.09 1.09 1.09 1.09 1.09 1.09 1.09 1.09 1.09 1.09 1.09 1.09 1.09 1.09 1.09 1.09 1.09 1.09 1.09 1.09 1.09
2056.00 0.98 0.98 0.98 0.98 0.98 0.98 0.98 0.98 0.98 0.98 0.98 0.98 0.98 0.98 0.98 0.98 0.98 0.98 0.98 0.98 0.98 0.98 0.98
2057.00 0.96 0.96 0.96 0.96 0.96 0.96 0.96 0.96 0.96 0.96 0.96 0.96 0.96 0.96 0.96 0.96 0.96 0.96 0.96 0.96 0.96 0.96 0.96
2058.00 0.89 0.89 0.89 0.89 0.89 0.89 0.89 0.89 0.89 0.89 0.89 0.89 0.89 0.89 0.89 0.89 0.89 0.89 0.89 0.89 0.89 0.89 0.89
2059.00 0.80 0.80 0.80 0.80 0.80 0.80 0.80 0.80 0.80 0.80 0.80 0.80 0.80 0.80 0.80 0.80 0.80 0.80 0.80 0.80 0.80 0.80 0.80
2060.00 0.76 0.76 0.76 0.76 0.76 0.76 0.76 0.76 0.76 0.76 0.76 0.76 0.76 0.76 0.76 0.76 0.76 0.76 0.76 0.76 0.76 0.76 0.76
2061.00 0.87 0.87 0.87 0.87 0.87 0.87 0.87 0.87 0.87 0.87 0.87 0.87 0.87 0.87 0.87 0.87 0.87 0.87 0.87 0.87 0.87 0.87 0.87
2062.00 0.79 0.79 0.79 0.79 0.79 0.79 0.79 0.79 0.79 0.79 0.79 0.79 0.79 0.79 0.79 0.79 0.79 0.79 0.79 0.79 0.79 0.79 0.79
2063.00 0.88 0.88 0.88 0.88 0.88 0.88 0.88 0.88 0.88 0.88 0.88 0.88 0.88 0.88 0.88 0.88 0.88 0.88 0.88 0.88 0.88 0.88 0.88
2064.00 0.75 0.75 0.75 0.75 0.75 0.75 0.75 0.75 0.75 0.75 0.75 0.75 0.75 0.75 0.75 0.75 0.75 0.75 0.75 0.75 0.75 0.75 0.75
2065.00 0.76 0.76 0.76 0.76 0.76 0.76 0.76 0.76 0.76 0.76 0.76 0.76 0.76 0.76 0.76 0.76 0.76 0.76 0.76 0.76 0.76 0.76 0.76
