# yearspad, alpred
# [0.6  0.62 0.64 0.66 0.68 0.7  0.72 0.74 0.76 0.78 0.8  0.82 0.84 0.86
#  0.88 0.9  0.92 0.94 0.96 0.98 1.   1.02 1.04]
1922.00 8.64 8.64 8.64 8.64 8.64 8.64 8.64 8.64 8.64 8.64 8.64 8.64 8.64 8.64 8.64 8.64 8.64 8.64 8.64 8.64 8.64 8.64 8.64
1923.00 8.28 8.28 8.28 8.28 8.28 8.28 8.28 8.28 8.28 8.28 8.28 8.28 8.28 8.28 8.28 8.28 8.28 8.28 8.28 8.28 8.28 8.28 8.28
1924.00 8.16 8.16 8.16 8.16 8.16 8.16 8.16 8.16 8.16 8.16 8.16 8.16 8.16 8.16 8.16 8.16 8.16 8.16 8.16 8.16 8.16 8.16 8.16
1925.00 7.83 7.83 7.83 7.83 7.83 7.83 7.83 7.83 7.83 7.83 7.83 7.83 7.83 7.83 7.83 7.83 7.83 7.83 7.83 7.83 7.83 7.83 7.83
1926.00 7.34 7.34 7.34 7.34 7.34 7.34 7.34 7.34 7.34 7.34 7.34 7.34 7.34 7.34 7.34 7.34 7.34 7.34 7.34 7.34 7.34 7.34 7.34
1927.00 6.77 6.77 6.77 6.77 6.77 6.77 6.77 6.77 6.77 6.77 6.77 6.77 6.77 6.77 6.77 6.77 6.77 6.77 6.77 6.77 6.77 6.77 6.77
1928.00 6.44 6.44 6.44 6.44 6.44 6.44 6.44 6.44 6.44 6.44 6.44 6.44 6.44 6.44 6.44 6.44 6.44 6.44 6.44 6.44 6.44 6.44 6.44
1929.00 5.82 5.82 5.82 5.82 5.82 5.82 5.82 5.82 5.82 5.82 5.82 5.82 5.82 5.82 5.82 5.82 5.82 5.82 5.82 5.82 5.82 5.82 5.82
1930.00 5.29 5.29 5.29 5.29 5.29 5.29 5.29 5.29 5.29 5.29 5.29 5.29 5.29 5.29 5.29 5.29 5.29 5.29 5.29 5.29 5.29 5.29 5.29
1931.00 4.58 4.58 4.58 4.58 4.58 4.58 4.58 4.58 4.58 4.58 4.58 4.58 4.58 4.58 4.58 4.58 4.58 4.58 4.58 4.58 4.58 4.58 4.58
1932.00 4.09 4.09 4.09 4.09 4.09 4.09 4.09 4.09 4.09 4.09 4.09 4.09 4.09 4.09 4.09 4.09 4.09 4.09 4.09 4.09 4.09 4.09 4.09
1933.00 3.33 3.33 3.33 3.33 3.33 3.33 3.33 3.33 3.33 3.33 3.33 3.33 3.33 3.33 3.33 3.33 3.33 3.33 3.33 3.33 3.33 3.33 3.33
1934.00 2.82 2.82 2.82 2.82 2.82 2.82 2.82 2.82 2.82 2.82 2.82 2.82 2.82 2.82 2.82 2.82 2.82 2.82 2.82 2.82 2.82 2.82 2.82
1935.00 2.13 2.13 2.13 2.13 2.13 2.13 2.13 2.13 2.13 2.13 2.13 2.13 2.13 2.13 2.13 2.13 2.13 2.13 2.13 2.13 2.13 2.13 2.13
1936.00 1.27 1.27 1.27 1.27 1.27 1.27 1.27 1.27 1.27 1.27 1.27 1.27 1.27 1.27 1.27 1.27 1.27 1.27 1.27 1.27 1.27 1.27 1.27
1937.00 0.53 0.53 0.53 0.53 0.53 0.53 0.53 0.53 0.53 0.53 0.53 0.53 0.53 0.53 0.53 0.53 0.53 0.53 0.53 0.53 0.53 0.53 0.53
1938.00 0.25 0.25 0.25 0.25 0.25 0.25 0.25 0.25 0.25 0.25 0.25 0.25 0.25 0.25 0.25 0.25 0.25 0.25 0.25 0.25 0.25 0.25 0.25
1939.00 -0.31 -0.31 -0.31 -0.31 -0.31 -0.31 -0.31 -0.31 -0.31 -0.31 -0.31 -0.31 -0.31 -0.31 -0.31 -0.31 -0.31 -0.31 -0.31 -0.31 -0.31 -0.31 -0.31
1940.00 -0.87 -0.87 -0.87 -0.87 -0.87 -0.87 -0.87 -0.87 -0.87 -0.87 -0.87 -0.87 -0.87 -0.87 -0.87 -0.87 -0.87 -0.87 -0.87 -0.87 -0.87 -0.87 -0.87
1941.00 -1.72 -1.72 -1.72 -1.72 -1.72 -1.72 -1.72 -1.72 -1.72 -1.72 -1.72 -1.72 -1.72 -1.72 -1.72 -1.72 -1.72 -1.72 -1.72 -1.72 -1.72 -1.72 -1.72
1942.00 -2.26 -2.26 -2.26 -2.26 -2.26 -2.26 -2.26 -2.26 -2.26 -2.26 -2.26 -2.26 -2.26 -2.26 -2.26 -2.26 -2.26 -2.26 -2.26 -2.26 -2.26 -2.26 -2.26
1943.00 -2.96 -2.96 -2.96 -2.96 -2.96 -2.96 -2.96 -2.96 -2.96 -2.96 -2.96 -2.96 -2.96 -2.96 -2.96 -2.96 -2.96 -2.96 -2.96 -2.96 -2.96 -2.96 -2.96
1944.00 -3.70 -3.70 -3.70 -3.70 -3.70 -3.70 -3.70 -3.70 -3.70 -3.70 -3.70 -3.70 -3.70 -3.70 -3.70 -3.70 -3.70 -3.70 -3.70 -3.70 -3.70 -3.70 -3.70
1945.00 -4.48 -4.48 -4.48 -4.48 -4.48 -4.48 -4.48 -4.48 -4.48 -4.48 -4.48 -4.48 -4.48 -4.48 -4.48 -4.48 -4.48 -4.48 -4.48 -4.48 -4.48 -4.48 -4.48
1946.00 -4.94 -4.94 -4.94 -4.94 -4.94 -4.94 -4.94 -4.94 -4.94 -4.94 -4.94 -4.94 -4.94 -4.94 -4.94 -4.94 -4.94 -4.94 -4.94 -4.94 -4.94 -4.94 -4.94
1947.00 -6.15 -6.15 -6.15 -6.15 -6.15 -6.15 -6.15 -6.15 -6.15 -6.15 -6.15 -6.15 -6.15 -6.15 -6.15 -6.15 -6.15 -6.15 -6.15 -6.15 -6.15 -6.15 -6.15
1948.00 -6.76 -6.76 -6.76 -6.76 -6.76 -6.76 -6.76 -6.76 -6.76 -6.76 -6.76 -6.76 -6.76 -6.76 -6.76 -6.76 -6.76 -6.76 -6.76 -6.76 -6.76 -6.76 -6.76
1949.00 -7.75 -7.75 -7.75 -7.75 -7.75 -7.75 -7.75 -7.75 -7.75 -7.75 -7.75 -7.75 -7.75 -7.75 -7.75 -7.75 -7.75 -7.75 -7.75 -7.75 -7.75 -7.75 -7.75
1950.00 -8.52 -8.52 -8.52 -8.52 -8.52 -8.52 -8.52 -8.52 -8.52 -8.52 -8.52 -8.52 -8.52 -8.52 -8.52 -8.52 -8.52 -8.52 -8.52 -8.52 -8.52 -8.52 -8.52
1951.00 -9.67 -9.67 -9.67 -9.67 -9.67 -9.67 -9.67 -9.67 -9.67 -9.67 -9.67 -9.67 -9.67 -9.67 -9.67 -9.67 -9.67 -9.67 -9.67 -9.67 -9.67 -9.67 -9.67
1952.00 -10.47 -10.47 -10.47 -10.47 -10.47 -10.47 -10.47 -10.47 -10.47 -10.47 -10.47 -10.47 -10.47 -10.47 -10.47 -10.47 -10.47 -10.47 -10.47 -10.47 -10.47 -10.47 -10.47
1953.00 -11.79 -11.79 -11.79 -11.79 -11.79 -11.79 -11.79 -11.79 -11.79 -11.79 -11.79 -11.79 -11.79 -11.79 -11.79 -11.79 -11.79 -11.79 -11.79 -11.79 -11.79 -11.79 -11.79
1954.00 -12.99 -12.99 -12.99 -12.99 -12.99 -12.99 -12.99 -12.99 -12.99 -12.99 -12.99 -12.99 -12.99 -12.99 -12.99 -12.99 -12.99 -12.99 -12.99 -12.99 -12.99 -12.99 -12.99
1955.00 -14.00 -14.00 -14.00 -14.00 -14.00 -14.00 -14.00 -14.00 -14.00 -14.00 -14.00 -14.00 -14.00 -14.00 -14.00 -14.00 -14.00 -14.00 -14.00 -14.00 -14.00 -14.00 -14.00
1956.00 -14.66 -14.66 -14.66 -14.66 -14.66 -14.66 -14.66 -14.66 -14.66 -14.66 -14.66 -14.66 -14.66 -14.66 -14.66 -14.66 -14.66 -14.66 -14.66 -14.66 -14.66 -14.66 -14.66
1957.00 -15.57 -15.57 -15.57 -15.57 -15.57 -15.57 -15.57 -15.57 -15.57 -15.57 -15.57 -15.57 -15.57 -15.57 -15.57 -15.57 -15.57 -15.57 -15.57 -15.57 -15.57 -15.57 -15.57
1958.00 -16.48 -16.48 -16.48 -16.48 -16.48 -16.48 -16.48 -16.48 -16.48 -16.48 -16.48 -16.48 -16.48 -16.48 -16.48 -16.48 -16.48 -16.48 -16.48 -16.48 -16.48 -16.48 -16.48
1959.00 -17.54 -17.54 -17.54 -17.54 -17.54 -17.54 -17.54 -17.54 -17.54 -17.54 -17.54 -17.54 -17.54 -17.54 -17.54 -17.54 -17.54 -17.54 -17.54 -17.54 -17.54 -17.54 -17.54
1960.00 -18.91 -18.91 -18.91 -18.91 -18.91 -18.91 -18.91 -18.91 -18.91 -18.91 -18.91 -18.91 -18.91 -18.91 -18.91 -18.91 -18.91 -18.91 -18.91 -18.91 -18.91 -18.91 -18.91
1961.00 -19.74 -19.74 -19.74 -19.74 -19.74 -19.74 -19.74 -19.74 -19.74 -19.74 -19.74 -19.74 -19.74 -19.74 -19.74 -19.74 -19.74 -19.74 -19.74 -19.74 -19.74 -19.74 -19.74
1962.00 -20.52 -20.52 -20.52 -20.52 -20.52 -20.52 -20.52 -20.52 -20.52 -20.52 -20.52 -20.52 -20.52 -20.52 -20.52 -20.52 -20.52 -20.52 -20.52 -20.52 -20.52 -20.52 -20.52
1963.00 -21.77 -21.77 -21.77 -21.77 -21.77 -21.77 -21.77 -21.77 -21.77 -21.77 -21.77 -21.77 -21.77 -21.77 -21.77 -21.77 -21.77 -21.77 -21.77 -21.77 -21.77 -21.77 -21.77
1964.00 -23.09 -23.09 -23.09 -23.09 -23.09 -23.09 -23.09 -23.09 -23.09 -23.09 -23.09 -23.09 -23.09 -23.09 -23.09 -23.09 -23.09 -23.09 -23.09 -23.09 -23.09 -23.09 -23.09
1965.00 -23.94 -23.94 -23.94 -23.94 -23.94 -23.94 -23.94 -23.94 -23.94 -23.94 -23.94 -23.94 -23.94 -23.94 -23.94 -23.94 -23.94 -23.94 -23.94 -23.94 -23.94 -23.94 -23.94
1966.00 -25.00 -25.00 -25.00 -25.00 -25.00 -25.00 -25.00 -25.00 -25.00 -25.00 -25.00 -25.00 -25.00 -25.00 -25.00 -25.00 -25.00 -25.00 -25.00 -25.00 -25.00 -25.00 -25.00
1967.00 -26.16 -26.16 -26.16 -26.16 -26.16 -26.16 -26.16 -26.16 -26.16 -26.16 -26.16 -26.16 -26.16 -26.16 -26.16 -26.16 -26.16 -26.16 -26.16 -26.16 -26.16 -26.16 -26.16
1968.00 -27.15 -27.15 -27.15 -27.15 -27.15 -27.15 -27.15 -27.15 -27.15 -27.15 -27.15 -27.15 -27.15 -27.15 -27.15 -27.15 -27.15 -27.15 -27.15 -27.15 -27.15 -27.15 -27.15
1969.00 -28.32 -28.32 -28.32 -28.32 -28.32 -28.32 -28.32 -28.32 -28.32 -28.32 -28.32 -28.32 -28.32 -28.32 -28.32 -28.32 -28.32 -28.32 -28.32 -28.32 -28.32 -28.32 -28.32
1970.00 92.72 92.72 92.72 92.72 92.72 92.72 92.72 92.72 92.72 92.72 92.72 92.72 92.72 92.72 92.72 92.72 92.72 92.72 92.72 92.72 92.72 92.72 92.72
1971.00 96.71 96.71 96.71 96.71 96.71 96.71 96.71 96.71 96.71 96.71 96.71 96.71 96.71 96.71 96.71 96.71 96.71 96.71 96.71 96.71 96.71 96.71 96.71
1972.00 102.96 102.96 102.96 102.96 102.96 102.96 102.96 102.96 102.96 102.96 102.96 102.96 102.96 102.96 102.96 102.96 102.96 102.96 102.96 102.96 102.96 102.96 102.96
1973.00 103.55 103.55 103.55 103.55 103.55 103.55 103.55 103.55 103.55 103.55 103.55 103.55 103.55 103.55 103.55 103.55 103.55 103.55 103.55 103.55 103.55 103.55 103.55
1974.00 108.42 108.42 108.42 108.42 108.42 108.42 108.42 108.42 108.42 108.42 108.42 108.42 108.42 108.42 108.42 108.42 108.42 108.42 108.42 108.42 108.42 108.42 108.42
1975.00 113.45 113.45 113.45 113.45 113.45 113.45 113.45 113.45 113.45 113.45 113.45 113.45 113.45 113.45 113.45 113.45 113.45 113.45 113.45 113.45 113.45 113.45 113.45
1976.00 116.69 116.69 116.69 116.69 116.69 116.69 116.69 116.69 116.69 116.69 116.69 116.69 116.69 116.69 116.69 116.69 116.69 116.69 116.69 116.69 116.69 116.69 116.69
1977.00 115.65 115.65 115.65 115.65 115.65 115.65 115.65 115.65 115.65 115.65 115.65 115.65 115.65 115.65 115.65 115.65 115.65 115.65 115.65 115.65 115.65 115.65 115.65
1978.00 116.91 116.91 116.91 116.91 116.91 116.91 116.91 116.91 116.91 116.91 116.91 116.91 116.91 116.91 116.91 116.91 116.91 116.91 116.91 116.91 116.91 116.91 116.91
1979.00 117.33 117.33 117.33 117.33 117.33 117.33 117.33 117.33 117.33 117.33 117.33 117.33 117.33 117.33 117.33 117.33 117.33 117.33 117.33 117.33 117.33 117.33 117.33
1980.00 114.74 114.74 114.74 114.74 114.74 114.74 114.74 114.74 114.74 114.74 114.74 114.74 114.74 114.74 114.74 114.74 114.74 114.74 114.74 114.74 114.74 114.74 114.74
1981.00 115.69 115.69 115.69 115.69 115.69 115.69 115.69 115.69 115.69 115.69 115.69 115.69 115.69 115.69 115.69 115.69 115.69 115.69 115.69 115.69 115.69 115.69 115.69
1982.00 113.03 113.03 113.03 113.03 113.03 113.03 113.03 113.03 113.03 113.03 113.03 113.03 113.03 113.03 113.03 113.03 113.03 113.03 113.03 113.03 113.03 113.03 113.03
1983.00 109.81 109.81 109.81 109.81 109.81 109.81 109.81 109.81 109.81 109.81 109.81 109.81 109.81 109.81 109.81 109.81 109.81 109.81 109.81 109.81 109.81 109.81 109.81
1984.00 105.66 105.66 105.66 105.66 105.66 105.66 105.66 105.66 105.66 105.66 105.66 105.66 105.66 105.66 105.66 105.66 105.66 105.66 105.66 105.66 105.66 105.66 105.66
1985.00 104.34 104.34 104.34 104.34 104.34 104.34 104.34 104.34 104.34 104.34 104.34 104.34 104.34 104.34 104.34 104.34 104.34 104.34 104.34 104.34 104.34 104.34 104.34
1986.00 97.08 97.08 97.08 97.08 97.08 97.08 97.08 97.08 97.08 97.08 97.08 97.08 97.08 97.08 97.08 97.08 97.08 97.08 97.08 97.08 97.08 97.08 97.08
1987.00 95.79 95.79 95.79 95.79 95.79 95.79 95.79 95.79 95.79 95.79 95.79 95.79 95.79 95.79 95.79 95.79 95.79 95.79 95.79 95.79 95.79 95.79 95.79
1988.00 47.67 49.88 52.10 54.32 56.54 58.76 60.97 63.19 65.41 67.63 69.84 72.06 74.28 76.50 78.72 80.93 83.15 85.37 87.59 89.80 92.02 94.24 96.46
1989.00 46.53 48.67 50.81 52.95 55.09 57.23 59.37 61.51 63.65 65.79 67.93 70.08 72.22 74.36 76.50 78.64 80.78 82.92 85.06 87.20 89.34 91.48 93.62
1990.00 44.76 46.81 48.86 50.91 52.97 55.02 57.07 59.12 61.18 63.23 65.28 67.34 69.39 71.44 73.49 75.55 77.60 79.65 81.70 83.76 85.81 87.86 89.92
1991.00 44.57 46.57 48.58 50.58 52.59 54.59 56.60 58.60 60.61 62.62 64.62 66.63 68.63 70.64 72.64 74.65 76.65 78.66 80.67 82.67 84.68 86.68 88.69
1992.00 44.80 46.78 48.76 50.74 52.72 54.70 56.69 58.67 60.65 62.63 64.61 66.59 68.57 70.55 72.53 74.52 76.50 78.48 80.46 82.44 84.42 86.40 88.38
1993.00 44.94 46.89 48.84 50.79 52.75 54.70 56.65 58.60 60.55 62.50 64.46 66.41 68.36 70.31 72.26 74.21 76.17 78.12 80.07 82.02 83.97 85.92 87.88
1994.00 45.13 47.05 48.97 50.89 52.81 54.73 56.65 58.57 60.49 62.41 64.34 66.26 68.18 70.10 72.02 73.94 75.86 77.78 79.70 81.62 83.55 85.47 87.39
1995.00 46.12 48.04 49.96 51.87 53.79 55.71 57.63 59.54 61.46 63.38 65.30 67.22 69.13 71.05 72.97 74.89 76.80 78.72 80.64 82.56 84.48 86.39 88.31
1996.00 45.70 47.58 49.46 51.33 53.21 55.09 56.97 58.85 60.73 62.61 64.49 66.37 68.25 70.13 72.00 73.88 75.76 77.64 79.52 81.40 83.28 85.16 87.04
1997.00 46.41 48.28 50.16 52.03 53.90 55.77 57.64 59.51 61.38 63.25 65.12 66.99 68.86 70.74 72.61 74.48 76.35 78.22 80.09 81.96 83.83 85.70 87.57
1998.00 46.41 48.25 50.09 51.94 53.78 55.62 57.47 59.31 61.15 62.99 64.84 66.68 68.52 70.37 72.21 74.05 75.89 77.74 79.58 81.42 83.27 85.11 86.95
1999.00 45.11 46.89 48.67 50.45 52.23 54.01 55.79 57.57 59.35 61.13 62.91 64.69 66.47 68.25 70.04 71.82 73.60 75.38 77.16 78.94 80.72 82.50 84.28
2000.00 43.24 44.92 46.60 48.28 49.96 51.64 53.32 54.99 56.67 58.35 60.03 61.71 63.39 65.07 66.75 68.43 70.11 71.79 73.47 75.15 76.83 78.51 80.19
2001.00 42.77 44.39 46.01 47.63 49.25 50.87 52.49 54.11 55.73 57.35 58.97 60.59 62.21 63.83 65.45 67.07 68.69 70.31 71.93 73.55 75.17 76.79 78.41
2002.00 42.31 43.90 45.48 47.07 48.65 50.24 51.83 53.41 55.00 56.58 58.17 59.75 61.34 62.92 64.51 66.09 67.68 69.27 70.85 72.44 74.02 75.61 77.19
2003.00 42.21 43.77 45.33 46.88 48.44 50.00 51.56 53.12 54.67 56.23 57.79 59.35 60.91 62.47 64.02 65.58 67.14 68.70 70.26 71.82 73.37 74.93 76.49
2004.00 40.03 41.48 42.94 44.40 45.85 47.31 48.77 50.22 51.68 53.14 54.59 56.05 57.51 58.96 60.42 61.88 63.33 64.79 66.25 67.70 69.16 70.62 72.07
2005.00 40.21 41.64 43.07 44.50 45.93 47.37 48.80 50.23 51.66 53.09 54.52 55.95 57.38 58.81 60.24 61.67 63.10 64.53 65.96 67.39 68.82 70.25 71.69
2006.00 39.87 41.26 42.65 44.04 45.44 46.83 48.22 49.61 51.00 52.40 53.79 55.18 56.57 57.96 59.36 60.75 62.14 63.53 64.93 66.32 67.71 69.10 70.49
2007.00 39.80 41.15 42.51 43.86 45.22 46.57 47.93 49.28 50.63 51.99 53.34 54.70 56.05 57.41 58.76 60.12 61.47 62.82 64.18 65.53 66.89 68.24 69.60
2008.00 37.86 39.12 40.39 41.65 42.92 44.19 45.45 46.72 47.98 49.25 50.51 51.78 53.04 54.31 55.57 56.84 58.10 59.37 60.63 61.90 63.16 64.43 65.69
2009.00 36.67 37.87 39.07 40.27 41.47 42.68 43.88 45.08 46.28 47.48 48.68 49.89 51.09 52.29 53.49 54.69 55.89 57.10 58.30 59.50 60.70 61.90 63.10
2010.00 34.19 35.28 36.37 37.46 38.54 39.63 40.72 41.81 42.90 43.98 45.07 46.16 47.25 48.33 49.42 50.51 51.60 52.68 53.77 54.86 55.95 57.03 58.12
2011.00 34.09 35.15 36.20 37.26 38.31 39.37 40.42 41.47 42.53 43.58 44.64 45.69 46.75 47.80 48.85 49.91 50.96 52.02 53.07 54.12 55.18 56.23 57.29
2012.00 33.60 34.62 35.64 36.66 37.68 38.70 39.72 40.74 41.76 42.78 43.80 44.81 45.83 46.85 47.87 48.89 49.91 50.93 51.95 52.97 53.99 55.01 56.03
2013.00 32.62 33.60 34.59 35.57 36.55 37.53 38.51 39.49 40.47 41.45 42.43 43.42 44.40 45.38 46.36 47.34 48.32 49.30 50.28 51.26 52.24 53.23 54.21
2014.00 31.77 32.70 33.64 34.57 35.51 36.44 37.38 38.32 39.25 40.19 41.12 42.06 43.00 43.93 44.87 45.80 46.74 47.68 48.61 49.55 50.48 51.42 52.35
2015.00 31.93 32.86 33.79 34.71 35.64 36.57 37.50 38.43 39.36 40.29 41.22 42.15 43.08 44.01 44.94 45.86 46.79 47.72 48.65 49.58 50.51 51.44 52.37
2016.00 31.85 32.75 33.65 34.55 35.46 36.36 37.26 38.16 39.07 39.97 40.87 41.77 42.68 43.58 44.48 45.38 46.29 47.19 48.09 49.00 49.90 50.80 51.70
2017.00 31.22 32.10 32.97 33.84 34.71 35.59 36.46 37.33 38.21 39.08 39.95 40.82 41.70 42.57 43.44 44.31 45.19 46.06 46.93 47.80 48.68 49.55 50.42
2018.00 5.53 5.53 5.53 5.53 5.53 5.53 5.53 5.53 5.53 5.53 5.53 5.53 5.53 5.53 5.53 5.53 5.53 5.53 5.53 5.53 5.53 5.53 5.53
2019.00 5.40 5.40 5.40 5.40 5.40 5.40 5.40 5.40 5.40 5.40 5.40 5.40 5.40 5.40 5.40 5.40 5.40 5.40 5.40 5.40 5.40 5.40 5.40
2020.00 5.69 5.69 5.69 5.69 5.69 5.69 5.69 5.69 5.69 5.69 5.69 5.69 5.69 5.69 5.69 5.69 5.69 5.69 5.69 5.69 5.69 5.69 5.69
2021.00 5.72 5.72 5.72 5.72 5.72 5.72 5.72 5.72 5.72 5.72 5.72 5.72 5.72 5.72 5.72 5.72 5.72 5.72 5.72 5.72 5.72 5.72 5.72
2022.00 5.96 5.96 5.96 5.96 5.96 5.96 5.96 5.96 5.96 5.96 5.96 5.96 5.96 5.96 5.96 5.96 5.96 5.96 5.96 5.96 5.96 5.96 5.96
2023.00 6.01 6.01 6.01 6.01 6.01 6.01 6.01 6.01 6.01 6.01 6.01 6.01 6.01 6.01 6.01 6.01 6.01 6.01 6.01 6.01 6.01 6.01 6.01
2024.00 6.31 6.31 6.31 6.31 6.31 6.31 6.31 6.31 6.31 6.31 6.31 6.31 6.31 6.31 6.31 6.31 6.31 6.31 6.31 6.31 6.31 6.31 6.31
2025.00 6.46 6.46 6.46 6.46 6.46 6.46 6.46 6.46 6.46 6.46 6.46 6.46 6.46 6.46 6.46 6.46 6.46 6.46 6.46 6.46 6.46 6.46 6.46
2026.00 6.72 6.72 6.72 6.72 6.72 6.72 6.72 6.72 6.72 6.72 6.72 6.72 6.72 6.72 6.72 6.72 6.72 6.72 6.72 6.72 6.72 6.72 6.72
2027.00 6.71 6.71 6.71 6.71 6.71 6.71 6.71 6.71 6.71 6.71 6.71 6.71 6.71 6.71 6.71 6.71 6.71 6.71 6.71 6.71 6.71 6.71 6.71
2028.00 7.31 7.31 7.31 7.31 7.31 7.31 7.31 7.31 7.31 7.31 7.31 7.31 7.31 7.31 7.31 7.31 7.31 7.31 7.31 7.31 7.31 7.31 7.31
2029.00 7.59 7.59 7.59 7.59 7.59 7.59 7.59 7.59 7.59 7.59 7.59 7.59 7.59 7.59 7.59 7.59 7.59 7.59 7.59 7.59 7.59 7.59 7.59
2030.00 7.69 7.69 7.69 7.69 7.69 7.69 7.69 7.69 7.69 7.69 7.69 7.69 7.69 7.69 7.69 7.69 7.69 7.69 7.69 7.69 7.69 7.69 7.69
2031.00 7.80 7.80 7.80 7.80 7.80 7.80 7.80 7.80 7.80 7.80 7.80 7.80 7.80 7.80 7.80 7.80 7.80 7.80 7.80 7.80 7.80 7.80 7.80
2032.00 8.03 8.03 8.03 8.03 8.03 8.03 8.03 8.03 8.03 8.03 8.03 8.03 8.03 8.03 8.03 8.03 8.03 8.03 8.03 8.03 8.03 8.03 8.03
2033.00 8.16 8.16 8.16 8.16 8.16 8.16 8.16 8.16 8.16 8.16 8.16 8.16 8.16 8.16 8.16 8.16 8.16 8.16 8.16 8.16 8.16 8.16 8.16
2034.00 8.60 8.60 8.60 8.60 8.60 8.60 8.60 8.60 8.60 8.60 8.60 8.60 8.60 8.60 8.60 8.60 8.60 8.60 8.60 8.60 8.60 8.60 8.60
2035.00 8.65 8.65 8.65 8.65 8.65 8.65 8.65 8.65 8.65 8.65 8.65 8.65 8.65 8.65 8.65 8.65 8.65 8.65 8.65 8.65 8.65 8.65 8.65
2036.00 8.79 8.79 8.79 8.79 8.79 8.79 8.79 8.79 8.79 8.79 8.79 8.79 8.79 8.79 8.79 8.79 8.79 8.79 8.79 8.79 8.79 8.79 8.79
2037.00 8.76 8.76 8.76 8.76 8.76 8.76 8.76 8.76 8.76 8.76 8.76 8.76 8.76 8.76 8.76 8.76 8.76 8.76 8.76 8.76 8.76 8.76 8.76
2038.00 8.90 8.90 8.90 8.90 8.90 8.90 8.90 8.90 8.90 8.90 8.90 8.90 8.90 8.90 8.90 8.90 8.90 8.90 8.90 8.90 8.90 8.90 8.90
2039.00 8.93 8.93 8.93 8.93 8.93 8.93 8.93 8.93 8.93 8.93 8.93 8.93 8.93 8.93 8.93 8.93 8.93 8.93 8.93 8.93 8.93 8.93 8.93
2040.00 8.99 8.99 8.99 8.99 8.99 8.99 8.99 8.99 8.99 8.99 8.99 8.99 8.99 8.99 8.99 8.99 8.99 8.99 8.99 8.99 8.99 8.99 8.99
2041.00 8.92 8.92 8.92 8.92 8.92 8.92 8.92 8.92 8.92 8.92 8.92 8.92 8.92 8.92 8.92 8.92 8.92 8.92 8.92 8.92 8.92 8.92 8.92
2042.00 8.99 8.99 8.99 8.99 8.99 8.99 8.99 8.99 8.99 8.99 8.99 8.99 8.99 8.99 8.99 8.99 8.99 8.99 8.99 8.99 8.99 8.99 8.99
2043.00 8.88 8.88 8.88 8.88 8.88 8.88 8.88 8.88 8.88 8.88 8.88 8.88 8.88 8.88 8.88 8.88 8.88 8.88 8.88 8.88 8.88 8.88 8.88
2044.00 9.03 9.03 9.03 9.03 9.03 9.03 9.03 9.03 9.03 9.03 9.03 9.03 9.03 9.03 9.03 9.03 9.03 9.03 9.03 9.03 9.03 9.03 9.03
2045.00 8.86 8.86 8.86 8.86 8.86 8.86 8.86 8.86 8.86 8.86 8.86 8.86 8.86 8.86 8.86 8.86 8.86 8.86 8.86 8.86 8.86 8.86 8.86
2046.00 8.82 8.82 8.82 8.82 8.82 8.82 8.82 8.82 8.82 8.82 8.82 8.82 8.82 8.82 8.82 8.82 8.82 8.82 8.82 8.82 8.82 8.82 8.82
2047.00 8.74 8.74 8.74 8.74 8.74 8.74 8.74 8.74 8.74 8.74 8.74 8.74 8.74 8.74 8.74 8.74 8.74 8.74 8.74 8.74 8.74 8.74 8.74
2048.00 8.76 8.76 8.76 8.76 8.76 8.76 8.76 8.76 8.76 8.76 8.76 8.76 8.76 8.76 8.76 8.76 8.76 8.76 8.76 8.76 8.76 8.76 8.76
2049.00 8.62 8.62 8.62 8.62 8.62 8.62 8.62 8.62 8.62 8.62 8.62 8.62 8.62 8.62 8.62 8.62 8.62 8.62 8.62 8.62 8.62 8.62 8.62
2050.00 8.74 8.74 8.74 8.74 8.74 8.74 8.74 8.74 8.74 8.74 8.74 8.74 8.74 8.74 8.74 8.74 8.74 8.74 8.74 8.74 8.74 8.74 8.74
2051.00 8.65 8.65 8.65 8.65 8.65 8.65 8.65 8.65 8.65 8.65 8.65 8.65 8.65 8.65 8.65 8.65 8.65 8.65 8.65 8.65 8.65 8.65 8.65
2052.00 8.66 8.66 8.66 8.66 8.66 8.66 8.66 8.66 8.66 8.66 8.66 8.66 8.66 8.66 8.66 8.66 8.66 8.66 8.66 8.66 8.66 8.66 8.66
2053.00 8.62 8.62 8.62 8.62 8.62 8.62 8.62 8.62 8.62 8.62 8.62 8.62 8.62 8.62 8.62 8.62 8.62 8.62 8.62 8.62 8.62 8.62 8.62
2054.00 8.70 8.70 8.70 8.70 8.70 8.70 8.70 8.70 8.70 8.70 8.70 8.70 8.70 8.70 8.70 8.70 8.70 8.70 8.70 8.70 8.70 8.70 8.70
2055.00 8.64 8.64 8.64 8.64 8.64 8.64 8.64 8.64 8.64 8.64 8.64 8.64 8.64 8.64 8.64 8.64 8.64 8.64 8.64 8.64 8.64 8.64 8.64
2056.00 8.75 8.75 8.75 8.75 8.75 8.75 8.75 8.75 8.75 8.75 8.75 8.75 8.75 8.75 8.75 8.75 8.75 8.75 8.75 8.75 8.75 8.75 8.75
2057.00 8.68 8.68 8.68 8.68 8.68 8.68 8.68 8.68 8.68 8.68 8.68 8.68 8.68 8.68 8.68 8.68 8.68 8.68 8.68 8.68 8.68 8.68 8.68
2058.00 8.77 8.77 8.77 8.77 8.77 8.77 8.77 8.77 8.77 8.77 8.77 8.77 8.77 8.77 8.77 8.77 8.77 8.77 8.77 8.77 8.77 8.77 8.77
2059.00 8.75 8.75 8.75 8.75 8.75 8.75 8.75 8.75 8.75 8.75 8.75 8.75 8.75 8.75 8.75 8.75 8.75 8.75 8.75 8.75 8.75 8.75 8.75
2060.00 8.80 8.80 8.80 8.80 8.80 8.80 8.80 8.80 8.80 8.80 8.80 8.80 8.80 8.80 8.80 8.80 8.80 8.80 8.80 8.80 8.80 8.80 8.80
2061.00 8.73 8.73 8.73 8.73 8.73 8.73 8.73 8.73 8.73 8.73 8.73 8.73 8.73 8.73 8.73 8.73 8.73 8.73 8.73 8.73 8.73 8.73 8.73
2062.00 8.88 8.88 8.88 8.88 8.88 8.88 8.88 8.88 8.88 8.88 8.88 8.88 8.88 8.88 8.88 8.88 8.88 8.88 8.88 8.88 8.88 8.88 8.88
2063.00 8.76 8.76 8.76 8.76 8.76 8.76 8.76 8.76 8.76 8.76 8.76 8.76 8.76 8.76 8.76 8.76 8.76 8.76 8.76 8.76 8.76 8.76 8.76
2064.00 8.76 8.76 8.76 8.76 8.76 8.76 8.76 8.76 8.76 8.76 8.76 8.76 8.76 8.76 8.76 8.76 8.76 8.76 8.76 8.76 8.76 8.76 8.76
2065.00 8.65 8.65 8.65 8.65 8.65 8.65 8.65 8.65 8.65 8.65 8.65 8.65 8.65 8.65 8.65 8.65 8.65 8.65 8.65 8.65 8.65 8.65 8.65
