# yearspad, alpred
# [0.6  0.62 0.64 0.66 0.68 0.7  0.72 0.74 0.76 0.78 0.8  0.82 0.84 0.86
#  0.88 0.9  0.92 0.94 0.96 0.98 1.   1.02 1.04]
1922.00 0.90 0.90 0.90 0.90 0.90 0.90 0.90 0.90 0.90 0.90 0.90 0.90 0.90 0.90 0.90 0.90 0.90 0.90 0.90 0.90 0.90 0.90 0.90
1923.00 0.35 0.35 0.35 0.35 0.35 0.35 0.35 0.35 0.35 0.35 0.35 0.35 0.35 0.35 0.35 0.35 0.35 0.35 0.35 0.35 0.35 0.35 0.35
1924.00 0.65 0.65 0.65 0.65 0.65 0.65 0.65 0.65 0.65 0.65 0.65 0.65 0.65 0.65 0.65 0.65 0.65 0.65 0.65 0.65 0.65 0.65 0.65
1925.00 0.25 0.25 0.25 0.25 0.25 0.25 0.25 0.25 0.25 0.25 0.25 0.25 0.25 0.25 0.25 0.25 0.25 0.25 0.25 0.25 0.25 0.25 0.25
1926.00 0.17 0.17 0.17 0.17 0.17 0.17 0.17 0.17 0.17 0.17 0.17 0.17 0.17 0.17 0.17 0.17 0.17 0.17 0.17 0.17 0.17 0.17 0.17
1927.00 -0.03 -0.03 -0.03 -0.03 -0.03 -0.03 -0.03 -0.03 -0.03 -0.03 -0.03 -0.03 -0.03 -0.03 -0.03 -0.03 -0.03 -0.03 -0.03 -0.03 -0.03 -0.03 -0.03
1928.00 -0.15 -0.15 -0.15 -0.15 -0.15 -0.15 -0.15 -0.15 -0.15 -0.15 -0.15 -0.15 -0.15 -0.15 -0.15 -0.15 -0.15 -0.15 -0.15 -0.15 -0.15 -0.15 -0.15
1929.00 -1.32 -1.32 -1.32 -1.32 -1.32 -1.32 -1.32 -1.32 -1.32 -1.32 -1.32 -1.32 -1.32 -1.32 -1.32 -1.32 -1.32 -1.32 -1.32 -1.32 -1.32 -1.32 -1.32
1930.00 -1.23 -1.23 -1.23 -1.23 -1.23 -1.23 -1.23 -1.23 -1.23 -1.23 -1.23 -1.23 -1.23 -1.23 -1.23 -1.23 -1.23 -1.23 -1.23 -1.23 -1.23 -1.23 -1.23
1931.00 -2.38 -2.38 -2.38 -2.38 -2.38 -2.38 -2.38 -2.38 -2.38 -2.38 -2.38 -2.38 -2.38 -2.38 -2.38 -2.38 -2.38 -2.38 -2.38 -2.38 -2.38 -2.38 -2.38
1932.00 -2.90 -2.90 -2.90 -2.90 -2.90 -2.90 -2.90 -2.90 -2.90 -2.90 -2.90 -2.90 -2.90 -2.90 -2.90 -2.90 -2.90 -2.90 -2.90 -2.90 -2.90 -2.90 -2.90
1933.00 -3.25 -3.25 -3.25 -3.25 -3.25 -3.25 -3.25 -3.25 -3.25 -3.25 -3.25 -3.25 -3.25 -3.25 -3.25 -3.25 -3.25 -3.25 -3.25 -3.25 -3.25 -3.25 -3.25
1934.00 -4.04 -4.04 -4.04 -4.04 -4.04 -4.04 -4.04 -4.04 -4.04 -4.04 -4.04 -4.04 -4.04 -4.04 -4.04 -4.04 -4.04 -4.04 -4.04 -4.04 -4.04 -4.04 -4.04
1935.00 -4.80 -4.80 -4.80 -4.80 -4.80 -4.80 -4.80 -4.80 -4.80 -4.80 -4.80 -4.80 -4.80 -4.80 -4.80 -4.80 -4.80 -4.80 -4.80 -4.80 -4.80 -4.80 -4.80
1936.00 -5.75 -5.75 -5.75 -5.75 -5.75 -5.75 -5.75 -5.75 -5.75 -5.75 -5.75 -5.75 -5.75 -5.75 -5.75 -5.75 -5.75 -5.75 -5.75 -5.75 -5.75 -5.75 -5.75
1937.00 -6.74 -6.74 -6.74 -6.74 -6.74 -6.74 -6.74 -6.74 -6.74 -6.74 -6.74 -6.74 -6.74 -6.74 -6.74 -6.74 -6.74 -6.74 -6.74 -6.74 -6.74 -6.74 -6.74
1938.00 -6.13 -6.13 -6.13 -6.13 -6.13 -6.13 -6.13 -6.13 -6.13 -6.13 -6.13 -6.13 -6.13 -6.13 -6.13 -6.13 -6.13 -6.13 -6.13 -6.13 -6.13 -6.13 -6.13
1939.00 -8.76 -8.76 -8.76 -8.76 -8.76 -8.76 -8.76 -8.76 -8.76 -8.76 -8.76 -8.76 -8.76 -8.76 -8.76 -8.76 -8.76 -8.76 -8.76 -8.76 -8.76 -8.76 -8.76
1940.00 -9.29 -9.29 -9.29 -9.29 -9.29 -9.29 -9.29 -9.29 -9.29 -9.29 -9.29 -9.29 -9.29 -9.29 -9.29 -9.29 -9.29 -9.29 -9.29 -9.29 -9.29 -9.29 -9.29
1941.00 -10.54 -10.54 -10.54 -10.54 -10.54 -10.54 -10.54 -10.54 -10.54 -10.54 -10.54 -10.54 -10.54 -10.54 -10.54 -10.54 -10.54 -10.54 -10.54 -10.54 -10.54 -10.54 -10.54
1942.00 -11.87 -11.87 -11.87 -11.87 -11.87 -11.87 -11.87 -11.87 -11.87 -11.87 -11.87 -11.87 -11.87 -11.87 -11.87 -11.87 -11.87 -11.87 -11.87 -11.87 -11.87 -11.87 -11.87
1943.00 -11.70 -11.70 -11.70 -11.70 -11.70 -11.70 -11.70 -11.70 -11.70 -11.70 -11.70 -11.70 -11.70 -11.70 -11.70 -11.70 -11.70 -11.70 -11.70 -11.70 -11.70 -11.70 -11.70
1944.00 -12.28 -12.28 -12.28 -12.28 -12.28 -12.28 -12.28 -12.28 -12.28 -12.28 -12.28 -12.28 -12.28 -12.28 -12.28 -12.28 -12.28 -12.28 -12.28 -12.28 -12.28 -12.28 -12.28
1945.00 -13.21 -13.21 -13.21 -13.21 -13.21 -13.21 -13.21 -13.21 -13.21 -13.21 -13.21 -13.21 -13.21 -13.21 -13.21 -13.21 -13.21 -13.21 -13.21 -13.21 -13.21 -13.21 -13.21
1946.00 -13.41 -13.41 -13.41 -13.41 -13.41 -13.41 -13.41 -13.41 -13.41 -13.41 -13.41 -13.41 -13.41 -13.41 -13.41 -13.41 -13.41 -13.41 -13.41 -13.41 -13.41 -13.41 -13.41
1947.00 -14.91 -14.91 -14.91 -14.91 -14.91 -14.91 -14.91 -14.91 -14.91 -14.91 -14.91 -14.91 -14.91 -14.91 -14.91 -14.91 -14.91 -14.91 -14.91 -14.91 -14.91 -14.91 -14.91
1948.00 -14.45 -14.45 -14.45 -14.45 -14.45 -14.45 -14.45 -14.45 -14.45 -14.45 -14.45 -14.45 -14.45 -14.45 -14.45 -14.45 -14.45 -14.45 -14.45 -14.45 -14.45 -14.45 -14.45
1949.00 -15.78 -15.78 -15.78 -15.78 -15.78 -15.78 -15.78 -15.78 -15.78 -15.78 -15.78 -15.78 -15.78 -15.78 -15.78 -15.78 -15.78 -15.78 -15.78 -15.78 -15.78 -15.78 -15.78
1950.00 -15.82 -15.82 -15.82 -15.82 -15.82 -15.82 -15.82 -15.82 -15.82 -15.82 -15.82 -15.82 -15.82 -15.82 -15.82 -15.82 -15.82 -15.82 -15.82 -15.82 -15.82 -15.82 -15.82
1951.00 -16.35 -16.35 -16.35 -16.35 -16.35 -16.35 -16.35 -16.35 -16.35 -16.35 -16.35 -16.35 -16.35 -16.35 -16.35 -16.35 -16.35 -16.35 -16.35 -16.35 -16.35 -16.35 -16.35
1952.00 -16.04 -16.04 -16.04 -16.04 -16.04 -16.04 -16.04 -16.04 -16.04 -16.04 -16.04 -16.04 -16.04 -16.04 -16.04 -16.04 -16.04 -16.04 -16.04 -16.04 -16.04 -16.04 -16.04
1953.00 -18.07 -18.07 -18.07 -18.07 -18.07 -18.07 -18.07 -18.07 -18.07 -18.07 -18.07 -18.07 -18.07 -18.07 -18.07 -18.07 -18.07 -18.07 -18.07 -18.07 -18.07 -18.07 -18.07
1954.00 -16.52 -16.52 -16.52 -16.52 -16.52 -16.52 -16.52 -16.52 -16.52 -16.52 -16.52 -16.52 -16.52 -16.52 -16.52 -16.52 -16.52 -16.52 -16.52 -16.52 -16.52 -16.52 -16.52
1955.00 -17.52 -17.52 -17.52 -17.52 -17.52 -17.52 -17.52 -17.52 -17.52 -17.52 -17.52 -17.52 -17.52 -17.52 -17.52 -17.52 -17.52 -17.52 -17.52 -17.52 -17.52 -17.52 -17.52
1956.00 -17.08 -17.08 -17.08 -17.08 -17.08 -17.08 -17.08 -17.08 -17.08 -17.08 -17.08 -17.08 -17.08 -17.08 -17.08 -17.08 -17.08 -17.08 -17.08 -17.08 -17.08 -17.08 -17.08
1957.00 -18.59 -18.59 -18.59 -18.59 -18.59 -18.59 -18.59 -18.59 -18.59 -18.59 -18.59 -18.59 -18.59 -18.59 -18.59 -18.59 -18.59 -18.59 -18.59 -18.59 -18.59 -18.59 -18.59
1958.00 -18.58 -18.58 -18.58 -18.58 -18.58 -18.58 -18.58 -18.58 -18.58 -18.58 -18.58 -18.58 -18.58 -18.58 -18.58 -18.58 -18.58 -18.58 -18.58 -18.58 -18.58 -18.58 -18.58
1959.00 -19.16 -19.16 -19.16 -19.16 -19.16 -19.16 -19.16 -19.16 -19.16 -19.16 -19.16 -19.16 -19.16 -19.16 -19.16 -19.16 -19.16 -19.16 -19.16 -19.16 -19.16 -19.16 -19.16
1960.00 -19.73 -19.73 -19.73 -19.73 -19.73 -19.73 -19.73 -19.73 -19.73 -19.73 -19.73 -19.73 -19.73 -19.73 -19.73 -19.73 -19.73 -19.73 -19.73 -19.73 -19.73 -19.73 -19.73
1961.00 -18.76 -18.76 -18.76 -18.76 -18.76 -18.76 -18.76 -18.76 -18.76 -18.76 -18.76 -18.76 -18.76 -18.76 -18.76 -18.76 -18.76 -18.76 -18.76 -18.76 -18.76 -18.76 -18.76
1962.00 -18.93 -18.93 -18.93 -18.93 -18.93 -18.93 -18.93 -18.93 -18.93 -18.93 -18.93 -18.93 -18.93 -18.93 -18.93 -18.93 -18.93 -18.93 -18.93 -18.93 -18.93 -18.93 -18.93
1963.00 -19.84 -19.84 -19.84 -19.84 -19.84 -19.84 -19.84 -19.84 -19.84 -19.84 -19.84 -19.84 -19.84 -19.84 -19.84 -19.84 -19.84 -19.84 -19.84 -19.84 -19.84 -19.84 -19.84
1964.00 -20.71 -20.71 -20.71 -20.71 -20.71 -20.71 -20.71 -20.71 -20.71 -20.71 -20.71 -20.71 -20.71 -20.71 -20.71 -20.71 -20.71 -20.71 -20.71 -20.71 -20.71 -20.71 -20.71
1965.00 -20.51 -20.51 -20.51 -20.51 -20.51 -20.51 -20.51 -20.51 -20.51 -20.51 -20.51 -20.51 -20.51 -20.51 -20.51 -20.51 -20.51 -20.51 -20.51 -20.51 -20.51 -20.51 -20.51
1966.00 -20.69 -20.69 -20.69 -20.69 -20.69 -20.69 -20.69 -20.69 -20.69 -20.69 -20.69 -20.69 -20.69 -20.69 -20.69 -20.69 -20.69 -20.69 -20.69 -20.69 -20.69 -20.69 -20.69
1967.00 -21.57 -21.57 -21.57 -21.57 -21.57 -21.57 -21.57 -21.57 -21.57 -21.57 -21.57 -21.57 -21.57 -21.57 -21.57 -21.57 -21.57 -21.57 -21.57 -21.57 -21.57 -21.57 -21.57
1968.00 -21.77 -21.77 -21.77 -21.77 -21.77 -21.77 -21.77 -21.77 -21.77 -21.77 -21.77 -21.77 -21.77 -21.77 -21.77 -21.77 -21.77 -21.77 -21.77 -21.77 -21.77 -21.77 -21.77
1969.00 -22.10 -22.10 -22.10 -22.10 -22.10 -22.10 -22.10 -22.10 -22.10 -22.10 -22.10 -22.10 -22.10 -22.10 -22.10 -22.10 -22.10 -22.10 -22.10 -22.10 -22.10 -22.10 -22.10
1970.00 99.84 99.84 99.84 99.84 99.84 99.84 99.84 99.84 99.84 99.84 99.84 99.84 99.84 99.84 99.84 99.84 99.84 99.84 99.84 99.84 99.84 99.84 99.84
1971.00 106.28 106.28 106.28 106.28 106.28 106.28 106.28 106.28 106.28 106.28 106.28 106.28 106.28 106.28 106.28 106.28 106.28 106.28 106.28 106.28 106.28 106.28 106.28
1972.00 111.44 111.44 111.44 111.44 111.44 111.44 111.44 111.44 111.44 111.44 111.44 111.44 111.44 111.44 111.44 111.44 111.44 111.44 111.44 111.44 111.44 111.44 111.44
1973.00 109.77 109.77 109.77 109.77 109.77 109.77 109.77 109.77 109.77 109.77 109.77 109.77 109.77 109.77 109.77 109.77 109.77 109.77 109.77 109.77 109.77 109.77 109.77
1974.00 114.80 114.80 114.80 114.80 114.80 114.80 114.80 114.80 114.80 114.80 114.80 114.80 114.80 114.80 114.80 114.80 114.80 114.80 114.80 114.80 114.80 114.80 114.80
1975.00 117.38 117.38 117.38 117.38 117.38 117.38 117.38 117.38 117.38 117.38 117.38 117.38 117.38 117.38 117.38 117.38 117.38 117.38 117.38 117.38 117.38 117.38 117.38
1976.00 121.74 121.74 121.74 121.74 121.74 121.74 121.74 121.74 121.74 121.74 121.74 121.74 121.74 121.74 121.74 121.74 121.74 121.74 121.74 121.74 121.74 121.74 121.74
1977.00 124.61 124.61 124.61 124.61 124.61 124.61 124.61 124.61 124.61 124.61 124.61 124.61 124.61 124.61 124.61 124.61 124.61 124.61 124.61 124.61 124.61 124.61 124.61
1978.00 127.28 127.28 127.28 127.28 127.28 127.28 127.28 127.28 127.28 127.28 127.28 127.28 127.28 127.28 127.28 127.28 127.28 127.28 127.28 127.28 127.28 127.28 127.28
1979.00 127.21 127.21 127.21 127.21 127.21 127.21 127.21 127.21 127.21 127.21 127.21 127.21 127.21 127.21 127.21 127.21 127.21 127.21 127.21 127.21 127.21 127.21 127.21
1980.00 130.32 130.32 130.32 130.32 130.32 130.32 130.32 130.32 130.32 130.32 130.32 130.32 130.32 130.32 130.32 130.32 130.32 130.32 130.32 130.32 130.32 130.32 130.32
1981.00 129.20 129.20 129.20 129.20 129.20 129.20 129.20 129.20 129.20 129.20 129.20 129.20 129.20 129.20 129.20 129.20 129.20 129.20 129.20 129.20 129.20 129.20 129.20
1982.00 131.37 131.37 131.37 131.37 131.37 131.37 131.37 131.37 131.37 131.37 131.37 131.37 131.37 131.37 131.37 131.37 131.37 131.37 131.37 131.37 131.37 131.37 131.37
1983.00 129.02 129.02 129.02 129.02 129.02 129.02 129.02 129.02 129.02 129.02 129.02 129.02 129.02 129.02 129.02 129.02 129.02 129.02 129.02 129.02 129.02 129.02 129.02
1984.00 125.08 125.08 125.08 125.08 125.08 125.08 125.08 125.08 125.08 125.08 125.08 125.08 125.08 125.08 125.08 125.08 125.08 125.08 125.08 125.08 125.08 125.08 125.08
1985.00 128.43 128.43 128.43 128.43 128.43 128.43 128.43 128.43 128.43 128.43 128.43 128.43 128.43 128.43 128.43 128.43 128.43 128.43 128.43 128.43 128.43 128.43 128.43
1986.00 108.49 108.49 108.49 108.49 108.49 108.49 108.49 108.49 108.49 108.49 108.49 108.49 108.49 108.49 108.49 108.49 108.49 108.49 108.49 108.49 108.49 108.49 108.49
1987.00 130.26 130.26 130.26 130.26 130.26 130.26 130.26 130.26 130.26 130.26 130.26 130.26 130.26 130.26 130.26 130.26 130.26 130.26 130.26 130.26 130.26 130.26 130.26
1988.00 80.36 82.57 84.77 86.98 89.18 91.39 93.59 95.79 98.00 100.20 102.41 104.61 106.82 109.02 111.23 113.43 115.63 117.84 120.04 122.25 124.45 126.66 128.86
1989.00 80.84 82.97 85.09 87.22 89.34 91.47 93.59 95.72 97.85 99.97 102.10 104.22 106.35 108.47 110.60 112.73 114.85 116.98 119.10 121.23 123.35 125.48 127.61
1990.00 77.90 79.94 81.98 84.02 86.05 88.09 90.13 92.17 94.21 96.25 98.29 100.33 102.37 104.41 106.45 108.49 110.53 112.57 114.61 116.65 118.68 120.72 122.76
1991.00 77.57 79.56 81.56 83.55 85.54 87.54 89.53 91.53 93.52 95.51 97.51 99.50 101.50 103.49 105.48 107.48 109.47 111.47 113.46 115.45 117.45 119.44 121.44
1992.00 75.56 77.53 79.50 81.47 83.44 85.41 87.38 89.35 91.32 93.29 95.26 97.23 99.20 101.17 103.14 105.11 107.08 109.05 111.02 112.99 114.96 116.93 118.90
1993.00 75.69 77.63 79.57 81.51 83.45 85.39 87.33 89.27 91.21 93.15 95.09 97.03 98.97 100.91 102.85 104.79 106.73 108.67 110.61 112.55 114.49 116.43 118.37
1994.00 74.41 76.32 78.24 80.15 82.06 83.97 85.88 87.79 89.70 91.61 93.53 95.44 97.35 99.26 101.17 103.08 104.99 106.91 108.82 110.73 112.64 114.55 116.46
1995.00 74.60 76.51 78.42 80.32 82.23 84.14 86.05 87.95 89.86 91.77 93.67 95.58 97.49 99.39 101.30 103.21 105.12 107.02 108.93 110.84 112.74 114.65 116.56
1996.00 72.80 74.66 76.53 78.40 80.27 82.14 84.01 85.87 87.74 89.61 91.48 93.35 95.22 97.08 98.95 100.82 102.69 104.56 106.43 108.29 110.16 112.03 113.90
1997.00 72.51 74.36 76.22 78.08 79.94 81.80 83.66 85.52 87.38 89.24 91.09 92.95 94.81 96.67 98.53 100.39 102.25 104.11 105.96 107.82 109.68 111.54 113.40
1998.00 72.00 73.83 75.66 77.49 79.32 81.15 82.98 84.81 86.65 88.48 90.31 92.14 93.97 95.80 97.63 99.46 101.29 103.12 104.95 106.78 108.61 110.44 112.27
1999.00 69.53 71.29 73.06 74.83 76.60 78.36 80.13 81.90 83.67 85.44 87.20 88.97 90.74 92.51 94.27 96.04 97.81 99.58 101.34 103.11 104.88 106.65 108.42
2000.00 66.71 68.38 70.04 71.71 73.37 75.04 76.71 78.37 80.04 81.70 83.37 85.04 86.70 88.37 90.03 91.70 93.37 95.03 96.70 98.37 100.03 101.70 103.36
2001.00 65.28 66.89 68.50 70.11 71.72 73.33 74.94 76.55 78.16 79.77 81.38 82.99 84.60 86.21 87.82 89.42 91.03 92.64 94.25 95.86 97.47 99.08 100.69
2002.00 62.88 64.45 66.03 67.60 69.17 70.75 72.32 73.90 75.47 77.05 78.62 80.19 81.77 83.34 84.92 86.49 88.07 89.64 91.21 92.79 94.36 95.94 97.51
2003.00 62.15 63.70 65.25 66.80 68.35 69.90 71.45 73.00 74.55 76.10 77.65 79.20 80.75 82.30 83.85 85.40 86.95 88.50 90.05 91.60 93.15 94.70 96.25
2004.00 59.68 61.12 62.57 64.02 65.46 66.91 68.35 69.80 71.25 72.69 74.14 75.58 77.03 78.47 79.92 81.37 82.81 84.26 85.70 87.15 88.60 90.04 91.49
2005.00 59.08 60.50 61.92 63.34 64.75 66.17 67.59 69.01 70.43 71.85 73.27 74.69 76.11 77.53 78.95 80.37 81.79 83.20 84.62 86.04 87.46 88.88 90.30
2006.00 58.20 59.58 60.96 62.34 63.72 65.10 66.48 67.86 69.24 70.62 72.00 73.38 74.76 76.14 77.52 78.91 80.29 81.67 83.05 84.43 85.81 87.19 88.57
2007.00 56.46 57.80 59.13 60.47 61.80 63.14 64.47 65.81 67.14 68.48 69.81 71.14 72.48 73.81 75.15 76.48 77.82 79.15 80.49 81.82 83.16 84.49 85.83
2008.00 53.29 54.55 55.81 57.06 58.32 59.58 60.84 62.09 63.35 64.61 65.86 67.12 68.38 69.64 70.89 72.15 73.41 74.66 75.92 77.18 78.44 79.69 80.95
2009.00 51.44 52.63 53.82 55.01 56.20 57.39 58.58 59.77 60.96 62.15 63.34 64.53 65.73 66.92 68.11 69.30 70.49 71.68 72.87 74.06 75.25 76.44 77.63
2010.00 48.18 49.25 50.33 51.41 52.49 53.57 54.64 55.72 56.80 57.88 58.96 60.03 61.11 62.19 63.27 64.35 65.42 66.50 67.58 68.66 69.74 70.81 71.89
2011.00 46.95 48.00 49.04 50.08 51.13 52.17 53.21 54.25 55.30 56.34 57.38 58.43 59.47 60.51 61.56 62.60 63.64 64.69 65.73 66.77 67.81 68.86 69.90
2012.00 44.66 45.67 46.68 47.69 48.70 49.71 50.72 51.73 52.74 53.75 54.76 55.76 56.77 57.78 58.79 59.80 60.81 61.82 62.83 63.84 64.85 65.86 66.87
2013.00 44.16 45.13 46.10 47.07 48.05 49.02 49.99 50.96 51.93 52.90 53.88 54.85 55.82 56.79 57.76 58.73 59.71 60.68 61.65 62.62 63.59 64.56 65.54
2014.00 42.40 43.33 44.26 45.18 46.11 47.04 47.97 48.89 49.82 50.75 51.68 52.61 53.53 54.46 55.39 56.32 57.24 58.17 59.10 60.03 60.96 61.88 62.81
2015.00 42.13 43.05 43.97 44.89 45.81 46.73 47.66 48.58 49.50 50.42 51.34 52.26 53.18 54.10 55.02 55.94 56.86 57.78 58.70 59.62 60.54 61.46 62.38
2016.00 41.88 42.78 43.67 44.57 45.47 46.36 47.26 48.15 49.05 49.94 50.84 51.74 52.63 53.53 54.42 55.32 56.22 57.11 58.01 58.90 59.80 60.69 61.59
2017.00 39.62 40.48 41.35 42.21 43.08 43.94 44.81 45.67 46.54 47.41 48.27 49.14 50.00 50.87 51.73 52.60 53.46 54.33 55.20 56.06 56.93 57.79 58.66
2018.00 13.56 13.56 13.56 13.56 13.56 13.56 13.56 13.56 13.56 13.56 13.56 13.56 13.56 13.56 13.56 13.56 13.56 13.56 13.56 13.56 13.56 13.56 13.56
2019.00 11.50 11.50 11.50 11.50 11.50 11.50 11.50 11.50 11.50 11.50 11.50 11.50 11.50 11.50 11.50 11.50 11.50 11.50 11.50 11.50 11.50 11.50 11.50
2020.00 12.59 12.59 12.59 12.59 12.59 12.59 12.59 12.59 12.59 12.59 12.59 12.59 12.59 12.59 12.59 12.59 12.59 12.59 12.59 12.59 12.59 12.59 12.59
2021.00 11.75 11.75 11.75 11.75 11.75 11.75 11.75 11.75 11.75 11.75 11.75 11.75 11.75 11.75 11.75 11.75 11.75 11.75 11.75 11.75 11.75 11.75 11.75
2022.00 11.39 11.39 11.39 11.39 11.39 11.39 11.39 11.39 11.39 11.39 11.39 11.39 11.39 11.39 11.39 11.39 11.39 11.39 11.39 11.39 11.39 11.39 11.39
2023.00 10.21 10.21 10.21 10.21 10.21 10.21 10.21 10.21 10.21 10.21 10.21 10.21 10.21 10.21 10.21 10.21 10.21 10.21 10.21 10.21 10.21 10.21 10.21
2024.00 10.58 10.58 10.58 10.58 10.58 10.58 10.58 10.58 10.58 10.58 10.58 10.58 10.58 10.58 10.58 10.58 10.58 10.58 10.58 10.58 10.58 10.58 10.58
2025.00 8.14 8.14 8.14 8.14 8.14 8.14 8.14 8.14 8.14 8.14 8.14 8.14 8.14 8.14 8.14 8.14 8.14 8.14 8.14 8.14 8.14 8.14 8.14
2026.00 8.15 8.15 8.15 8.15 8.15 8.15 8.15 8.15 8.15 8.15 8.15 8.15 8.15 8.15 8.15 8.15 8.15 8.15 8.15 8.15 8.15 8.15 8.15
2027.00 6.80 6.80 6.80 6.80 6.80 6.80 6.80 6.80 6.80 6.80 6.80 6.80 6.80 6.80 6.80 6.80 6.80 6.80 6.80 6.80 6.80 6.80 6.80
2028.00 6.43 6.43 6.43 6.43 6.43 6.43 6.43 6.43 6.43 6.43 6.43 6.43 6.43 6.43 6.43 6.43 6.43 6.43 6.43 6.43 6.43 6.43 6.43
2029.00 5.78 5.78 5.78 5.78 5.78 5.78 5.78 5.78 5.78 5.78 5.78 5.78 5.78 5.78 5.78 5.78 5.78 5.78 5.78 5.78 5.78 5.78 5.78
2030.00 4.38 4.38 4.38 4.38 4.38 4.38 4.38 4.38 4.38 4.38 4.38 4.38 4.38 4.38 4.38 4.38 4.38 4.38 4.38 4.38 4.38 4.38 4.38
2031.00 4.25 4.25 4.25 4.25 4.25 4.25 4.25 4.25 4.25 4.25 4.25 4.25 4.25 4.25 4.25 4.25 4.25 4.25 4.25 4.25 4.25 4.25 4.25
2032.00 4.07 4.07 4.07 4.07 4.07 4.07 4.07 4.07 4.07 4.07 4.07 4.07 4.07 4.07 4.07 4.07 4.07 4.07 4.07 4.07 4.07 4.07 4.07
2033.00 2.79 2.79 2.79 2.79 2.79 2.79 2.79 2.79 2.79 2.79 2.79 2.79 2.79 2.79 2.79 2.79 2.79 2.79 2.79 2.79 2.79 2.79 2.79
2034.00 3.87 3.87 3.87 3.87 3.87 3.87 3.87 3.87 3.87 3.87 3.87 3.87 3.87 3.87 3.87 3.87 3.87 3.87 3.87 3.87 3.87 3.87 3.87
2035.00 1.92 1.92 1.92 1.92 1.92 1.92 1.92 1.92 1.92 1.92 1.92 1.92 1.92 1.92 1.92 1.92 1.92 1.92 1.92 1.92 1.92 1.92 1.92
2036.00 1.55 1.55 1.55 1.55 1.55 1.55 1.55 1.55 1.55 1.55 1.55 1.55 1.55 1.55 1.55 1.55 1.55 1.55 1.55 1.55 1.55 1.55 1.55
2037.00 1.44 1.44 1.44 1.44 1.44 1.44 1.44 1.44 1.44 1.44 1.44 1.44 1.44 1.44 1.44 1.44 1.44 1.44 1.44 1.44 1.44 1.44 1.44
2038.00 1.40 1.40 1.40 1.40 1.40 1.40 1.40 1.40 1.40 1.40 1.40 1.40 1.40 1.40 1.40 1.40 1.40 1.40 1.40 1.40 1.40 1.40 1.40
2039.00 1.19 1.19 1.19 1.19 1.19 1.19 1.19 1.19 1.19 1.19 1.19 1.19 1.19 1.19 1.19 1.19 1.19 1.19 1.19 1.19 1.19 1.19 1.19
2040.00 1.17 1.17 1.17 1.17 1.17 1.17 1.17 1.17 1.17 1.17 1.17 1.17 1.17 1.17 1.17 1.17 1.17 1.17 1.17 1.17 1.17 1.17 1.17
2041.00 1.04 1.04 1.04 1.04 1.04 1.04 1.04 1.04 1.04 1.04 1.04 1.04 1.04 1.04 1.04 1.04 1.04 1.04 1.04 1.04 1.04 1.04 1.04
2042.00 1.50 1.50 1.50 1.50 1.50 1.50 1.50 1.50 1.50 1.50 1.50 1.50 1.50 1.50 1.50 1.50 1.50 1.50 1.50 1.50 1.50 1.50 1.50
2043.00 1.07 1.07 1.07 1.07 1.07 1.07 1.07 1.07 1.07 1.07 1.07 1.07 1.07 1.07 1.07 1.07 1.07 1.07 1.07 1.07 1.07 1.07 1.07
2044.00 1.59 1.59 1.59 1.59 1.59 1.59 1.59 1.59 1.59 1.59 1.59 1.59 1.59 1.59 1.59 1.59 1.59 1.59 1.59 1.59 1.59 1.59 1.59
2045.00 1.39 1.39 1.39 1.39 1.39 1.39 1.39 1.39 1.39 1.39 1.39 1.39 1.39 1.39 1.39 1.39 1.39 1.39 1.39 1.39 1.39 1.39 1.39
2046.00 1.36 1.36 1.36 1.36 1.36 1.36 1.36 1.36 1.36 1.36 1.36 1.36 1.36 1.36 1.36 1.36 1.36 1.36 1.36 1.36 1.36 1.36 1.36
2047.00 1.18 1.18 1.18 1.18 1.18 1.18 1.18 1.18 1.18 1.18 1.18 1.18 1.18 1.18 1.18 1.18 1.18 1.18 1.18 1.18 1.18 1.18 1.18
2048.00 1.58 1.58 1.58 1.58 1.58 1.58 1.58 1.58 1.58 1.58 1.58 1.58 1.58 1.58 1.58 1.58 1.58 1.58 1.58 1.58 1.58 1.58 1.58
2049.00 1.10 1.10 1.10 1.10 1.10 1.10 1.10 1.10 1.10 1.10 1.10 1.10 1.10 1.10 1.10 1.10 1.10 1.10 1.10 1.10 1.10 1.10 1.10
2050.00 1.40 1.40 1.40 1.40 1.40 1.40 1.40 1.40 1.40 1.40 1.40 1.40 1.40 1.40 1.40 1.40 1.40 1.40 1.40 1.40 1.40 1.40 1.40
2051.00 0.84 0.84 0.84 0.84 0.84 0.84 0.84 0.84 0.84 0.84 0.84 0.84 0.84 0.84 0.84 0.84 0.84 0.84 0.84 0.84 0.84 0.84 0.84
2052.00 1.16 1.16 1.16 1.16 1.16 1.16 1.16 1.16 1.16 1.16 1.16 1.16 1.16 1.16 1.16 1.16 1.16 1.16 1.16 1.16 1.16 1.16 1.16
2053.00 0.92 0.92 0.92 0.92 0.92 0.92 0.92 0.92 0.92 0.92 0.92 0.92 0.92 0.92 0.92 0.92 0.92 0.92 0.92 0.92 0.92 0.92 0.92
2054.00 1.13 1.13 1.13 1.13 1.13 1.13 1.13 1.13 1.13 1.13 1.13 1.13 1.13 1.13 1.13 1.13 1.13 1.13 1.13 1.13 1.13 1.13 1.13
2055.00 0.88 0.88 0.88 0.88 0.88 0.88 0.88 0.88 0.88 0.88 0.88 0.88 0.88 0.88 0.88 0.88 0.88 0.88 0.88 0.88 0.88 0.88 0.88
2056.00 1.30 1.30 1.30 1.30 1.30 1.30 1.30 1.30 1.30 1.30 1.30 1.30 1.30 1.30 1.30 1.30 1.30 1.30 1.30 1.30 1.30 1.30 1.30
2057.00 0.88 0.88 0.88 0.88 0.88 0.88 0.88 0.88 0.88 0.88 0.88 0.88 0.88 0.88 0.88 0.88 0.88 0.88 0.88 0.88 0.88 0.88 0.88
2058.00 0.88 0.88 0.88 0.88 0.88 0.88 0.88 0.88 0.88 0.88 0.88 0.88 0.88 0.88 0.88 0.88 0.88 0.88 0.88 0.88 0.88 0.88 0.88
2059.00 0.80 0.80 0.80 0.80 0.80 0.80 0.80 0.80 0.80 0.80 0.80 0.80 0.80 0.80 0.80 0.80 0.80 0.80 0.80 0.80 0.80 0.80 0.80
2060.00 0.94 0.94 0.94 0.94 0.94 0.94 0.94 0.94 0.94 0.94 0.94 0.94 0.94 0.94 0.94 0.94 0.94 0.94 0.94 0.94 0.94 0.94 0.94
2061.00 0.50 0.50 0.50 0.50 0.50 0.50 0.50 0.50 0.50 0.50 0.50 0.50 0.50 0.50 0.50 0.50 0.50 0.50 0.50 0.50 0.50 0.50 0.50
2062.00 0.75 0.75 0.75 0.75 0.75 0.75 0.75 0.75 0.75 0.75 0.75 0.75 0.75 0.75 0.75 0.75 0.75 0.75 0.75 0.75 0.75 0.75 0.75
2063.00 0.53 0.53 0.53 0.53 0.53 0.53 0.53 0.53 0.53 0.53 0.53 0.53 0.53 0.53 0.53 0.53 0.53 0.53 0.53 0.53 0.53 0.53 0.53
2064.00 0.70 0.70 0.70 0.70 0.70 0.70 0.70 0.70 0.70 0.70 0.70 0.70 0.70 0.70 0.70 0.70 0.70 0.70 0.70 0.70 0.70 0.70 0.70
2065.00 0.36 0.36 0.36 0.36 0.36 0.36 0.36 0.36 0.36 0.36 0.36 0.36 0.36 0.36 0.36 0.36 0.36 0.36 0.36 0.36 0.36 0.36 0.36
