# yearspad, alpred
# [0.6  0.62 0.64 0.66 0.68 0.7  0.72 0.74 0.76 0.78 0.8  0.82 0.84 0.86
#  0.88 0.9  0.92 0.94 0.96 0.98 1.   1.02 1.04]
1922.00 4.41 4.41 4.41 4.41 4.41 4.41 4.41 4.41 4.41 4.41 4.41 4.41 4.41 4.41 4.41 4.41 4.41 4.41 4.41 4.41 4.41 4.41 4.41
1923.00 4.57 4.57 4.57 4.57 4.57 4.57 4.57 4.57 4.57 4.57 4.57 4.57 4.57 4.57 4.57 4.57 4.57 4.57 4.57 4.57 4.57 4.57 4.57
1924.00 4.83 4.83 4.83 4.83 4.83 4.83 4.83 4.83 4.83 4.83 4.83 4.83 4.83 4.83 4.83 4.83 4.83 4.83 4.83 4.83 4.83 4.83 4.83
1925.00 4.95 4.95 4.95 4.95 4.95 4.95 4.95 4.95 4.95 4.95 4.95 4.95 4.95 4.95 4.95 4.95 4.95 4.95 4.95 4.95 4.95 4.95 4.95
1926.00 4.82 4.82 4.82 4.82 4.82 4.82 4.82 4.82 4.82 4.82 4.82 4.82 4.82 4.82 4.82 4.82 4.82 4.82 4.82 4.82 4.82 4.82 4.82
1927.00 4.77 4.77 4.77 4.77 4.77 4.77 4.77 4.77 4.77 4.77 4.77 4.77 4.77 4.77 4.77 4.77 4.77 4.77 4.77 4.77 4.77 4.77 4.77
1928.00 4.41 4.41 4.41 4.41 4.41 4.41 4.41 4.41 4.41 4.41 4.41 4.41 4.41 4.41 4.41 4.41 4.41 4.41 4.41 4.41 4.41 4.41 4.41
1929.00 4.04 4.04 4.04 4.04 4.04 4.04 4.04 4.04 4.04 4.04 4.04 4.04 4.04 4.04 4.04 4.04 4.04 4.04 4.04 4.04 4.04 4.04 4.04
1930.00 3.54 3.54 3.54 3.54 3.54 3.54 3.54 3.54 3.54 3.54 3.54 3.54 3.54 3.54 3.54 3.54 3.54 3.54 3.54 3.54 3.54 3.54 3.54
1931.00 3.03 3.03 3.03 3.03 3.03 3.03 3.03 3.03 3.03 3.03 3.03 3.03 3.03 3.03 3.03 3.03 3.03 3.03 3.03 3.03 3.03 3.03 3.03
1932.00 2.49 2.49 2.49 2.49 2.49 2.49 2.49 2.49 2.49 2.49 2.49 2.49 2.49 2.49 2.49 2.49 2.49 2.49 2.49 2.49 2.49 2.49 2.49
1933.00 2.03 2.03 2.03 2.03 2.03 2.03 2.03 2.03 2.03 2.03 2.03 2.03 2.03 2.03 2.03 2.03 2.03 2.03 2.03 2.03 2.03 2.03 2.03
1934.00 1.37 1.37 1.37 1.37 1.37 1.37 1.37 1.37 1.37 1.37 1.37 1.37 1.37 1.37 1.37 1.37 1.37 1.37 1.37 1.37 1.37 1.37 1.37
1935.00 0.96 0.96 0.96 0.96 0.96 0.96 0.96 0.96 0.96 0.96 0.96 0.96 0.96 0.96 0.96 0.96 0.96 0.96 0.96 0.96 0.96 0.96 0.96
1936.00 0.57 0.57 0.57 0.57 0.57 0.57 0.57 0.57 0.57 0.57 0.57 0.57 0.57 0.57 0.57 0.57 0.57 0.57 0.57 0.57 0.57 0.57 0.57
1937.00 -0.06 -0.06 -0.06 -0.06 -0.06 -0.06 -0.06 -0.06 -0.06 -0.06 -0.06 -0.06 -0.06 -0.06 -0.06 -0.06 -0.06 -0.06 -0.06 -0.06 -0.06 -0.06 -0.06
1938.00 -0.35 -0.35 -0.35 -0.35 -0.35 -0.35 -0.35 -0.35 -0.35 -0.35 -0.35 -0.35 -0.35 -0.35 -0.35 -0.35 -0.35 -0.35 -0.35 -0.35 -0.35 -0.35 -0.35
1939.00 -0.83 -0.83 -0.83 -0.83 -0.83 -0.83 -0.83 -0.83 -0.83 -0.83 -0.83 -0.83 -0.83 -0.83 -0.83 -0.83 -0.83 -0.83 -0.83 -0.83 -0.83 -0.83 -0.83
1940.00 -1.46 -1.46 -1.46 -1.46 -1.46 -1.46 -1.46 -1.46 -1.46 -1.46 -1.46 -1.46 -1.46 -1.46 -1.46 -1.46 -1.46 -1.46 -1.46 -1.46 -1.46 -1.46 -1.46
1941.00 -1.46 -1.46 -1.46 -1.46 -1.46 -1.46 -1.46 -1.46 -1.46 -1.46 -1.46 -1.46 -1.46 -1.46 -1.46 -1.46 -1.46 -1.46 -1.46 -1.46 -1.46 -1.46 -1.46
1942.00 -1.81 -1.81 -1.81 -1.81 -1.81 -1.81 -1.81 -1.81 -1.81 -1.81 -1.81 -1.81 -1.81 -1.81 -1.81 -1.81 -1.81 -1.81 -1.81 -1.81 -1.81 -1.81 -1.81
1943.00 -2.11 -2.11 -2.11 -2.11 -2.11 -2.11 -2.11 -2.11 -2.11 -2.11 -2.11 -2.11 -2.11 -2.11 -2.11 -2.11 -2.11 -2.11 -2.11 -2.11 -2.11 -2.11 -2.11
1944.00 -2.41 -2.41 -2.41 -2.41 -2.41 -2.41 -2.41 -2.41 -2.41 -2.41 -2.41 -2.41 -2.41 -2.41 -2.41 -2.41 -2.41 -2.41 -2.41 -2.41 -2.41 -2.41 -2.41
1945.00 -2.55 -2.55 -2.55 -2.55 -2.55 -2.55 -2.55 -2.55 -2.55 -2.55 -2.55 -2.55 -2.55 -2.55 -2.55 -2.55 -2.55 -2.55 -2.55 -2.55 -2.55 -2.55 -2.55
1946.00 -3.02 -3.02 -3.02 -3.02 -3.02 -3.02 -3.02 -3.02 -3.02 -3.02 -3.02 -3.02 -3.02 -3.02 -3.02 -3.02 -3.02 -3.02 -3.02 -3.02 -3.02 -3.02 -3.02
1947.00 -3.09 -3.09 -3.09 -3.09 -3.09 -3.09 -3.09 -3.09 -3.09 -3.09 -3.09 -3.09 -3.09 -3.09 -3.09 -3.09 -3.09 -3.09 -3.09 -3.09 -3.09 -3.09 -3.09
1948.00 -3.56 -3.56 -3.56 -3.56 -3.56 -3.56 -3.56 -3.56 -3.56 -3.56 -3.56 -3.56 -3.56 -3.56 -3.56 -3.56 -3.56 -3.56 -3.56 -3.56 -3.56 -3.56 -3.56
1949.00 -3.45 -3.45 -3.45 -3.45 -3.45 -3.45 -3.45 -3.45 -3.45 -3.45 -3.45 -3.45 -3.45 -3.45 -3.45 -3.45 -3.45 -3.45 -3.45 -3.45 -3.45 -3.45 -3.45
1950.00 -3.94 -3.94 -3.94 -3.94 -3.94 -3.94 -3.94 -3.94 -3.94 -3.94 -3.94 -3.94 -3.94 -3.94 -3.94 -3.94 -3.94 -3.94 -3.94 -3.94 -3.94 -3.94 -3.94
1951.00 -4.24 -4.24 -4.24 -4.24 -4.24 -4.24 -4.24 -4.24 -4.24 -4.24 -4.24 -4.24 -4.24 -4.24 -4.24 -4.24 -4.24 -4.24 -4.24 -4.24 -4.24 -4.24 -4.24
1952.00 -4.67 -4.67 -4.67 -4.67 -4.67 -4.67 -4.67 -4.67 -4.67 -4.67 -4.67 -4.67 -4.67 -4.67 -4.67 -4.67 -4.67 -4.67 -4.67 -4.67 -4.67 -4.67 -4.67
1953.00 -5.22 -5.22 -5.22 -5.22 -5.22 -5.22 -5.22 -5.22 -5.22 -5.22 -5.22 -5.22 -5.22 -5.22 -5.22 -5.22 -5.22 -5.22 -5.22 -5.22 -5.22 -5.22 -5.22
1954.00 -6.10 -6.10 -6.10 -6.10 -6.10 -6.10 -6.10 -6.10 -6.10 -6.10 -6.10 -6.10 -6.10 -6.10 -6.10 -6.10 -6.10 -6.10 -6.10 -6.10 -6.10 -6.10 -6.10
1955.00 -6.83 -6.83 -6.83 -6.83 -6.83 -6.83 -6.83 -6.83 -6.83 -6.83 -6.83 -6.83 -6.83 -6.83 -6.83 -6.83 -6.83 -6.83 -6.83 -6.83 -6.83 -6.83 -6.83
1956.00 -7.55 -7.55 -7.55 -7.55 -7.55 -7.55 -7.55 -7.55 -7.55 -7.55 -7.55 -7.55 -7.55 -7.55 -7.55 -7.55 -7.55 -7.55 -7.55 -7.55 -7.55 -7.55 -7.55
1957.00 -7.89 -7.89 -7.89 -7.89 -7.89 -7.89 -7.89 -7.89 -7.89 -7.89 -7.89 -7.89 -7.89 -7.89 -7.89 -7.89 -7.89 -7.89 -7.89 -7.89 -7.89 -7.89 -7.89
1958.00 -8.62 -8.62 -8.62 -8.62 -8.62 -8.62 -8.62 -8.62 -8.62 -8.62 -8.62 -8.62 -8.62 -8.62 -8.62 -8.62 -8.62 -8.62 -8.62 -8.62 -8.62 -8.62 -8.62
1959.00 -9.22 -9.22 -9.22 -9.22 -9.22 -9.22 -9.22 -9.22 -9.22 -9.22 -9.22 -9.22 -9.22 -9.22 -9.22 -9.22 -9.22 -9.22 -9.22 -9.22 -9.22 -9.22 -9.22
1960.00 -9.37 -9.37 -9.37 -9.37 -9.37 -9.37 -9.37 -9.37 -9.37 -9.37 -9.37 -9.37 -9.37 -9.37 -9.37 -9.37 -9.37 -9.37 -9.37 -9.37 -9.37 -9.37 -9.37
1961.00 -9.98 -9.98 -9.98 -9.98 -9.98 -9.98 -9.98 -9.98 -9.98 -9.98 -9.98 -9.98 -9.98 -9.98 -9.98 -9.98 -9.98 -9.98 -9.98 -9.98 -9.98 -9.98 -9.98
1962.00 -10.65 -10.65 -10.65 -10.65 -10.65 -10.65 -10.65 -10.65 -10.65 -10.65 -10.65 -10.65 -10.65 -10.65 -10.65 -10.65 -10.65 -10.65 -10.65 -10.65 -10.65 -10.65 -10.65
1963.00 -10.67 -10.67 -10.67 -10.67 -10.67 -10.67 -10.67 -10.67 -10.67 -10.67 -10.67 -10.67 -10.67 -10.67 -10.67 -10.67 -10.67 -10.67 -10.67 -10.67 -10.67 -10.67 -10.67
1964.00 -10.97 -10.97 -10.97 -10.97 -10.97 -10.97 -10.97 -10.97 -10.97 -10.97 -10.97 -10.97 -10.97 -10.97 -10.97 -10.97 -10.97 -10.97 -10.97 -10.97 -10.97 -10.97 -10.97
1965.00 -11.61 -11.61 -11.61 -11.61 -11.61 -11.61 -11.61 -11.61 -11.61 -11.61 -11.61 -11.61 -11.61 -11.61 -11.61 -11.61 -11.61 -11.61 -11.61 -11.61 -11.61 -11.61 -11.61
1966.00 -11.96 -11.96 -11.96 -11.96 -11.96 -11.96 -11.96 -11.96 -11.96 -11.96 -11.96 -11.96 -11.96 -11.96 -11.96 -11.96 -11.96 -11.96 -11.96 -11.96 -11.96 -11.96 -11.96
1967.00 -12.52 -12.52 -12.52 -12.52 -12.52 -12.52 -12.52 -12.52 -12.52 -12.52 -12.52 -12.52 -12.52 -12.52 -12.52 -12.52 -12.52 -12.52 -12.52 -12.52 -12.52 -12.52 -12.52
1968.00 -13.45 -13.45 -13.45 -13.45 -13.45 -13.45 -13.45 -13.45 -13.45 -13.45 -13.45 -13.45 -13.45 -13.45 -13.45 -13.45 -13.45 -13.45 -13.45 -13.45 -13.45 -13.45 -13.45
1969.00 -14.10 -14.10 -14.10 -14.10 -14.10 -14.10 -14.10 -14.10 -14.10 -14.10 -14.10 -14.10 -14.10 -14.10 -14.10 -14.10 -14.10 -14.10 -14.10 -14.10 -14.10 -14.10 -14.10
1970.00 106.40 106.40 106.40 106.40 106.40 106.40 106.40 106.40 106.40 106.40 106.40 106.40 106.40 106.40 106.40 106.40 106.40 106.40 106.40 106.40 106.40 106.40 106.40
1971.00 108.84 108.84 108.84 108.84 108.84 108.84 108.84 108.84 108.84 108.84 108.84 108.84 108.84 108.84 108.84 108.84 108.84 108.84 108.84 108.84 108.84 108.84 108.84
1972.00 108.68 108.68 108.68 108.68 108.68 108.68 108.68 108.68 108.68 108.68 108.68 108.68 108.68 108.68 108.68 108.68 108.68 108.68 108.68 108.68 108.68 108.68 108.68
1973.00 110.42 110.42 110.42 110.42 110.42 110.42 110.42 110.42 110.42 110.42 110.42 110.42 110.42 110.42 110.42 110.42 110.42 110.42 110.42 110.42 110.42 110.42 110.42
1974.00 114.66 114.66 114.66 114.66 114.66 114.66 114.66 114.66 114.66 114.66 114.66 114.66 114.66 114.66 114.66 114.66 114.66 114.66 114.66 114.66 114.66 114.66 114.66
1975.00 116.04 116.04 116.04 116.04 116.04 116.04 116.04 116.04 116.04 116.04 116.04 116.04 116.04 116.04 116.04 116.04 116.04 116.04 116.04 116.04 116.04 116.04 116.04
1976.00 121.43 121.43 121.43 121.43 121.43 121.43 121.43 121.43 121.43 121.43 121.43 121.43 121.43 121.43 121.43 121.43 121.43 121.43 121.43 121.43 121.43 121.43 121.43
1977.00 124.19 124.19 124.19 124.19 124.19 124.19 124.19 124.19 124.19 124.19 124.19 124.19 124.19 124.19 124.19 124.19 124.19 124.19 124.19 124.19 124.19 124.19 124.19
1978.00 126.59 126.59 126.59 126.59 126.59 126.59 126.59 126.59 126.59 126.59 126.59 126.59 126.59 126.59 126.59 126.59 126.59 126.59 126.59 126.59 126.59 126.59 126.59
1979.00 126.41 126.41 126.41 126.41 126.41 126.41 126.41 126.41 126.41 126.41 126.41 126.41 126.41 126.41 126.41 126.41 126.41 126.41 126.41 126.41 126.41 126.41 126.41
1980.00 129.66 129.66 129.66 129.66 129.66 129.66 129.66 129.66 129.66 129.66 129.66 129.66 129.66 129.66 129.66 129.66 129.66 129.66 129.66 129.66 129.66 129.66 129.66
1981.00 129.07 129.07 129.07 129.07 129.07 129.07 129.07 129.07 129.07 129.07 129.07 129.07 129.07 129.07 129.07 129.07 129.07 129.07 129.07 129.07 129.07 129.07 129.07
1982.00 131.15 131.15 131.15 131.15 131.15 131.15 131.15 131.15 131.15 131.15 131.15 131.15 131.15 131.15 131.15 131.15 131.15 131.15 131.15 131.15 131.15 131.15 131.15
1983.00 126.35 126.35 126.35 126.35 126.35 126.35 126.35 126.35 126.35 126.35 126.35 126.35 126.35 126.35 126.35 126.35 126.35 126.35 126.35 126.35 126.35 126.35 126.35
1984.00 117.27 117.27 117.27 117.27 117.27 117.27 117.27 117.27 117.27 117.27 117.27 117.27 117.27 117.27 117.27 117.27 117.27 117.27 117.27 117.27 117.27 117.27 117.27
1985.00 115.90 115.90 115.90 115.90 115.90 115.90 115.90 115.90 115.90 115.90 115.90 115.90 115.90 115.90 115.90 115.90 115.90 115.90 115.90 115.90 115.90 115.90 115.90
1986.00 113.62 113.62 113.62 113.62 113.62 113.62 113.62 113.62 113.62 113.62 113.62 113.62 113.62 113.62 113.62 113.62 113.62 113.62 113.62 113.62 113.62 113.62 113.62
1987.00 105.87 105.87 105.87 105.87 105.87 105.87 105.87 105.87 105.87 105.87 105.87 105.87 105.87 105.87 105.87 105.87 105.87 105.87 105.87 105.87 105.87 105.87 105.87
1988.00 57.86 60.07 62.29 64.50 66.72 68.94 71.15 73.37 75.58 77.80 80.02 82.23 84.45 86.66 88.88 91.09 93.31 95.53 97.74 99.96 102.17 104.39 106.61
1989.00 55.13 57.27 59.41 61.54 63.68 65.82 67.96 70.10 72.23 74.37 76.51 78.65 80.78 82.92 85.06 87.20 89.34 91.47 93.61 95.75 97.89 100.02 102.16
1990.00 53.04 55.10 57.15 59.21 61.26 63.31 65.37 67.42 69.47 71.53 73.58 75.64 77.69 79.74 81.80 83.85 85.91 87.96 90.01 92.07 94.12 96.17 98.23
1991.00 51.99 54.00 56.01 58.02 60.03 62.05 64.06 66.07 68.08 70.09 72.10 74.11 76.12 78.13 80.14 82.15 84.16 86.17 88.18 90.19 92.20 94.21 96.22
1992.00 52.01 54.00 55.99 57.97 59.96 61.95 63.94 65.92 67.91 69.90 71.89 73.87 75.86 77.85 79.84 81.82 83.81 85.80 87.79 89.77 91.76 93.75 95.74
1993.00 51.87 53.82 55.78 57.73 59.69 61.65 63.60 65.56 67.51 69.47 71.43 73.38 75.34 77.29 79.25 81.20 83.16 85.12 87.07 89.03 90.98 92.94 94.90
1994.00 51.53 53.46 55.38 57.31 59.24 61.16 63.09 65.02 66.95 68.87 70.80 72.73 74.66 76.58 78.51 80.44 82.37 84.29 86.22 88.15 90.08 92.00 93.93
1995.00 52.24 54.17 56.10 58.02 59.95 61.88 63.81 65.73 67.66 69.59 71.51 73.44 75.37 77.30 79.22 81.15 83.08 85.00 86.93 88.86 90.79 92.71 94.64
1996.00 52.02 53.91 55.80 57.68 59.57 61.46 63.34 65.23 67.11 69.00 70.89 72.77 74.66 76.54 78.43 80.32 82.20 84.09 85.98 87.86 89.75 91.63 93.52
1997.00 51.97 53.85 55.73 57.61 59.48 61.36 63.24 65.12 66.99 68.87 70.75 72.63 74.50 76.38 78.26 80.14 82.01 83.89 85.77 87.64 89.52 91.40 93.28
1998.00 51.31 53.16 55.01 56.86 58.71 60.56 62.41 64.26 66.10 67.95 69.80 71.65 73.50 75.35 77.20 79.05 80.90 82.74 84.59 86.44 88.29 90.14 91.99
1999.00 50.04 51.82 53.61 55.40 57.18 58.97 60.76 62.54 64.33 66.12 67.91 69.69 71.48 73.27 75.05 76.84 78.63 80.41 82.20 83.99 85.77 87.56 89.35
2000.00 47.09 48.77 50.45 52.13 53.82 55.50 57.18 58.86 60.54 62.22 63.91 65.59 67.27 68.95 70.63 72.32 74.00 75.68 77.36 79.04 80.72 82.41 84.09
2001.00 45.58 47.21 48.83 50.46 52.09 53.71 55.34 56.97 58.59 60.22 61.84 63.47 65.10 66.72 68.35 69.98 71.60 73.23 74.85 76.48 78.11 79.73 81.36
2002.00 45.20 46.79 48.38 49.98 51.57 53.16 54.75 56.35 57.94 59.53 61.12 62.72 64.31 65.90 67.49 69.09 70.68 72.27 73.86 75.45 77.05 78.64 80.23
2003.00 44.47 46.03 47.59 49.16 50.72 52.29 53.85 55.41 56.98 58.54 60.11 61.67 63.23 64.80 66.36 67.92 69.49 71.05 72.62 74.18 75.74 77.31 78.87
2004.00 41.90 43.36 44.82 46.28 47.74 49.21 50.67 52.13 53.59 55.05 56.52 57.98 59.44 60.90 62.36 63.83 65.29 66.75 68.21 69.68 71.14 72.60 74.06
2005.00 41.31 42.74 44.18 45.61 47.05 48.49 49.92 51.36 52.79 54.23 55.67 57.10 58.54 59.97 61.41 62.85 64.28 65.72 67.15 68.59 70.03 71.46 72.90
2006.00 40.55 41.95 43.35 44.74 46.14 47.54 48.94 50.34 51.74 53.13 54.53 55.93 57.33 58.73 60.12 61.52 62.92 64.32 65.72 67.11 68.51 69.91 71.31
2007.00 39.89 41.25 42.60 43.96 45.32 46.68 48.04 49.39 50.75 52.11 53.47 54.83 56.18 57.54 58.90 60.26 61.62 62.97 64.33 65.69 67.05 68.41 69.77
2008.00 37.90 39.17 40.43 41.70 42.97 44.24 45.50 46.77 48.04 49.31 50.57 51.84 53.11 54.37 55.64 56.91 58.18 59.44 60.71 61.98 63.25 64.51 65.78
2009.00 36.49 37.70 38.90 40.11 41.31 42.52 43.72 44.92 46.13 47.33 48.54 49.74 50.95 52.15 53.36 54.56 55.77 56.97 58.17 59.38 60.58 61.79 62.99
2010.00 33.75 34.84 35.93 37.02 38.12 39.21 40.30 41.39 42.48 43.57 44.67 45.76 46.85 47.94 49.03 50.12 51.22 52.31 53.40 54.49 55.58 56.67 57.77
2011.00 33.33 34.38 35.44 36.50 37.55 38.61 39.66 40.72 41.78 42.83 43.89 44.95 46.00 47.06 48.11 49.17 50.23 51.28 52.34 53.40 54.45 55.51 56.56
2012.00 32.73 33.75 34.77 35.79 36.81 37.84 38.86 39.88 40.90 41.92 42.95 43.97 44.99 46.01 47.03 48.06 49.08 50.10 51.12 52.14 53.17 54.19 55.21
2013.00 31.89 32.87 33.86 34.84 35.82 36.81 37.79 38.77 39.76 40.74 41.73 42.71 43.69 44.68 45.66 46.64 47.63 48.61 49.59 50.58 51.56 52.55 53.53
2014.00 30.79 31.73 32.67 33.61 34.55 35.49 36.43 37.37 38.31 39.25 40.19 41.12 42.06 43.00 43.94 44.88 45.82 46.76 47.70 48.64 49.58 50.52 51.46
2015.00 31.08 32.01 32.94 33.87 34.81 35.74 36.67 37.60 38.53 39.47 40.40 41.33 42.26 43.19 44.13 45.06 45.99 46.92 47.85 48.78 49.72 50.65 51.58
2016.00 30.28 31.19 32.09 33.00 33.91 34.82 35.72 36.63 37.54 38.45 39.35 40.26 41.17 42.08 42.98 43.89 44.80 45.70 46.61 47.52 48.43 49.33 50.24
2017.00 29.47 30.35 31.22 32.10 32.98 33.85 34.73 35.61 36.48 37.36 38.24 39.11 39.99 40.87 41.74 42.62 43.50 44.37 45.25 46.12 47.00 47.88 48.75
2018.00 3.43 3.43 3.43 3.43 3.43 3.43 3.43 3.43 3.43 3.43 3.43 3.43 3.43 3.43 3.43 3.43 3.43 3.43 3.43 3.43 3.43 3.43 3.43
2019.00 3.55 3.55 3.55 3.55 3.55 3.55 3.55 3.55 3.55 3.55 3.55 3.55 3.55 3.55 3.55 3.55 3.55 3.55 3.55 3.55 3.55 3.55 3.55
2020.00 3.28 3.28 3.28 3.28 3.28 3.28 3.28 3.28 3.28 3.28 3.28 3.28 3.28 3.28 3.28 3.28 3.28 3.28 3.28 3.28 3.28 3.28 3.28
2021.00 3.50 3.50 3.50 3.50 3.50 3.50 3.50 3.50 3.50 3.50 3.50 3.50 3.50 3.50 3.50 3.50 3.50 3.50 3.50 3.50 3.50 3.50 3.50
2022.00 3.28 3.28 3.28 3.28 3.28 3.28 3.28 3.28 3.28 3.28 3.28 3.28 3.28 3.28 3.28 3.28 3.28 3.28 3.28 3.28 3.28 3.28 3.28
2023.00 3.21 3.21 3.21 3.21 3.21 3.21 3.21 3.21 3.21 3.21 3.21 3.21 3.21 3.21 3.21 3.21 3.21 3.21 3.21 3.21 3.21 3.21 3.21
2024.00 3.03 3.03 3.03 3.03 3.03 3.03 3.03 3.03 3.03 3.03 3.03 3.03 3.03 3.03 3.03 3.03 3.03 3.03 3.03 3.03 3.03 3.03 3.03
2025.00 2.84 2.84 2.84 2.84 2.84 2.84 2.84 2.84 2.84 2.84 2.84 2.84 2.84 2.84 2.84 2.84 2.84 2.84 2.84 2.84 2.84 2.84 2.84
2026.00 2.60 2.60 2.60 2.60 2.60 2.60 2.60 2.60 2.60 2.60 2.60 2.60 2.60 2.60 2.60 2.60 2.60 2.60 2.60 2.60 2.60 2.60 2.60
2027.00 2.63 2.63 2.63 2.63 2.63 2.63 2.63 2.63 2.63 2.63 2.63 2.63 2.63 2.63 2.63 2.63 2.63 2.63 2.63 2.63 2.63 2.63 2.63
2028.00 2.39 2.39 2.39 2.39 2.39 2.39 2.39 2.39 2.39 2.39 2.39 2.39 2.39 2.39 2.39 2.39 2.39 2.39 2.39 2.39 2.39 2.39 2.39
2029.00 2.63 2.63 2.63 2.63 2.63 2.63 2.63 2.63 2.63 2.63 2.63 2.63 2.63 2.63 2.63 2.63 2.63 2.63 2.63 2.63 2.63 2.63 2.63
2030.00 2.68 2.68 2.68 2.68 2.68 2.68 2.68 2.68 2.68 2.68 2.68 2.68 2.68 2.68 2.68 2.68 2.68 2.68 2.68 2.68 2.68 2.68 2.68
2031.00 2.77 2.77 2.77 2.77 2.77 2.77 2.77 2.77 2.77 2.77 2.77 2.77 2.77 2.77 2.77 2.77 2.77 2.77 2.77 2.77 2.77 2.77 2.77
2032.00 3.21 3.21 3.21 3.21 3.21 3.21 3.21 3.21 3.21 3.21 3.21 3.21 3.21 3.21 3.21 3.21 3.21 3.21 3.21 3.21 3.21 3.21 3.21
2033.00 3.48 3.48 3.48 3.48 3.48 3.48 3.48 3.48 3.48 3.48 3.48 3.48 3.48 3.48 3.48 3.48 3.48 3.48 3.48 3.48 3.48 3.48 3.48
2034.00 3.63 3.63 3.63 3.63 3.63 3.63 3.63 3.63 3.63 3.63 3.63 3.63 3.63 3.63 3.63 3.63 3.63 3.63 3.63 3.63 3.63 3.63 3.63
2035.00 4.11 4.11 4.11 4.11 4.11 4.11 4.11 4.11 4.11 4.11 4.11 4.11 4.11 4.11 4.11 4.11 4.11 4.11 4.11 4.11 4.11 4.11 4.11
2036.00 4.24 4.24 4.24 4.24 4.24 4.24 4.24 4.24 4.24 4.24 4.24 4.24 4.24 4.24 4.24 4.24 4.24 4.24 4.24 4.24 4.24 4.24 4.24
2037.00 4.35 4.35 4.35 4.35 4.35 4.35 4.35 4.35 4.35 4.35 4.35 4.35 4.35 4.35 4.35 4.35 4.35 4.35 4.35 4.35 4.35 4.35 4.35
2038.00 4.28 4.28 4.28 4.28 4.28 4.28 4.28 4.28 4.28 4.28 4.28 4.28 4.28 4.28 4.28 4.28 4.28 4.28 4.28 4.28 4.28 4.28 4.28
2039.00 4.37 4.37 4.37 4.37 4.37 4.37 4.37 4.37 4.37 4.37 4.37 4.37 4.37 4.37 4.37 4.37 4.37 4.37 4.37 4.37 4.37 4.37 4.37
2040.00 4.40 4.40 4.40 4.40 4.40 4.40 4.40 4.40 4.40 4.40 4.40 4.40 4.40 4.40 4.40 4.40 4.40 4.40 4.40 4.40 4.40 4.40 4.40
2041.00 4.34 4.34 4.34 4.34 4.34 4.34 4.34 4.34 4.34 4.34 4.34 4.34 4.34 4.34 4.34 4.34 4.34 4.34 4.34 4.34 4.34 4.34 4.34
2042.00 4.40 4.40 4.40 4.40 4.40 4.40 4.40 4.40 4.40 4.40 4.40 4.40 4.40 4.40 4.40 4.40 4.40 4.40 4.40 4.40 4.40 4.40 4.40
2043.00 4.65 4.65 4.65 4.65 4.65 4.65 4.65 4.65 4.65 4.65 4.65 4.65 4.65 4.65 4.65 4.65 4.65 4.65 4.65 4.65 4.65 4.65 4.65
2044.00 4.52 4.52 4.52 4.52 4.52 4.52 4.52 4.52 4.52 4.52 4.52 4.52 4.52 4.52 4.52 4.52 4.52 4.52 4.52 4.52 4.52 4.52 4.52
2045.00 4.66 4.66 4.66 4.66 4.66 4.66 4.66 4.66 4.66 4.66 4.66 4.66 4.66 4.66 4.66 4.66 4.66 4.66 4.66 4.66 4.66 4.66 4.66
2046.00 4.74 4.74 4.74 4.74 4.74 4.74 4.74 4.74 4.74 4.74 4.74 4.74 4.74 4.74 4.74 4.74 4.74 4.74 4.74 4.74 4.74 4.74 4.74
2047.00 4.68 4.68 4.68 4.68 4.68 4.68 4.68 4.68 4.68 4.68 4.68 4.68 4.68 4.68 4.68 4.68 4.68 4.68 4.68 4.68 4.68 4.68 4.68
2048.00 4.55 4.55 4.55 4.55 4.55 4.55 4.55 4.55 4.55 4.55 4.55 4.55 4.55 4.55 4.55 4.55 4.55 4.55 4.55 4.55 4.55 4.55 4.55
2049.00 4.51 4.51 4.51 4.51 4.51 4.51 4.51 4.51 4.51 4.51 4.51 4.51 4.51 4.51 4.51 4.51 4.51 4.51 4.51 4.51 4.51 4.51 4.51
2050.00 4.31 4.31 4.31 4.31 4.31 4.31 4.31 4.31 4.31 4.31 4.31 4.31 4.31 4.31 4.31 4.31 4.31 4.31 4.31 4.31 4.31 4.31 4.31
2051.00 4.23 4.23 4.23 4.23 4.23 4.23 4.23 4.23 4.23 4.23 4.23 4.23 4.23 4.23 4.23 4.23 4.23 4.23 4.23 4.23 4.23 4.23 4.23
2052.00 4.07 4.07 4.07 4.07 4.07 4.07 4.07 4.07 4.07 4.07 4.07 4.07 4.07 4.07 4.07 4.07 4.07 4.07 4.07 4.07 4.07 4.07 4.07
2053.00 4.00 4.00 4.00 4.00 4.00 4.00 4.00 4.00 4.00 4.00 4.00 4.00 4.00 4.00 4.00 4.00 4.00 4.00 4.00 4.00 4.00 4.00 4.00
2054.00 4.02 4.02 4.02 4.02 4.02 4.02 4.02 4.02 4.02 4.02 4.02 4.02 4.02 4.02 4.02 4.02 4.02 4.02 4.02 4.02 4.02 4.02 4.02
2055.00 4.08 4.08 4.08 4.08 4.08 4.08 4.08 4.08 4.08 4.08 4.08 4.08 4.08 4.08 4.08 4.08 4.08 4.08 4.08 4.08 4.08 4.08 4.08
2056.00 3.99 3.99 3.99 3.99 3.99 3.99 3.99 3.99 3.99 3.99 3.99 3.99 3.99 3.99 3.99 3.99 3.99 3.99 3.99 3.99 3.99 3.99 3.99
2057.00 4.22 4.22 4.22 4.22 4.22 4.22 4.22 4.22 4.22 4.22 4.22 4.22 4.22 4.22 4.22 4.22 4.22 4.22 4.22 4.22 4.22 4.22 4.22
2058.00 4.32 4.32 4.32 4.32 4.32 4.32 4.32 4.32 4.32 4.32 4.32 4.32 4.32 4.32 4.32 4.32 4.32 4.32 4.32 4.32 4.32 4.32 4.32
2059.00 4.28 4.28 4.28 4.28 4.28 4.28 4.28 4.28 4.28 4.28 4.28 4.28 4.28 4.28 4.28 4.28 4.28 4.28 4.28 4.28 4.28 4.28 4.28
2060.00 4.34 4.34 4.34 4.34 4.34 4.34 4.34 4.34 4.34 4.34 4.34 4.34 4.34 4.34 4.34 4.34 4.34 4.34 4.34 4.34 4.34 4.34 4.34
2061.00 4.48 4.48 4.48 4.48 4.48 4.48 4.48 4.48 4.48 4.48 4.48 4.48 4.48 4.48 4.48 4.48 4.48 4.48 4.48 4.48 4.48 4.48 4.48
2062.00 4.31 4.31 4.31 4.31 4.31 4.31 4.31 4.31 4.31 4.31 4.31 4.31 4.31 4.31 4.31 4.31 4.31 4.31 4.31 4.31 4.31 4.31 4.31
2063.00 4.37 4.37 4.37 4.37 4.37 4.37 4.37 4.37 4.37 4.37 4.37 4.37 4.37 4.37 4.37 4.37 4.37 4.37 4.37 4.37 4.37 4.37 4.37
2064.00 4.35 4.35 4.35 4.35 4.35 4.35 4.35 4.35 4.35 4.35 4.35 4.35 4.35 4.35 4.35 4.35 4.35 4.35 4.35 4.35 4.35 4.35 4.35
2065.00 4.41 4.41 4.41 4.41 4.41 4.41 4.41 4.41 4.41 4.41 4.41 4.41 4.41 4.41 4.41 4.41 4.41 4.41 4.41 4.41 4.41 4.41 4.41
