# yearspad, alpred
# [0.6  0.62 0.64 0.66 0.68 0.7  0.72 0.74 0.76 0.78 0.8  0.82 0.84 0.86
#  0.88 0.9  0.92 0.94 0.96 0.98 1.   1.02 1.04]
1922.00 18.49 18.49 18.49 18.49 18.49 18.49 18.49 18.49 18.49 18.49 18.49 18.49 18.49 18.49 18.49 18.49 18.49 18.49 18.49 18.49 18.49 18.49 18.49
1923.00 18.26 18.26 18.26 18.26 18.26 18.26 18.26 18.26 18.26 18.26 18.26 18.26 18.26 18.26 18.26 18.26 18.26 18.26 18.26 18.26 18.26 18.26 18.26
1924.00 18.27 18.27 18.27 18.27 18.27 18.27 18.27 18.27 18.27 18.27 18.27 18.27 18.27 18.27 18.27 18.27 18.27 18.27 18.27 18.27 18.27 18.27 18.27
1925.00 17.77 17.77 17.77 17.77 17.77 17.77 17.77 17.77 17.77 17.77 17.77 17.77 17.77 17.77 17.77 17.77 17.77 17.77 17.77 17.77 17.77 17.77 17.77
1926.00 17.47 17.47 17.47 17.47 17.47 17.47 17.47 17.47 17.47 17.47 17.47 17.47 17.47 17.47 17.47 17.47 17.47 17.47 17.47 17.47 17.47 17.47 17.47
1927.00 17.17 17.17 17.17 17.17 17.17 17.17 17.17 17.17 17.17 17.17 17.17 17.17 17.17 17.17 17.17 17.17 17.17 17.17 17.17 17.17 17.17 17.17 17.17
1928.00 16.76 16.76 16.76 16.76 16.76 16.76 16.76 16.76 16.76 16.76 16.76 16.76 16.76 16.76 16.76 16.76 16.76 16.76 16.76 16.76 16.76 16.76 16.76
1929.00 16.09 16.09 16.09 16.09 16.09 16.09 16.09 16.09 16.09 16.09 16.09 16.09 16.09 16.09 16.09 16.09 16.09 16.09 16.09 16.09 16.09 16.09 16.09
1930.00 15.54 15.54 15.54 15.54 15.54 15.54 15.54 15.54 15.54 15.54 15.54 15.54 15.54 15.54 15.54 15.54 15.54 15.54 15.54 15.54 15.54 15.54 15.54
1931.00 14.68 14.68 14.68 14.68 14.68 14.68 14.68 14.68 14.68 14.68 14.68 14.68 14.68 14.68 14.68 14.68 14.68 14.68 14.68 14.68 14.68 14.68 14.68
1932.00 14.20 14.20 14.20 14.20 14.20 14.20 14.20 14.20 14.20 14.20 14.20 14.20 14.20 14.20 14.20 14.20 14.20 14.20 14.20 14.20 14.20 14.20 14.20
1933.00 13.30 13.30 13.30 13.30 13.30 13.30 13.30 13.30 13.30 13.30 13.30 13.30 13.30 13.30 13.30 13.30 13.30 13.30 13.30 13.30 13.30 13.30 13.30
1934.00 12.74 12.74 12.74 12.74 12.74 12.74 12.74 12.74 12.74 12.74 12.74 12.74 12.74 12.74 12.74 12.74 12.74 12.74 12.74 12.74 12.74 12.74 12.74
1935.00 11.71 11.71 11.71 11.71 11.71 11.71 11.71 11.71 11.71 11.71 11.71 11.71 11.71 11.71 11.71 11.71 11.71 11.71 11.71 11.71 11.71 11.71 11.71
1936.00 10.44 10.44 10.44 10.44 10.44 10.44 10.44 10.44 10.44 10.44 10.44 10.44 10.44 10.44 10.44 10.44 10.44 10.44 10.44 10.44 10.44 10.44 10.44
1937.00 9.33 9.33 9.33 9.33 9.33 9.33 9.33 9.33 9.33 9.33 9.33 9.33 9.33 9.33 9.33 9.33 9.33 9.33 9.33 9.33 9.33 9.33 9.33
1938.00 8.14 8.14 8.14 8.14 8.14 8.14 8.14 8.14 8.14 8.14 8.14 8.14 8.14 8.14 8.14 8.14 8.14 8.14 8.14 8.14 8.14 8.14 8.14
1939.00 6.48 6.48 6.48 6.48 6.48 6.48 6.48 6.48 6.48 6.48 6.48 6.48 6.48 6.48 6.48 6.48 6.48 6.48 6.48 6.48 6.48 6.48 6.48
1940.00 5.28 5.28 5.28 5.28 5.28 5.28 5.28 5.28 5.28 5.28 5.28 5.28 5.28 5.28 5.28 5.28 5.28 5.28 5.28 5.28 5.28 5.28 5.28
1941.00 3.53 3.53 3.53 3.53 3.53 3.53 3.53 3.53 3.53 3.53 3.53 3.53 3.53 3.53 3.53 3.53 3.53 3.53 3.53 3.53 3.53 3.53 3.53
1942.00 2.04 2.04 2.04 2.04 2.04 2.04 2.04 2.04 2.04 2.04 2.04 2.04 2.04 2.04 2.04 2.04 2.04 2.04 2.04 2.04 2.04 2.04 2.04
1943.00 0.23 0.23 0.23 0.23 0.23 0.23 0.23 0.23 0.23 0.23 0.23 0.23 0.23 0.23 0.23 0.23 0.23 0.23 0.23 0.23 0.23 0.23 0.23
1944.00 -1.29 -1.29 -1.29 -1.29 -1.29 -1.29 -1.29 -1.29 -1.29 -1.29 -1.29 -1.29 -1.29 -1.29 -1.29 -1.29 -1.29 -1.29 -1.29 -1.29 -1.29 -1.29 -1.29
1945.00 -2.93 -2.93 -2.93 -2.93 -2.93 -2.93 -2.93 -2.93 -2.93 -2.93 -2.93 -2.93 -2.93 -2.93 -2.93 -2.93 -2.93 -2.93 -2.93 -2.93 -2.93 -2.93 -2.93
1946.00 -4.54 -4.54 -4.54 -4.54 -4.54 -4.54 -4.54 -4.54 -4.54 -4.54 -4.54 -4.54 -4.54 -4.54 -4.54 -4.54 -4.54 -4.54 -4.54 -4.54 -4.54 -4.54 -4.54
1947.00 -6.92 -6.92 -6.92 -6.92 -6.92 -6.92 -6.92 -6.92 -6.92 -6.92 -6.92 -6.92 -6.92 -6.92 -6.92 -6.92 -6.92 -6.92 -6.92 -6.92 -6.92 -6.92 -6.92
1948.00 -8.59 -8.59 -8.59 -8.59 -8.59 -8.59 -8.59 -8.59 -8.59 -8.59 -8.59 -8.59 -8.59 -8.59 -8.59 -8.59 -8.59 -8.59 -8.59 -8.59 -8.59 -8.59 -8.59
1949.00 -10.99 -10.99 -10.99 -10.99 -10.99 -10.99 -10.99 -10.99 -10.99 -10.99 -10.99 -10.99 -10.99 -10.99 -10.99 -10.99 -10.99 -10.99 -10.99 -10.99 -10.99 -10.99 -10.99
1950.00 -12.86 -12.86 -12.86 -12.86 -12.86 -12.86 -12.86 -12.86 -12.86 -12.86 -12.86 -12.86 -12.86 -12.86 -12.86 -12.86 -12.86 -12.86 -12.86 -12.86 -12.86 -12.86 -12.86
1951.00 -14.72 -14.72 -14.72 -14.72 -14.72 -14.72 -14.72 -14.72 -14.72 -14.72 -14.72 -14.72 -14.72 -14.72 -14.72 -14.72 -14.72 -14.72 -14.72 -14.72 -14.72 -14.72 -14.72
1952.00 -16.49 -16.49 -16.49 -16.49 -16.49 -16.49 -16.49 -16.49 -16.49 -16.49 -16.49 -16.49 -16.49 -16.49 -16.49 -16.49 -16.49 -16.49 -16.49 -16.49 -16.49 -16.49 -16.49
1953.00 -18.82 -18.82 -18.82 -18.82 -18.82 -18.82 -18.82 -18.82 -18.82 -18.82 -18.82 -18.82 -18.82 -18.82 -18.82 -18.82 -18.82 -18.82 -18.82 -18.82 -18.82 -18.82 -18.82
1954.00 -20.89 -20.89 -20.89 -20.89 -20.89 -20.89 -20.89 -20.89 -20.89 -20.89 -20.89 -20.89 -20.89 -20.89 -20.89 -20.89 -20.89 -20.89 -20.89 -20.89 -20.89 -20.89 -20.89
1955.00 -22.81 -22.81 -22.81 -22.81 -22.81 -22.81 -22.81 -22.81 -22.81 -22.81 -22.81 -22.81 -22.81 -22.81 -22.81 -22.81 -22.81 -22.81 -22.81 -22.81 -22.81 -22.81 -22.81
1956.00 -24.89 -24.89 -24.89 -24.89 -24.89 -24.89 -24.89 -24.89 -24.89 -24.89 -24.89 -24.89 -24.89 -24.89 -24.89 -24.89 -24.89 -24.89 -24.89 -24.89 -24.89 -24.89 -24.89
1957.00 -27.14 -27.14 -27.14 -27.14 -27.14 -27.14 -27.14 -27.14 -27.14 -27.14 -27.14 -27.14 -27.14 -27.14 -27.14 -27.14 -27.14 -27.14 -27.14 -27.14 -27.14 -27.14 -27.14
1958.00 -29.29 -29.29 -29.29 -29.29 -29.29 -29.29 -29.29 -29.29 -29.29 -29.29 -29.29 -29.29 -29.29 -29.29 -29.29 -29.29 -29.29 -29.29 -29.29 -29.29 -29.29 -29.29 -29.29
1959.00 -31.35 -31.35 -31.35 -31.35 -31.35 -31.35 -31.35 -31.35 -31.35 -31.35 -31.35 -31.35 -31.35 -31.35 -31.35 -31.35 -31.35 -31.35 -31.35 -31.35 -31.35 -31.35 -31.35
1960.00 -33.47 -33.47 -33.47 -33.47 -33.47 -33.47 -33.47 -33.47 -33.47 -33.47 -33.47 -33.47 -33.47 -33.47 -33.47 -33.47 -33.47 -33.47 -33.47 -33.47 -33.47 -33.47 -33.47
1961.00 -35.38 -35.38 -35.38 -35.38 -35.38 -35.38 -35.38 -35.38 -35.38 -35.38 -35.38 -35.38 -35.38 -35.38 -35.38 -35.38 -35.38 -35.38 -35.38 -35.38 -35.38 -35.38 -35.38
1962.00 -37.52 -37.52 -37.52 -37.52 -37.52 -37.52 -37.52 -37.52 -37.52 -37.52 -37.52 -37.52 -37.52 -37.52 -37.52 -37.52 -37.52 -37.52 -37.52 -37.52 -37.52 -37.52 -37.52
1963.00 -40.19 -40.19 -40.19 -40.19 -40.19 -40.19 -40.19 -40.19 -40.19 -40.19 -40.19 -40.19 -40.19 -40.19 -40.19 -40.19 -40.19 -40.19 -40.19 -40.19 -40.19 -40.19 -40.19
1964.00 -42.90 -42.90 -42.90 -42.90 -42.90 -42.90 -42.90 -42.90 -42.90 -42.90 -42.90 -42.90 -42.90 -42.90 -42.90 -42.90 -42.90 -42.90 -42.90 -42.90 -42.90 -42.90 -42.90
1965.00 -45.22 -45.22 -45.22 -45.22 -45.22 -45.22 -45.22 -45.22 -45.22 -45.22 -45.22 -45.22 -45.22 -45.22 -45.22 -45.22 -45.22 -45.22 -45.22 -45.22 -45.22 -45.22 -45.22
1966.00 -47.86 -47.86 -47.86 -47.86 -47.86 -47.86 -47.86 -47.86 -47.86 -47.86 -47.86 -47.86 -47.86 -47.86 -47.86 -47.86 -47.86 -47.86 -47.86 -47.86 -47.86 -47.86 -47.86
1967.00 -50.21 -50.21 -50.21 -50.21 -50.21 -50.21 -50.21 -50.21 -50.21 -50.21 -50.21 -50.21 -50.21 -50.21 -50.21 -50.21 -50.21 -50.21 -50.21 -50.21 -50.21 -50.21 -50.21
1968.00 -52.39 -52.39 -52.39 -52.39 -52.39 -52.39 -52.39 -52.39 -52.39 -52.39 -52.39 -52.39 -52.39 -52.39 -52.39 -52.39 -52.39 -52.39 -52.39 -52.39 -52.39 -52.39 -52.39
1969.00 -54.91 -54.91 -54.91 -54.91 -54.91 -54.91 -54.91 -54.91 -54.91 -54.91 -54.91 -54.91 -54.91 -54.91 -54.91 -54.91 -54.91 -54.91 -54.91 -54.91 -54.91 -54.91 -54.91
1970.00 65.51 65.51 65.51 65.51 65.51 65.51 65.51 65.51 65.51 65.51 65.51 65.51 65.51 65.51 65.51 65.51 65.51 65.51 65.51 65.51 65.51 65.51 65.51
1971.00 67.71 67.71 67.71 67.71 67.71 67.71 67.71 67.71 67.71 67.71 67.71 67.71 67.71 67.71 67.71 67.71 67.71 67.71 67.71 67.71 67.71 67.71 67.71
1972.00 71.31 71.31 71.31 71.31 71.31 71.31 71.31 71.31 71.31 71.31 71.31 71.31 71.31 71.31 71.31 71.31 71.31 71.31 71.31 71.31 71.31 71.31 71.31
1973.00 72.70 72.70 72.70 72.70 72.70 72.70 72.70 72.70 72.70 72.70 72.70 72.70 72.70 72.70 72.70 72.70 72.70 72.70 72.70 72.70 72.70 72.70 72.70
1974.00 75.57 75.57 75.57 75.57 75.57 75.57 75.57 75.57 75.57 75.57 75.57 75.57 75.57 75.57 75.57 75.57 75.57 75.57 75.57 75.57 75.57 75.57 75.57
1975.00 75.81 75.81 75.81 75.81 75.81 75.81 75.81 75.81 75.81 75.81 75.81 75.81 75.81 75.81 75.81 75.81 75.81 75.81 75.81 75.81 75.81 75.81 75.81
1976.00 77.94 77.94 77.94 77.94 77.94 77.94 77.94 77.94 77.94 77.94 77.94 77.94 77.94 77.94 77.94 77.94 77.94 77.94 77.94 77.94 77.94 77.94 77.94
1977.00 78.91 78.91 78.91 78.91 78.91 78.91 78.91 78.91 78.91 78.91 78.91 78.91 78.91 78.91 78.91 78.91 78.91 78.91 78.91 78.91 78.91 78.91 78.91
1978.00 79.59 79.59 79.59 79.59 79.59 79.59 79.59 79.59 79.59 79.59 79.59 79.59 79.59 79.59 79.59 79.59 79.59 79.59 79.59 79.59 79.59 79.59 79.59
1979.00 79.02 79.02 79.02 79.02 79.02 79.02 79.02 79.02 79.02 79.02 79.02 79.02 79.02 79.02 79.02 79.02 79.02 79.02 79.02 79.02 79.02 79.02 79.02
1980.00 74.89 74.89 74.89 74.89 74.89 74.89 74.89 74.89 74.89 74.89 74.89 74.89 74.89 74.89 74.89 74.89 74.89 74.89 74.89 74.89 74.89 74.89 74.89
1981.00 77.54 77.54 77.54 77.54 77.54 77.54 77.54 77.54 77.54 77.54 77.54 77.54 77.54 77.54 77.54 77.54 77.54 77.54 77.54 77.54 77.54 77.54 77.54
1982.00 73.62 73.62 73.62 73.62 73.62 73.62 73.62 73.62 73.62 73.62 73.62 73.62 73.62 73.62 73.62 73.62 73.62 73.62 73.62 73.62 73.62 73.62 73.62
1983.00 69.05 69.05 69.05 69.05 69.05 69.05 69.05 69.05 69.05 69.05 69.05 69.05 69.05 69.05 69.05 69.05 69.05 69.05 69.05 69.05 69.05 69.05 69.05
1984.00 66.27 66.27 66.27 66.27 66.27 66.27 66.27 66.27 66.27 66.27 66.27 66.27 66.27 66.27 66.27 66.27 66.27 66.27 66.27 66.27 66.27 66.27 66.27
1985.00 66.49 66.49 66.49 66.49 66.49 66.49 66.49 66.49 66.49 66.49 66.49 66.49 66.49 66.49 66.49 66.49 66.49 66.49 66.49 66.49 66.49 66.49 66.49
1986.00 64.47 64.47 64.47 64.47 64.47 64.47 64.47 64.47 64.47 64.47 64.47 64.47 64.47 64.47 64.47 64.47 64.47 64.47 64.47 64.47 64.47 64.47 64.47
1987.00 67.65 67.65 67.65 67.65 67.65 67.65 67.65 67.65 67.65 67.65 67.65 67.65 67.65 67.65 67.65 67.65 67.65 67.65 67.65 67.65 67.65 67.65 67.65
1988.00 21.25 23.48 25.71 27.94 30.18 32.41 34.64 36.87 39.11 41.34 43.57 45.80 48.04 50.27 52.50 54.73 56.97 59.20 61.43 63.67 65.90 68.13 70.36
1989.00 21.87 24.03 26.18 28.33 30.49 32.64 34.79 36.94 39.10 41.25 43.40 45.55 47.71 49.86 52.01 54.17 56.32 58.47 60.62 62.78 64.93 67.08 69.24
1990.00 21.79 23.86 25.93 27.99 30.06 32.13 34.19 36.26 38.33 40.39 42.46 44.53 46.59 48.66 50.73 52.80 54.86 56.93 59.00 61.06 63.13 65.20 67.26
1991.00 22.89 24.91 26.93 28.95 30.97 32.99 35.01 37.03 39.05 41.08 43.10 45.12 47.14 49.16 51.18 53.20 55.22 57.24 59.26 61.28 63.31 65.33 67.35
1992.00 24.27 26.27 28.27 30.26 32.26 34.26 36.25 38.25 40.24 42.24 44.24 46.23 48.23 50.23 52.22 54.22 56.22 58.21 60.21 62.20 64.20 66.20 68.19
1993.00 25.52 27.48 29.45 31.41 33.38 35.35 37.31 39.28 41.24 43.21 45.18 47.14 49.11 51.07 53.04 55.01 56.97 58.94 60.90 62.87 64.83 66.80 68.77
1994.00 26.93 28.87 30.81 32.74 34.68 36.62 38.55 40.49 42.43 44.36 46.30 48.23 50.17 52.11 54.04 55.98 57.92 59.85 61.79 63.73 65.66 67.60 69.54
1995.00 29.35 31.29 33.23 35.16 37.10 39.04 40.97 42.91 44.84 46.78 48.72 50.65 52.59 54.53 56.46 58.40 60.34 62.27 64.21 66.15 68.08 70.02 71.95
1996.00 30.04 31.93 33.82 35.72 37.61 39.51 41.40 43.30 45.19 47.09 48.98 50.87 52.77 54.66 56.56 58.45 60.35 62.24 64.14 66.03 67.92 69.82 71.71
1997.00 31.79 33.67 35.56 37.44 39.32 41.21 43.09 44.98 46.86 48.74 50.63 52.51 54.39 56.28 58.16 60.04 61.93 63.81 65.70 67.58 69.46 71.35 73.23
1998.00 33.14 35.00 36.86 38.72 40.58 42.44 44.31 46.17 48.03 49.89 51.75 53.61 55.47 57.33 59.20 61.06 62.92 64.78 66.64 68.50 70.36 72.22 74.09
1999.00 33.01 34.80 36.60 38.40 40.19 41.99 43.79 45.58 47.38 49.18 50.97 52.77 54.57 56.36 58.16 59.96 61.75 63.55 65.34 67.14 68.94 70.73 72.53
2000.00 32.13 33.82 35.52 37.21 38.90 40.60 42.29 43.98 45.68 47.37 49.06 50.76 52.45 54.14 55.84 57.53 59.22 60.92 62.61 64.30 66.00 67.69 69.38
2001.00 32.42 34.06 35.69 37.33 38.97 40.60 42.24 43.87 45.51 47.14 48.78 50.42 52.05 53.69 55.32 56.96 58.59 60.23 61.86 63.50 65.14 66.77 68.41
2002.00 32.92 34.51 36.11 37.71 39.31 40.91 42.51 44.11 45.71 47.31 48.91 50.51 52.11 53.71 55.31 56.91 58.51 60.11 61.71 63.31 64.91 66.51 68.11
2003.00 34.37 35.94 37.52 39.09 40.66 42.23 43.81 45.38 46.95 48.53 50.10 51.67 53.24 54.82 56.39 57.96 59.54 61.11 62.68 64.26 65.83 67.40 68.97
2004.00 33.53 35.00 36.47 37.94 39.41 40.88 42.35 43.82 45.29 46.77 48.24 49.71 51.18 52.65 54.12 55.59 57.06 58.53 60.00 61.47 62.94 64.41 65.89
2005.00 34.84 36.29 37.73 39.18 40.62 42.07 43.51 44.95 46.40 47.84 49.29 50.73 52.18 53.62 55.07 56.51 57.96 59.40 60.85 62.29 63.73 65.18 66.62
2006.00 35.69 37.10 38.50 39.91 41.31 42.72 44.13 45.53 46.94 48.34 49.75 51.16 52.56 53.97 55.37 56.78 58.19 59.59 61.00 62.40 63.81 65.22 66.62
2007.00 36.30 37.67 39.03 40.40 41.76 43.12 44.49 45.85 47.22 48.58 49.95 51.31 52.68 54.04 55.41 56.77 58.14 59.50 60.86 62.23 63.59 64.96 66.32
2008.00 34.93 36.20 37.48 38.75 40.02 41.29 42.56 43.84 45.11 46.38 47.65 48.93 50.20 51.47 52.74 54.02 55.29 56.56 57.83 59.11 60.38 61.65 62.92
2009.00 34.59 35.80 37.01 38.22 39.44 40.65 41.86 43.07 44.28 45.49 46.70 47.91 49.12 50.33 51.54 52.75 53.96 55.17 56.38 57.59 58.80 60.01 61.22
2010.00 33.18 34.27 35.37 36.47 37.56 38.66 39.75 40.85 41.95 43.04 44.14 45.24 46.33 47.43 48.53 49.62 50.72 51.81 52.91 54.01 55.10 56.20 57.30
2011.00 33.73 34.80 35.86 36.92 37.98 39.05 40.11 41.17 42.24 43.30 44.36 45.42 46.49 47.55 48.61 49.68 50.74 51.80 52.86 53.93 54.99 56.05 57.12
2012.00 34.34 35.36 36.39 37.42 38.45 39.47 40.50 41.53 42.56 43.58 44.61 45.64 46.67 47.69 48.72 49.75 50.78 51.80 52.83 53.86 54.89 55.91 56.94
2013.00 34.59 35.58 36.57 37.56 38.55 39.54 40.53 41.52 42.51 43.50 44.49 45.48 46.47 47.46 48.45 49.44 50.43 51.42 52.41 53.40 54.39 55.38 56.36
2014.00 34.93 35.88 36.82 37.77 38.71 39.66 40.60 41.55 42.49 43.44 44.38 45.33 46.27 47.22 48.16 49.11 50.05 51.00 51.94 52.89 53.83 54.78 55.72
2015.00 35.76 36.69 37.63 38.57 39.51 40.44 41.38 42.32 43.26 44.19 45.13 46.07 47.01 47.94 48.88 49.82 50.76 51.69 52.63 53.57 54.51 55.44 56.38
2016.00 36.39 37.30 38.22 39.13 40.04 40.96 41.87 42.78 43.69 44.61 45.52 46.43 47.35 48.26 49.17 50.09 51.00 51.91 52.83 53.74 54.65 55.56 56.48
2017.00 36.62 37.50 38.38 39.27 40.15 41.03 41.91 42.79 43.68 44.56 45.44 46.32 47.20 48.08 48.97 49.85 50.73 51.61 52.49 53.38 54.26 55.14 56.02
2018.00 11.51 11.51 11.51 11.51 11.51 11.51 11.51 11.51 11.51 11.51 11.51 11.51 11.51 11.51 11.51 11.51 11.51 11.51 11.51 11.51 11.51 11.51 11.51
2019.00 12.20 12.20 12.20 12.20 12.20 12.20 12.20 12.20 12.20 12.20 12.20 12.20 12.20 12.20 12.20 12.20 12.20 12.20 12.20 12.20 12.20 12.20 12.20
2020.00 13.57 13.57 13.57 13.57 13.57 13.57 13.57 13.57 13.57 13.57 13.57 13.57 13.57 13.57 13.57 13.57 13.57 13.57 13.57 13.57 13.57 13.57 13.57
2021.00 14.32 14.32 14.32 14.32 14.32 14.32 14.32 14.32 14.32 14.32 14.32 14.32 14.32 14.32 14.32 14.32 14.32 14.32 14.32 14.32 14.32 14.32 14.32
2022.00 15.22 15.22 15.22 15.22 15.22 15.22 15.22 15.22 15.22 15.22 15.22 15.22 15.22 15.22 15.22 15.22 15.22 15.22 15.22 15.22 15.22 15.22 15.22
2023.00 15.98 15.98 15.98 15.98 15.98 15.98 15.98 15.98 15.98 15.98 15.98 15.98 15.98 15.98 15.98 15.98 15.98 15.98 15.98 15.98 15.98 15.98 15.98
2024.00 16.60 16.60 16.60 16.60 16.60 16.60 16.60 16.60 16.60 16.60 16.60 16.60 16.60 16.60 16.60 16.60 16.60 16.60 16.60 16.60 16.60 16.60 16.60
2025.00 16.94 16.94 16.94 16.94 16.94 16.94 16.94 16.94 16.94 16.94 16.94 16.94 16.94 16.94 16.94 16.94 16.94 16.94 16.94 16.94 16.94 16.94 16.94
2026.00 17.43 17.43 17.43 17.43 17.43 17.43 17.43 17.43 17.43 17.43 17.43 17.43 17.43 17.43 17.43 17.43 17.43 17.43 17.43 17.43 17.43 17.43 17.43
2027.00 17.57 17.57 17.57 17.57 17.57 17.57 17.57 17.57 17.57 17.57 17.57 17.57 17.57 17.57 17.57 17.57 17.57 17.57 17.57 17.57 17.57 17.57 17.57
2028.00 18.34 18.34 18.34 18.34 18.34 18.34 18.34 18.34 18.34 18.34 18.34 18.34 18.34 18.34 18.34 18.34 18.34 18.34 18.34 18.34 18.34 18.34 18.34
2029.00 18.45 18.45 18.45 18.45 18.45 18.45 18.45 18.45 18.45 18.45 18.45 18.45 18.45 18.45 18.45 18.45 18.45 18.45 18.45 18.45 18.45 18.45 18.45
2030.00 18.67 18.67 18.67 18.67 18.67 18.67 18.67 18.67 18.67 18.67 18.67 18.67 18.67 18.67 18.67 18.67 18.67 18.67 18.67 18.67 18.67 18.67 18.67
2031.00 18.97 18.97 18.97 18.97 18.97 18.97 18.97 18.97 18.97 18.97 18.97 18.97 18.97 18.97 18.97 18.97 18.97 18.97 18.97 18.97 18.97 18.97 18.97
2032.00 19.02 19.02 19.02 19.02 19.02 19.02 19.02 19.02 19.02 19.02 19.02 19.02 19.02 19.02 19.02 19.02 19.02 19.02 19.02 19.02 19.02 19.02 19.02
2033.00 18.91 18.91 18.91 18.91 18.91 18.91 18.91 18.91 18.91 18.91 18.91 18.91 18.91 18.91 18.91 18.91 18.91 18.91 18.91 18.91 18.91 18.91 18.91
2034.00 19.02 19.02 19.02 19.02 19.02 19.02 19.02 19.02 19.02 19.02 19.02 19.02 19.02 19.02 19.02 19.02 19.02 19.02 19.02 19.02 19.02 19.02 19.02
2035.00 18.70 18.70 18.70 18.70 18.70 18.70 18.70 18.70 18.70 18.70 18.70 18.70 18.70 18.70 18.70 18.70 18.70 18.70 18.70 18.70 18.70 18.70 18.70
2036.00 18.71 18.71 18.71 18.71 18.71 18.71 18.71 18.71 18.71 18.71 18.71 18.71 18.71 18.71 18.71 18.71 18.71 18.71 18.71 18.71 18.71 18.71 18.71
2037.00 18.55 18.55 18.55 18.55 18.55 18.55 18.55 18.55 18.55 18.55 18.55 18.55 18.55 18.55 18.55 18.55 18.55 18.55 18.55 18.55 18.55 18.55 18.55
2038.00 18.71 18.71 18.71 18.71 18.71 18.71 18.71 18.71 18.71 18.71 18.71 18.71 18.71 18.71 18.71 18.71 18.71 18.71 18.71 18.71 18.71 18.71 18.71
2039.00 18.69 18.69 18.69 18.69 18.69 18.69 18.69 18.69 18.69 18.69 18.69 18.69 18.69 18.69 18.69 18.69 18.69 18.69 18.69 18.69 18.69 18.69 18.69
2040.00 18.73 18.73 18.73 18.73 18.73 18.73 18.73 18.73 18.73 18.73 18.73 18.73 18.73 18.73 18.73 18.73 18.73 18.73 18.73 18.73 18.73 18.73 18.73
2041.00 18.72 18.72 18.72 18.72 18.72 18.72 18.72 18.72 18.72 18.72 18.72 18.72 18.72 18.72 18.72 18.72 18.72 18.72 18.72 18.72 18.72 18.72 18.72
2042.00 18.91 18.91 18.91 18.91 18.91 18.91 18.91 18.91 18.91 18.91 18.91 18.91 18.91 18.91 18.91 18.91 18.91 18.91 18.91 18.91 18.91 18.91 18.91
2043.00 18.79 18.79 18.79 18.79 18.79 18.79 18.79 18.79 18.79 18.79 18.79 18.79 18.79 18.79 18.79 18.79 18.79 18.79 18.79 18.79 18.79 18.79 18.79
2044.00 18.97 18.97 18.97 18.97 18.97 18.97 18.97 18.97 18.97 18.97 18.97 18.97 18.97 18.97 18.97 18.97 18.97 18.97 18.97 18.97 18.97 18.97 18.97
2045.00 18.86 18.86 18.86 18.86 18.86 18.86 18.86 18.86 18.86 18.86 18.86 18.86 18.86 18.86 18.86 18.86 18.86 18.86 18.86 18.86 18.86 18.86 18.86
2046.00 18.92 18.92 18.92 18.92 18.92 18.92 18.92 18.92 18.92 18.92 18.92 18.92 18.92 18.92 18.92 18.92 18.92 18.92 18.92 18.92 18.92 18.92 18.92
2047.00 18.80 18.80 18.80 18.80 18.80 18.80 18.80 18.80 18.80 18.80 18.80 18.80 18.80 18.80 18.80 18.80 18.80 18.80 18.80 18.80 18.80 18.80 18.80
2048.00 18.84 18.84 18.84 18.84 18.84 18.84 18.84 18.84 18.84 18.84 18.84 18.84 18.84 18.84 18.84 18.84 18.84 18.84 18.84 18.84 18.84 18.84 18.84
2049.00 18.72 18.72 18.72 18.72 18.72 18.72 18.72 18.72 18.72 18.72 18.72 18.72 18.72 18.72 18.72 18.72 18.72 18.72 18.72 18.72 18.72 18.72 18.72
2050.00 18.85 18.85 18.85 18.85 18.85 18.85 18.85 18.85 18.85 18.85 18.85 18.85 18.85 18.85 18.85 18.85 18.85 18.85 18.85 18.85 18.85 18.85 18.85
2051.00 18.75 18.75 18.75 18.75 18.75 18.75 18.75 18.75 18.75 18.75 18.75 18.75 18.75 18.75 18.75 18.75 18.75 18.75 18.75 18.75 18.75 18.75 18.75
2052.00 18.86 18.86 18.86 18.86 18.86 18.86 18.86 18.86 18.86 18.86 18.86 18.86 18.86 18.86 18.86 18.86 18.86 18.86 18.86 18.86 18.86 18.86 18.86
2053.00 18.87 18.87 18.87 18.87 18.87 18.87 18.87 18.87 18.87 18.87 18.87 18.87 18.87 18.87 18.87 18.87 18.87 18.87 18.87 18.87 18.87 18.87 18.87
2054.00 18.97 18.97 18.97 18.97 18.97 18.97 18.97 18.97 18.97 18.97 18.97 18.97 18.97 18.97 18.97 18.97 18.97 18.97 18.97 18.97 18.97 18.97 18.97
2055.00 18.86 18.86 18.86 18.86 18.86 18.86 18.86 18.86 18.86 18.86 18.86 18.86 18.86 18.86 18.86 18.86 18.86 18.86 18.86 18.86 18.86 18.86 18.86
2056.00 19.01 19.01 19.01 19.01 19.01 19.01 19.01 19.01 19.01 19.01 19.01 19.01 19.01 19.01 19.01 19.01 19.01 19.01 19.01 19.01 19.01 19.01 19.01
2057.00 18.87 18.87 18.87 18.87 18.87 18.87 18.87 18.87 18.87 18.87 18.87 18.87 18.87 18.87 18.87 18.87 18.87 18.87 18.87 18.87 18.87 18.87 18.87
2058.00 18.85 18.85 18.85 18.85 18.85 18.85 18.85 18.85 18.85 18.85 18.85 18.85 18.85 18.85 18.85 18.85 18.85 18.85 18.85 18.85 18.85 18.85 18.85
2059.00 18.65 18.65 18.65 18.65 18.65 18.65 18.65 18.65 18.65 18.65 18.65 18.65 18.65 18.65 18.65 18.65 18.65 18.65 18.65 18.65 18.65 18.65 18.65
2060.00 18.68 18.68 18.68 18.68 18.68 18.68 18.68 18.68 18.68 18.68 18.68 18.68 18.68 18.68 18.68 18.68 18.68 18.68 18.68 18.68 18.68 18.68 18.68
2061.00 18.51 18.51 18.51 18.51 18.51 18.51 18.51 18.51 18.51 18.51 18.51 18.51 18.51 18.51 18.51 18.51 18.51 18.51 18.51 18.51 18.51 18.51 18.51
2062.00 18.61 18.61 18.61 18.61 18.61 18.61 18.61 18.61 18.61 18.61 18.61 18.61 18.61 18.61 18.61 18.61 18.61 18.61 18.61 18.61 18.61 18.61 18.61
2063.00 18.49 18.49 18.49 18.49 18.49 18.49 18.49 18.49 18.49 18.49 18.49 18.49 18.49 18.49 18.49 18.49 18.49 18.49 18.49 18.49 18.49 18.49 18.49
2064.00 18.55 18.55 18.55 18.55 18.55 18.55 18.55 18.55 18.55 18.55 18.55 18.55 18.55 18.55 18.55 18.55 18.55 18.55 18.55 18.55 18.55 18.55 18.55
2065.00 18.45 18.45 18.45 18.45 18.45 18.45 18.45 18.45 18.45 18.45 18.45 18.45 18.45 18.45 18.45 18.45 18.45 18.45 18.45 18.45 18.45 18.45 18.45
