# yearspad, alpred
# [0.6  0.62 0.64 0.66 0.68 0.7  0.72 0.74 0.76 0.78 0.8  0.82 0.84 0.86
#  0.88 0.9  0.92 0.94 0.96 0.98 1.   1.02 1.04]
1922.00 -4.04 -4.04 -4.04 -4.04 -4.04 -4.04 -4.04 -4.04 -4.04 -4.04 -4.04 -4.04 -4.04 -4.04 -4.04 -4.04 -4.04 -4.04 -4.04 -4.04 -4.04 -4.04 -4.04
1923.00 -4.21 -4.21 -4.21 -4.21 -4.21 -4.21 -4.21 -4.21 -4.21 -4.21 -4.21 -4.21 -4.21 -4.21 -4.21 -4.21 -4.21 -4.21 -4.21 -4.21 -4.21 -4.21 -4.21
1924.00 -4.66 -4.66 -4.66 -4.66 -4.66 -4.66 -4.66 -4.66 -4.66 -4.66 -4.66 -4.66 -4.66 -4.66 -4.66 -4.66 -4.66 -4.66 -4.66 -4.66 -4.66 -4.66 -4.66
1925.00 -5.19 -5.19 -5.19 -5.19 -5.19 -5.19 -5.19 -5.19 -5.19 -5.19 -5.19 -5.19 -5.19 -5.19 -5.19 -5.19 -5.19 -5.19 -5.19 -5.19 -5.19 -5.19 -5.19
1926.00 -5.63 -5.63 -5.63 -5.63 -5.63 -5.63 -5.63 -5.63 -5.63 -5.63 -5.63 -5.63 -5.63 -5.63 -5.63 -5.63 -5.63 -5.63 -5.63 -5.63 -5.63 -5.63 -5.63
1927.00 -6.05 -6.05 -6.05 -6.05 -6.05 -6.05 -6.05 -6.05 -6.05 -6.05 -6.05 -6.05 -6.05 -6.05 -6.05 -6.05 -6.05 -6.05 -6.05 -6.05 -6.05 -6.05 -6.05
1928.00 -6.39 -6.39 -6.39 -6.39 -6.39 -6.39 -6.39 -6.39 -6.39 -6.39 -6.39 -6.39 -6.39 -6.39 -6.39 -6.39 -6.39 -6.39 -6.39 -6.39 -6.39 -6.39 -6.39
1929.00 -6.55 -6.55 -6.55 -6.55 -6.55 -6.55 -6.55 -6.55 -6.55 -6.55 -6.55 -6.55 -6.55 -6.55 -6.55 -6.55 -6.55 -6.55 -6.55 -6.55 -6.55 -6.55 -6.55
1930.00 -6.79 -6.79 -6.79 -6.79 -6.79 -6.79 -6.79 -6.79 -6.79 -6.79 -6.79 -6.79 -6.79 -6.79 -6.79 -6.79 -6.79 -6.79 -6.79 -6.79 -6.79 -6.79 -6.79
1931.00 -6.85 -6.85 -6.85 -6.85 -6.85 -6.85 -6.85 -6.85 -6.85 -6.85 -6.85 -6.85 -6.85 -6.85 -6.85 -6.85 -6.85 -6.85 -6.85 -6.85 -6.85 -6.85 -6.85
1932.00 -6.79 -6.79 -6.79 -6.79 -6.79 -6.79 -6.79 -6.79 -6.79 -6.79 -6.79 -6.79 -6.79 -6.79 -6.79 -6.79 -6.79 -6.79 -6.79 -6.79 -6.79 -6.79 -6.79
1933.00 -6.92 -6.92 -6.92 -6.92 -6.92 -6.92 -6.92 -6.92 -6.92 -6.92 -6.92 -6.92 -6.92 -6.92 -6.92 -6.92 -6.92 -6.92 -6.92 -6.92 -6.92 -6.92 -6.92
1934.00 -7.10 -7.10 -7.10 -7.10 -7.10 -7.10 -7.10 -7.10 -7.10 -7.10 -7.10 -7.10 -7.10 -7.10 -7.10 -7.10 -7.10 -7.10 -7.10 -7.10 -7.10 -7.10 -7.10
1935.00 -7.39 -7.39 -7.39 -7.39 -7.39 -7.39 -7.39 -7.39 -7.39 -7.39 -7.39 -7.39 -7.39 -7.39 -7.39 -7.39 -7.39 -7.39 -7.39 -7.39 -7.39 -7.39 -7.39
1936.00 -7.38 -7.38 -7.38 -7.38 -7.38 -7.38 -7.38 -7.38 -7.38 -7.38 -7.38 -7.38 -7.38 -7.38 -7.38 -7.38 -7.38 -7.38 -7.38 -7.38 -7.38 -7.38 -7.38
1937.00 -7.29 -7.29 -7.29 -7.29 -7.29 -7.29 -7.29 -7.29 -7.29 -7.29 -7.29 -7.29 -7.29 -7.29 -7.29 -7.29 -7.29 -7.29 -7.29 -7.29 -7.29 -7.29 -7.29
1938.00 -7.52 -7.52 -7.52 -7.52 -7.52 -7.52 -7.52 -7.52 -7.52 -7.52 -7.52 -7.52 -7.52 -7.52 -7.52 -7.52 -7.52 -7.52 -7.52 -7.52 -7.52 -7.52 -7.52
1939.00 -7.22 -7.22 -7.22 -7.22 -7.22 -7.22 -7.22 -7.22 -7.22 -7.22 -7.22 -7.22 -7.22 -7.22 -7.22 -7.22 -7.22 -7.22 -7.22 -7.22 -7.22 -7.22 -7.22
1940.00 -7.02 -7.02 -7.02 -7.02 -7.02 -7.02 -7.02 -7.02 -7.02 -7.02 -7.02 -7.02 -7.02 -7.02 -7.02 -7.02 -7.02 -7.02 -7.02 -7.02 -7.02 -7.02 -7.02
1941.00 -6.77 -6.77 -6.77 -6.77 -6.77 -6.77 -6.77 -6.77 -6.77 -6.77 -6.77 -6.77 -6.77 -6.77 -6.77 -6.77 -6.77 -6.77 -6.77 -6.77 -6.77 -6.77 -6.77
1942.00 -6.51 -6.51 -6.51 -6.51 -6.51 -6.51 -6.51 -6.51 -6.51 -6.51 -6.51 -6.51 -6.51 -6.51 -6.51 -6.51 -6.51 -6.51 -6.51 -6.51 -6.51 -6.51 -6.51
1943.00 -6.50 -6.50 -6.50 -6.50 -6.50 -6.50 -6.50 -6.50 -6.50 -6.50 -6.50 -6.50 -6.50 -6.50 -6.50 -6.50 -6.50 -6.50 -6.50 -6.50 -6.50 -6.50 -6.50
1944.00 -6.36 -6.36 -6.36 -6.36 -6.36 -6.36 -6.36 -6.36 -6.36 -6.36 -6.36 -6.36 -6.36 -6.36 -6.36 -6.36 -6.36 -6.36 -6.36 -6.36 -6.36 -6.36 -6.36
1945.00 -6.29 -6.29 -6.29 -6.29 -6.29 -6.29 -6.29 -6.29 -6.29 -6.29 -6.29 -6.29 -6.29 -6.29 -6.29 -6.29 -6.29 -6.29 -6.29 -6.29 -6.29 -6.29 -6.29
1946.00 -6.04 -6.04 -6.04 -6.04 -6.04 -6.04 -6.04 -6.04 -6.04 -6.04 -6.04 -6.04 -6.04 -6.04 -6.04 -6.04 -6.04 -6.04 -6.04 -6.04 -6.04 -6.04 -6.04
1947.00 -5.83 -5.83 -5.83 -5.83 -5.83 -5.83 -5.83 -5.83 -5.83 -5.83 -5.83 -5.83 -5.83 -5.83 -5.83 -5.83 -5.83 -5.83 -5.83 -5.83 -5.83 -5.83 -5.83
1948.00 -5.59 -5.59 -5.59 -5.59 -5.59 -5.59 -5.59 -5.59 -5.59 -5.59 -5.59 -5.59 -5.59 -5.59 -5.59 -5.59 -5.59 -5.59 -5.59 -5.59 -5.59 -5.59 -5.59
1949.00 -5.52 -5.52 -5.52 -5.52 -5.52 -5.52 -5.52 -5.52 -5.52 -5.52 -5.52 -5.52 -5.52 -5.52 -5.52 -5.52 -5.52 -5.52 -5.52 -5.52 -5.52 -5.52 -5.52
1950.00 -5.09 -5.09 -5.09 -5.09 -5.09 -5.09 -5.09 -5.09 -5.09 -5.09 -5.09 -5.09 -5.09 -5.09 -5.09 -5.09 -5.09 -5.09 -5.09 -5.09 -5.09 -5.09 -5.09
1951.00 -5.16 -5.16 -5.16 -5.16 -5.16 -5.16 -5.16 -5.16 -5.16 -5.16 -5.16 -5.16 -5.16 -5.16 -5.16 -5.16 -5.16 -5.16 -5.16 -5.16 -5.16 -5.16 -5.16
1952.00 -5.23 -5.23 -5.23 -5.23 -5.23 -5.23 -5.23 -5.23 -5.23 -5.23 -5.23 -5.23 -5.23 -5.23 -5.23 -5.23 -5.23 -5.23 -5.23 -5.23 -5.23 -5.23 -5.23
1953.00 -4.94 -4.94 -4.94 -4.94 -4.94 -4.94 -4.94 -4.94 -4.94 -4.94 -4.94 -4.94 -4.94 -4.94 -4.94 -4.94 -4.94 -4.94 -4.94 -4.94 -4.94 -4.94 -4.94
1954.00 -4.52 -4.52 -4.52 -4.52 -4.52 -4.52 -4.52 -4.52 -4.52 -4.52 -4.52 -4.52 -4.52 -4.52 -4.52 -4.52 -4.52 -4.52 -4.52 -4.52 -4.52 -4.52 -4.52
1955.00 -3.85 -3.85 -3.85 -3.85 -3.85 -3.85 -3.85 -3.85 -3.85 -3.85 -3.85 -3.85 -3.85 -3.85 -3.85 -3.85 -3.85 -3.85 -3.85 -3.85 -3.85 -3.85 -3.85
1956.00 -3.31 -3.31 -3.31 -3.31 -3.31 -3.31 -3.31 -3.31 -3.31 -3.31 -3.31 -3.31 -3.31 -3.31 -3.31 -3.31 -3.31 -3.31 -3.31 -3.31 -3.31 -3.31 -3.31
1957.00 -2.67 -2.67 -2.67 -2.67 -2.67 -2.67 -2.67 -2.67 -2.67 -2.67 -2.67 -2.67 -2.67 -2.67 -2.67 -2.67 -2.67 -2.67 -2.67 -2.67 -2.67 -2.67 -2.67
1958.00 -2.39 -2.39 -2.39 -2.39 -2.39 -2.39 -2.39 -2.39 -2.39 -2.39 -2.39 -2.39 -2.39 -2.39 -2.39 -2.39 -2.39 -2.39 -2.39 -2.39 -2.39 -2.39 -2.39
1959.00 -1.91 -1.91 -1.91 -1.91 -1.91 -1.91 -1.91 -1.91 -1.91 -1.91 -1.91 -1.91 -1.91 -1.91 -1.91 -1.91 -1.91 -1.91 -1.91 -1.91 -1.91 -1.91 -1.91
1960.00 -1.36 -1.36 -1.36 -1.36 -1.36 -1.36 -1.36 -1.36 -1.36 -1.36 -1.36 -1.36 -1.36 -1.36 -1.36 -1.36 -1.36 -1.36 -1.36 -1.36 -1.36 -1.36 -1.36
1961.00 -1.11 -1.11 -1.11 -1.11 -1.11 -1.11 -1.11 -1.11 -1.11 -1.11 -1.11 -1.11 -1.11 -1.11 -1.11 -1.11 -1.11 -1.11 -1.11 -1.11 -1.11 -1.11 -1.11
1962.00 -1.07 -1.07 -1.07 -1.07 -1.07 -1.07 -1.07 -1.07 -1.07 -1.07 -1.07 -1.07 -1.07 -1.07 -1.07 -1.07 -1.07 -1.07 -1.07 -1.07 -1.07 -1.07 -1.07
1963.00 -0.90 -0.90 -0.90 -0.90 -0.90 -0.90 -0.90 -0.90 -0.90 -0.90 -0.90 -0.90 -0.90 -0.90 -0.90 -0.90 -0.90 -0.90 -0.90 -0.90 -0.90 -0.90 -0.90
1964.00 -0.47 -0.47 -0.47 -0.47 -0.47 -0.47 -0.47 -0.47 -0.47 -0.47 -0.47 -0.47 -0.47 -0.47 -0.47 -0.47 -0.47 -0.47 -0.47 -0.47 -0.47 -0.47 -0.47
1965.00 -0.21 -0.21 -0.21 -0.21 -0.21 -0.21 -0.21 -0.21 -0.21 -0.21 -0.21 -0.21 -0.21 -0.21 -0.21 -0.21 -0.21 -0.21 -0.21 -0.21 -0.21 -0.21 -0.21
1966.00 0.13 0.13 0.13 0.13 0.13 0.13 0.13 0.13 0.13 0.13 0.13 0.13 0.13 0.13 0.13 0.13 0.13 0.13 0.13 0.13 0.13 0.13 0.13
1967.00 0.49 0.49 0.49 0.49 0.49 0.49 0.49 0.49 0.49 0.49 0.49 0.49 0.49 0.49 0.49 0.49 0.49 0.49 0.49 0.49 0.49 0.49 0.49
1968.00 0.91 0.91 0.91 0.91 0.91 0.91 0.91 0.91 0.91 0.91 0.91 0.91 0.91 0.91 0.91 0.91 0.91 0.91 0.91 0.91 0.91 0.91 0.91
1969.00 1.57 1.57 1.57 1.57 1.57 1.57 1.57 1.57 1.57 1.57 1.57 1.57 1.57 1.57 1.57 1.57 1.57 1.57 1.57 1.57 1.57 1.57 1.57
1970.00 124.30 124.30 124.30 124.30 124.30 124.30 124.30 124.30 124.30 124.30 124.30 124.30 124.30 124.30 124.30 124.30 124.30 124.30 124.30 124.30 124.30 124.30 124.30
1971.00 128.44 128.44 128.44 128.44 128.44 128.44 128.44 128.44 128.44 128.44 128.44 128.44 128.44 128.44 128.44 128.44 128.44 128.44 128.44 128.44 128.44 128.44 128.44
1972.00 137.01 137.01 137.01 137.01 137.01 137.01 137.01 137.01 137.01 137.01 137.01 137.01 137.01 137.01 137.01 137.01 137.01 137.01 137.01 137.01 137.01 137.01 137.01
1973.00 143.08 143.08 143.08 143.08 143.08 143.08 143.08 143.08 143.08 143.08 143.08 143.08 143.08 143.08 143.08 143.08 143.08 143.08 143.08 143.08 143.08 143.08 143.08
1974.00 149.56 149.56 149.56 149.56 149.56 149.56 149.56 149.56 149.56 149.56 149.56 149.56 149.56 149.56 149.56 149.56 149.56 149.56 149.56 149.56 149.56 149.56 149.56
1975.00 152.72 152.72 152.72 152.72 152.72 152.72 152.72 152.72 152.72 152.72 152.72 152.72 152.72 152.72 152.72 152.72 152.72 152.72 152.72 152.72 152.72 152.72 152.72
1976.00 158.08 158.08 158.08 158.08 158.08 158.08 158.08 158.08 158.08 158.08 158.08 158.08 158.08 158.08 158.08 158.08 158.08 158.08 158.08 158.08 158.08 158.08 158.08
1977.00 157.68 157.68 157.68 157.68 157.68 157.68 157.68 157.68 157.68 157.68 157.68 157.68 157.68 157.68 157.68 157.68 157.68 157.68 157.68 157.68 157.68 157.68 157.68
1978.00 155.88 155.88 155.88 155.88 155.88 155.88 155.88 155.88 155.88 155.88 155.88 155.88 155.88 155.88 155.88 155.88 155.88 155.88 155.88 155.88 155.88 155.88 155.88
1979.00 151.79 151.79 151.79 151.79 151.79 151.79 151.79 151.79 151.79 151.79 151.79 151.79 151.79 151.79 151.79 151.79 151.79 151.79 151.79 151.79 151.79 151.79 151.79
1980.00 148.95 148.95 148.95 148.95 148.95 148.95 148.95 148.95 148.95 148.95 148.95 148.95 148.95 148.95 148.95 148.95 148.95 148.95 148.95 148.95 148.95 148.95 148.95
1981.00 149.89 149.89 149.89 149.89 149.89 149.89 149.89 149.89 149.89 149.89 149.89 149.89 149.89 149.89 149.89 149.89 149.89 149.89 149.89 149.89 149.89 149.89 149.89
1982.00 147.43 147.43 147.43 147.43 147.43 147.43 147.43 147.43 147.43 147.43 147.43 147.43 147.43 147.43 147.43 147.43 147.43 147.43 147.43 147.43 147.43 147.43 147.43
1983.00 144.64 144.64 144.64 144.64 144.64 144.64 144.64 144.64 144.64 144.64 144.64 144.64 144.64 144.64 144.64 144.64 144.64 144.64 144.64 144.64 144.64 144.64 144.64
1984.00 136.82 136.82 136.82 136.82 136.82 136.82 136.82 136.82 136.82 136.82 136.82 136.82 136.82 136.82 136.82 136.82 136.82 136.82 136.82 136.82 136.82 136.82 136.82
1985.00 134.67 134.67 134.67 134.67 134.67 134.67 134.67 134.67 134.67 134.67 134.67 134.67 134.67 134.67 134.67 134.67 134.67 134.67 134.67 134.67 134.67 134.67 134.67
1986.00 135.74 135.74 135.74 135.74 135.74 135.74 135.74 135.74 135.74 135.74 135.74 135.74 135.74 135.74 135.74 135.74 135.74 135.74 135.74 135.74 135.74 135.74 135.74
1987.00 132.99 132.99 132.99 132.99 132.99 132.99 132.99 132.99 132.99 132.99 132.99 132.99 132.99 132.99 132.99 132.99 132.99 132.99 132.99 132.99 132.99 132.99 132.99
1988.00 84.66 86.87 89.07 91.27 93.47 95.68 97.88 100.08 102.28 104.49 106.69 108.89 111.10 113.30 115.50 117.70 119.91 122.11 124.31 126.51 128.72 130.92 133.12
1989.00 82.22 84.35 86.48 88.60 90.73 92.86 94.98 97.11 99.24 101.36 103.49 105.62 107.74 109.87 112.00 114.12 116.25 118.38 120.50 122.63 124.75 126.88 129.01
1990.00 79.30 81.35 83.39 85.43 87.47 89.51 91.55 93.59 95.63 97.67 99.71 101.75 103.79 105.83 107.87 109.91 111.95 113.99 116.03 118.07 120.12 122.16 124.20
1991.00 77.61 79.61 81.61 83.61 85.61 87.61 89.61 91.60 93.60 95.60 97.60 99.60 101.60 103.60 105.60 107.59 109.59 111.59 113.59 115.59 117.59 119.59 121.58
1992.00 76.54 78.51 80.49 82.46 84.44 86.41 88.39 90.36 92.34 94.31 96.29 98.26 100.24 102.21 104.19 106.16 108.14 110.11 112.09 114.06 116.04 118.01 119.99
1993.00 75.09 77.03 78.98 80.93 82.87 84.82 86.77 88.71 90.66 92.60 94.55 96.50 98.44 100.39 102.34 104.28 106.23 108.17 110.12 112.07 114.01 115.96 117.91
1994.00 73.53 75.45 77.36 79.28 81.20 83.11 85.03 86.95 88.86 90.78 92.70 94.61 96.53 98.45 100.36 102.28 104.19 106.11 108.03 109.94 111.86 113.78 115.69
1995.00 72.57 74.48 76.40 78.31 80.23 82.14 84.06 85.97 87.88 89.80 91.71 93.63 95.54 97.46 99.37 101.29 103.20 105.12 107.03 108.94 110.86 112.77 114.69
1996.00 70.49 72.36 74.24 76.11 77.98 79.86 81.73 83.61 85.48 87.35 89.23 91.10 92.98 94.85 96.73 98.60 100.47 102.35 104.22 106.10 107.97 109.84 111.72
1997.00 69.25 71.12 72.98 74.84 76.71 78.57 80.43 82.30 84.16 86.02 87.89 89.75 91.61 93.48 95.34 97.20 99.07 100.93 102.79 104.66 106.52 108.38 110.25
1998.00 67.79 69.63 71.46 73.30 75.14 76.97 78.81 80.64 82.48 84.31 86.15 87.99 89.82 91.66 93.49 95.33 97.17 99.00 100.84 102.67 104.51 106.35 108.18
1999.00 65.68 67.45 69.22 71.00 72.77 74.54 76.32 78.09 79.86 81.64 83.41 85.18 86.95 88.73 90.50 92.27 94.05 95.82 97.59 99.37 101.14 102.91 104.69
2000.00 62.28 63.95 65.62 67.29 68.96 70.64 72.31 73.98 75.65 77.32 78.99 80.66 82.33 84.00 85.67 87.34 89.01 90.69 92.36 94.03 95.70 97.37 99.04
2001.00 59.99 61.60 63.22 64.83 66.44 68.06 69.67 71.28 72.90 74.51 76.12 77.74 79.35 80.97 82.58 84.19 85.81 87.42 89.03 90.65 92.26 93.87 95.49
2002.00 58.53 60.11 61.69 63.26 64.84 66.42 68.00 69.58 71.16 72.74 74.32 75.90 77.47 79.05 80.63 82.21 83.79 85.37 86.95 88.53 90.10 91.68 93.26
2003.00 57.30 58.85 60.40 61.95 63.50 65.05 66.60 68.15 69.70 71.25 72.80 74.35 75.89 77.44 78.99 80.54 82.09 83.64 85.19 86.74 88.29 89.84 91.39
2004.00 53.66 55.10 56.55 57.99 59.44 60.88 62.33 63.78 65.22 66.67 68.11 69.56 71.00 72.45 73.89 75.34 76.78 78.23 79.68 81.12 82.57 84.01 85.46
2005.00 52.80 54.22 55.65 57.07 58.50 59.92 61.35 62.77 64.20 65.62 67.05 68.47 69.90 71.32 72.75 74.17 75.60 77.02 78.45 79.87 81.30 82.72 84.15
2006.00 51.00 52.39 53.78 55.16 56.55 57.94 59.33 60.72 62.10 63.49 64.88 66.27 67.66 69.05 70.43 71.82 73.21 74.60 75.99 77.38 78.76 80.15 81.54
2007.00 49.21 50.56 51.91 53.25 54.60 55.95 57.30 58.64 59.99 61.34 62.68 64.03 65.38 66.73 68.07 69.42 70.77 72.12 73.46 74.81 76.16 77.51 78.85
2008.00 46.00 47.26 48.51 49.77 51.02 52.28 53.53 54.79 56.04 57.30 58.56 59.81 61.07 62.32 63.58 64.83 66.09 67.34 68.60 69.86 71.11 72.37 73.62
2009.00 43.76 44.95 46.15 47.34 48.53 49.72 50.91 52.11 53.30 54.49 55.68 56.87 58.07 59.26 60.45 61.64 62.83 64.03 65.22 66.41 67.60 68.80 69.99
2010.00 39.62 40.70 41.78 42.86 43.94 45.02 46.10 47.18 48.26 49.34 50.42 51.50 52.58 53.66 54.74 55.82 56.90 57.98 59.05 60.13 61.21 62.29 63.37
2011.00 37.71 38.76 39.80 40.85 41.89 42.94 43.98 45.03 46.07 47.12 48.16 49.21 50.25 51.30 52.34 53.39 54.43 55.48 56.52 57.57 58.61 59.66 60.70
2012.00 35.95 36.95 37.96 38.97 39.98 40.99 41.99 43.00 44.01 45.02 46.02 47.03 48.04 49.05 50.06 51.06 52.07 53.08 54.09 55.09 56.10 57.11 58.12
2013.00 33.96 34.93 35.90 36.87 37.84 38.81 39.78 40.76 41.73 42.70 43.67 44.64 45.61 46.58 47.55 48.52 49.49 50.46 51.43 52.40 53.37 54.34 55.31
2014.00 32.08 33.01 33.94 34.86 35.79 36.71 37.64 38.57 39.49 40.42 41.34 42.27 43.20 44.12 45.05 45.97 46.90 47.83 48.75 49.68 50.60 51.53 52.46
2015.00 31.18 32.10 33.01 33.93 34.85 35.77 36.69 37.61 38.53 39.45 40.37 41.29 42.20 43.12 44.04 44.96 45.88 46.80 47.72 48.64 49.56 50.48 51.39
2016.00 29.86 30.75 31.65 32.54 33.44 34.33 35.23 36.12 37.02 37.91 38.81 39.70 40.60 41.49 42.39 43.28 44.18 45.07 45.97 46.86 47.76 48.65 49.55
2017.00 28.20 29.07 29.93 30.80 31.66 32.53 33.39 34.26 35.12 35.99 36.85 37.72 38.58 39.45 40.31 41.18 42.04 42.91 43.77 44.64 45.50 46.37 47.23
2018.00 1.68 1.68 1.68 1.68 1.68 1.68 1.68 1.68 1.68 1.68 1.68 1.68 1.68 1.68 1.68 1.68 1.68 1.68 1.68 1.68 1.68 1.68 1.68
2019.00 1.26 1.26 1.26 1.26 1.26 1.26 1.26 1.26 1.26 1.26 1.26 1.26 1.26 1.26 1.26 1.26 1.26 1.26 1.26 1.26 1.26 1.26 1.26
2020.00 0.57 0.57 0.57 0.57 0.57 0.57 0.57 0.57 0.57 0.57 0.57 0.57 0.57 0.57 0.57 0.57 0.57 0.57 0.57 0.57 0.57 0.57 0.57
2021.00 -0.23 -0.23 -0.23 -0.23 -0.23 -0.23 -0.23 -0.23 -0.23 -0.23 -0.23 -0.23 -0.23 -0.23 -0.23 -0.23 -0.23 -0.23 -0.23 -0.23 -0.23 -0.23 -0.23
2022.00 -0.78 -0.78 -0.78 -0.78 -0.78 -0.78 -0.78 -0.78 -0.78 -0.78 -0.78 -0.78 -0.78 -0.78 -0.78 -0.78 -0.78 -0.78 -0.78 -0.78 -0.78 -0.78 -0.78
2023.00 -1.26 -1.26 -1.26 -1.26 -1.26 -1.26 -1.26 -1.26 -1.26 -1.26 -1.26 -1.26 -1.26 -1.26 -1.26 -1.26 -1.26 -1.26 -1.26 -1.26 -1.26 -1.26 -1.26
2024.00 -1.85 -1.85 -1.85 -1.85 -1.85 -1.85 -1.85 -1.85 -1.85 -1.85 -1.85 -1.85 -1.85 -1.85 -1.85 -1.85 -1.85 -1.85 -1.85 -1.85 -1.85 -1.85 -1.85
2025.00 -2.06 -2.06 -2.06 -2.06 -2.06 -2.06 -2.06 -2.06 -2.06 -2.06 -2.06 -2.06 -2.06 -2.06 -2.06 -2.06 -2.06 -2.06 -2.06 -2.06 -2.06 -2.06 -2.06
2026.00 -2.21 -2.21 -2.21 -2.21 -2.21 -2.21 -2.21 -2.21 -2.21 -2.21 -2.21 -2.21 -2.21 -2.21 -2.21 -2.21 -2.21 -2.21 -2.21 -2.21 -2.21 -2.21 -2.21
2027.00 -2.15 -2.15 -2.15 -2.15 -2.15 -2.15 -2.15 -2.15 -2.15 -2.15 -2.15 -2.15 -2.15 -2.15 -2.15 -2.15 -2.15 -2.15 -2.15 -2.15 -2.15 -2.15 -2.15
2028.00 -2.23 -2.23 -2.23 -2.23 -2.23 -2.23 -2.23 -2.23 -2.23 -2.23 -2.23 -2.23 -2.23 -2.23 -2.23 -2.23 -2.23 -2.23 -2.23 -2.23 -2.23 -2.23 -2.23
2029.00 -2.53 -2.53 -2.53 -2.53 -2.53 -2.53 -2.53 -2.53 -2.53 -2.53 -2.53 -2.53 -2.53 -2.53 -2.53 -2.53 -2.53 -2.53 -2.53 -2.53 -2.53 -2.53 -2.53
2030.00 -2.56 -2.56 -2.56 -2.56 -2.56 -2.56 -2.56 -2.56 -2.56 -2.56 -2.56 -2.56 -2.56 -2.56 -2.56 -2.56 -2.56 -2.56 -2.56 -2.56 -2.56 -2.56 -2.56
2031.00 -2.85 -2.85 -2.85 -2.85 -2.85 -2.85 -2.85 -2.85 -2.85 -2.85 -2.85 -2.85 -2.85 -2.85 -2.85 -2.85 -2.85 -2.85 -2.85 -2.85 -2.85 -2.85 -2.85
2032.00 -3.02 -3.02 -3.02 -3.02 -3.02 -3.02 -3.02 -3.02 -3.02 -3.02 -3.02 -3.02 -3.02 -3.02 -3.02 -3.02 -3.02 -3.02 -3.02 -3.02 -3.02 -3.02 -3.02
2033.00 -3.11 -3.11 -3.11 -3.11 -3.11 -3.11 -3.11 -3.11 -3.11 -3.11 -3.11 -3.11 -3.11 -3.11 -3.11 -3.11 -3.11 -3.11 -3.11 -3.11 -3.11 -3.11 -3.11
2034.00 -3.57 -3.57 -3.57 -3.57 -3.57 -3.57 -3.57 -3.57 -3.57 -3.57 -3.57 -3.57 -3.57 -3.57 -3.57 -3.57 -3.57 -3.57 -3.57 -3.57 -3.57 -3.57 -3.57
2035.00 -3.77 -3.77 -3.77 -3.77 -3.77 -3.77 -3.77 -3.77 -3.77 -3.77 -3.77 -3.77 -3.77 -3.77 -3.77 -3.77 -3.77 -3.77 -3.77 -3.77 -3.77 -3.77 -3.77
2036.00 -3.82 -3.82 -3.82 -3.82 -3.82 -3.82 -3.82 -3.82 -3.82 -3.82 -3.82 -3.82 -3.82 -3.82 -3.82 -3.82 -3.82 -3.82 -3.82 -3.82 -3.82 -3.82 -3.82
2037.00 -3.83 -3.83 -3.83 -3.83 -3.83 -3.83 -3.83 -3.83 -3.83 -3.83 -3.83 -3.83 -3.83 -3.83 -3.83 -3.83 -3.83 -3.83 -3.83 -3.83 -3.83 -3.83 -3.83
2038.00 -3.80 -3.80 -3.80 -3.80 -3.80 -3.80 -3.80 -3.80 -3.80 -3.80 -3.80 -3.80 -3.80 -3.80 -3.80 -3.80 -3.80 -3.80 -3.80 -3.80 -3.80 -3.80 -3.80
2039.00 -3.80 -3.80 -3.80 -3.80 -3.80 -3.80 -3.80 -3.80 -3.80 -3.80 -3.80 -3.80 -3.80 -3.80 -3.80 -3.80 -3.80 -3.80 -3.80 -3.80 -3.80 -3.80 -3.80
2040.00 -3.73 -3.73 -3.73 -3.73 -3.73 -3.73 -3.73 -3.73 -3.73 -3.73 -3.73 -3.73 -3.73 -3.73 -3.73 -3.73 -3.73 -3.73 -3.73 -3.73 -3.73 -3.73 -3.73
2041.00 -3.69 -3.69 -3.69 -3.69 -3.69 -3.69 -3.69 -3.69 -3.69 -3.69 -3.69 -3.69 -3.69 -3.69 -3.69 -3.69 -3.69 -3.69 -3.69 -3.69 -3.69 -3.69 -3.69
2042.00 -3.73 -3.73 -3.73 -3.73 -3.73 -3.73 -3.73 -3.73 -3.73 -3.73 -3.73 -3.73 -3.73 -3.73 -3.73 -3.73 -3.73 -3.73 -3.73 -3.73 -3.73 -3.73 -3.73
2043.00 -3.77 -3.77 -3.77 -3.77 -3.77 -3.77 -3.77 -3.77 -3.77 -3.77 -3.77 -3.77 -3.77 -3.77 -3.77 -3.77 -3.77 -3.77 -3.77 -3.77 -3.77 -3.77 -3.77
2044.00 -3.89 -3.89 -3.89 -3.89 -3.89 -3.89 -3.89 -3.89 -3.89 -3.89 -3.89 -3.89 -3.89 -3.89 -3.89 -3.89 -3.89 -3.89 -3.89 -3.89 -3.89 -3.89 -3.89
2045.00 -4.09 -4.09 -4.09 -4.09 -4.09 -4.09 -4.09 -4.09 -4.09 -4.09 -4.09 -4.09 -4.09 -4.09 -4.09 -4.09 -4.09 -4.09 -4.09 -4.09 -4.09 -4.09 -4.09
2046.00 -4.18 -4.18 -4.18 -4.18 -4.18 -4.18 -4.18 -4.18 -4.18 -4.18 -4.18 -4.18 -4.18 -4.18 -4.18 -4.18 -4.18 -4.18 -4.18 -4.18 -4.18 -4.18 -4.18
2047.00 -4.27 -4.27 -4.27 -4.27 -4.27 -4.27 -4.27 -4.27 -4.27 -4.27 -4.27 -4.27 -4.27 -4.27 -4.27 -4.27 -4.27 -4.27 -4.27 -4.27 -4.27 -4.27 -4.27
2048.00 -4.31 -4.31 -4.31 -4.31 -4.31 -4.31 -4.31 -4.31 -4.31 -4.31 -4.31 -4.31 -4.31 -4.31 -4.31 -4.31 -4.31 -4.31 -4.31 -4.31 -4.31 -4.31 -4.31
2049.00 -4.30 -4.30 -4.30 -4.30 -4.30 -4.30 -4.30 -4.30 -4.30 -4.30 -4.30 -4.30 -4.30 -4.30 -4.30 -4.30 -4.30 -4.30 -4.30 -4.30 -4.30 -4.30 -4.30
2050.00 -4.26 -4.26 -4.26 -4.26 -4.26 -4.26 -4.26 -4.26 -4.26 -4.26 -4.26 -4.26 -4.26 -4.26 -4.26 -4.26 -4.26 -4.26 -4.26 -4.26 -4.26 -4.26 -4.26
2051.00 -4.11 -4.11 -4.11 -4.11 -4.11 -4.11 -4.11 -4.11 -4.11 -4.11 -4.11 -4.11 -4.11 -4.11 -4.11 -4.11 -4.11 -4.11 -4.11 -4.11 -4.11 -4.11 -4.11
2052.00 -4.01 -4.01 -4.01 -4.01 -4.01 -4.01 -4.01 -4.01 -4.01 -4.01 -4.01 -4.01 -4.01 -4.01 -4.01 -4.01 -4.01 -4.01 -4.01 -4.01 -4.01 -4.01 -4.01
2053.00 -3.93 -3.93 -3.93 -3.93 -3.93 -3.93 -3.93 -3.93 -3.93 -3.93 -3.93 -3.93 -3.93 -3.93 -3.93 -3.93 -3.93 -3.93 -3.93 -3.93 -3.93 -3.93 -3.93
2054.00 -3.91 -3.91 -3.91 -3.91 -3.91 -3.91 -3.91 -3.91 -3.91 -3.91 -3.91 -3.91 -3.91 -3.91 -3.91 -3.91 -3.91 -3.91 -3.91 -3.91 -3.91 -3.91 -3.91
2055.00 -3.88 -3.88 -3.88 -3.88 -3.88 -3.88 -3.88 -3.88 -3.88 -3.88 -3.88 -3.88 -3.88 -3.88 -3.88 -3.88 -3.88 -3.88 -3.88 -3.88 -3.88 -3.88 -3.88
2056.00 -3.96 -3.96 -3.96 -3.96 -3.96 -3.96 -3.96 -3.96 -3.96 -3.96 -3.96 -3.96 -3.96 -3.96 -3.96 -3.96 -3.96 -3.96 -3.96 -3.96 -3.96 -3.96 -3.96
2057.00 -4.02 -4.02 -4.02 -4.02 -4.02 -4.02 -4.02 -4.02 -4.02 -4.02 -4.02 -4.02 -4.02 -4.02 -4.02 -4.02 -4.02 -4.02 -4.02 -4.02 -4.02 -4.02 -4.02
2058.00 -4.06 -4.06 -4.06 -4.06 -4.06 -4.06 -4.06 -4.06 -4.06 -4.06 -4.06 -4.06 -4.06 -4.06 -4.06 -4.06 -4.06 -4.06 -4.06 -4.06 -4.06 -4.06 -4.06
2059.00 -4.12 -4.12 -4.12 -4.12 -4.12 -4.12 -4.12 -4.12 -4.12 -4.12 -4.12 -4.12 -4.12 -4.12 -4.12 -4.12 -4.12 -4.12 -4.12 -4.12 -4.12 -4.12 -4.12
2060.00 -4.14 -4.14 -4.14 -4.14 -4.14 -4.14 -4.14 -4.14 -4.14 -4.14 -4.14 -4.14 -4.14 -4.14 -4.14 -4.14 -4.14 -4.14 -4.14 -4.14 -4.14 -4.14 -4.14
2061.00 -4.10 -4.10 -4.10 -4.10 -4.10 -4.10 -4.10 -4.10 -4.10 -4.10 -4.10 -4.10 -4.10 -4.10 -4.10 -4.10 -4.10 -4.10 -4.10 -4.10 -4.10 -4.10 -4.10
2062.00 -4.03 -4.03 -4.03 -4.03 -4.03 -4.03 -4.03 -4.03 -4.03 -4.03 -4.03 -4.03 -4.03 -4.03 -4.03 -4.03 -4.03 -4.03 -4.03 -4.03 -4.03 -4.03 -4.03
2063.00 -4.01 -4.01 -4.01 -4.01 -4.01 -4.01 -4.01 -4.01 -4.01 -4.01 -4.01 -4.01 -4.01 -4.01 -4.01 -4.01 -4.01 -4.01 -4.01 -4.01 -4.01 -4.01 -4.01
2064.00 -3.98 -3.98 -3.98 -3.98 -3.98 -3.98 -3.98 -3.98 -3.98 -3.98 -3.98 -3.98 -3.98 -3.98 -3.98 -3.98 -3.98 -3.98 -3.98 -3.98 -3.98 -3.98 -3.98
2065.00 -3.98 -3.98 -3.98 -3.98 -3.98 -3.98 -3.98 -3.98 -3.98 -3.98 -3.98 -3.98 -3.98 -3.98 -3.98 -3.98 -3.98 -3.98 -3.98 -3.98 -3.98 -3.98 -3.98
