# yearspad, alpred
# [0.6  0.62 0.64 0.66 0.68 0.7  0.72 0.74 0.76 0.78 0.8  0.82 0.84 0.86
#  0.88 0.9  0.92 0.94 0.96 0.98 1.   1.02 1.04]
1922.00 -2.58 -2.58 -2.58 -2.58 -2.58 -2.58 -2.58 -2.58 -2.58 -2.58 -2.58 -2.58 -2.58 -2.58 -2.58 -2.58 -2.58 -2.58 -2.58 -2.58 -2.58 -2.58 -2.58
1923.00 -2.88 -2.88 -2.88 -2.88 -2.88 -2.88 -2.88 -2.88 -2.88 -2.88 -2.88 -2.88 -2.88 -2.88 -2.88 -2.88 -2.88 -2.88 -2.88 -2.88 -2.88 -2.88 -2.88
1924.00 -3.71 -3.71 -3.71 -3.71 -3.71 -3.71 -3.71 -3.71 -3.71 -3.71 -3.71 -3.71 -3.71 -3.71 -3.71 -3.71 -3.71 -3.71 -3.71 -3.71 -3.71 -3.71 -3.71
1925.00 -4.54 -4.54 -4.54 -4.54 -4.54 -4.54 -4.54 -4.54 -4.54 -4.54 -4.54 -4.54 -4.54 -4.54 -4.54 -4.54 -4.54 -4.54 -4.54 -4.54 -4.54 -4.54 -4.54
1926.00 -5.05 -5.05 -5.05 -5.05 -5.05 -5.05 -5.05 -5.05 -5.05 -5.05 -5.05 -5.05 -5.05 -5.05 -5.05 -5.05 -5.05 -5.05 -5.05 -5.05 -5.05 -5.05 -5.05
1927.00 -5.91 -5.91 -5.91 -5.91 -5.91 -5.91 -5.91 -5.91 -5.91 -5.91 -5.91 -5.91 -5.91 -5.91 -5.91 -5.91 -5.91 -5.91 -5.91 -5.91 -5.91 -5.91 -5.91
1928.00 -6.98 -6.98 -6.98 -6.98 -6.98 -6.98 -6.98 -6.98 -6.98 -6.98 -6.98 -6.98 -6.98 -6.98 -6.98 -6.98 -6.98 -6.98 -6.98 -6.98 -6.98 -6.98 -6.98
1929.00 -7.45 -7.45 -7.45 -7.45 -7.45 -7.45 -7.45 -7.45 -7.45 -7.45 -7.45 -7.45 -7.45 -7.45 -7.45 -7.45 -7.45 -7.45 -7.45 -7.45 -7.45 -7.45 -7.45
1930.00 -7.80 -7.80 -7.80 -7.80 -7.80 -7.80 -7.80 -7.80 -7.80 -7.80 -7.80 -7.80 -7.80 -7.80 -7.80 -7.80 -7.80 -7.80 -7.80 -7.80 -7.80 -7.80 -7.80
1931.00 -8.43 -8.43 -8.43 -8.43 -8.43 -8.43 -8.43 -8.43 -8.43 -8.43 -8.43 -8.43 -8.43 -8.43 -8.43 -8.43 -8.43 -8.43 -8.43 -8.43 -8.43 -8.43 -8.43
1932.00 -8.75 -8.75 -8.75 -8.75 -8.75 -8.75 -8.75 -8.75 -8.75 -8.75 -8.75 -8.75 -8.75 -8.75 -8.75 -8.75 -8.75 -8.75 -8.75 -8.75 -8.75 -8.75 -8.75
1933.00 -9.37 -9.37 -9.37 -9.37 -9.37 -9.37 -9.37 -9.37 -9.37 -9.37 -9.37 -9.37 -9.37 -9.37 -9.37 -9.37 -9.37 -9.37 -9.37 -9.37 -9.37 -9.37 -9.37
1934.00 -10.21 -10.21 -10.21 -10.21 -10.21 -10.21 -10.21 -10.21 -10.21 -10.21 -10.21 -10.21 -10.21 -10.21 -10.21 -10.21 -10.21 -10.21 -10.21 -10.21 -10.21 -10.21 -10.21
1935.00 -10.26 -10.26 -10.26 -10.26 -10.26 -10.26 -10.26 -10.26 -10.26 -10.26 -10.26 -10.26 -10.26 -10.26 -10.26 -10.26 -10.26 -10.26 -10.26 -10.26 -10.26 -10.26 -10.26
1936.00 -10.34 -10.34 -10.34 -10.34 -10.34 -10.34 -10.34 -10.34 -10.34 -10.34 -10.34 -10.34 -10.34 -10.34 -10.34 -10.34 -10.34 -10.34 -10.34 -10.34 -10.34 -10.34 -10.34
1937.00 -10.05 -10.05 -10.05 -10.05 -10.05 -10.05 -10.05 -10.05 -10.05 -10.05 -10.05 -10.05 -10.05 -10.05 -10.05 -10.05 -10.05 -10.05 -10.05 -10.05 -10.05 -10.05 -10.05
1938.00 -9.77 -9.77 -9.77 -9.77 -9.77 -9.77 -9.77 -9.77 -9.77 -9.77 -9.77 -9.77 -9.77 -9.77 -9.77 -9.77 -9.77 -9.77 -9.77 -9.77 -9.77 -9.77 -9.77
1939.00 -9.30 -9.30 -9.30 -9.30 -9.30 -9.30 -9.30 -9.30 -9.30 -9.30 -9.30 -9.30 -9.30 -9.30 -9.30 -9.30 -9.30 -9.30 -9.30 -9.30 -9.30 -9.30 -9.30
1940.00 -8.19 -8.19 -8.19 -8.19 -8.19 -8.19 -8.19 -8.19 -8.19 -8.19 -8.19 -8.19 -8.19 -8.19 -8.19 -8.19 -8.19 -8.19 -8.19 -8.19 -8.19 -8.19 -8.19
1941.00 -7.65 -7.65 -7.65 -7.65 -7.65 -7.65 -7.65 -7.65 -7.65 -7.65 -7.65 -7.65 -7.65 -7.65 -7.65 -7.65 -7.65 -7.65 -7.65 -7.65 -7.65 -7.65 -7.65
1942.00 -7.87 -7.87 -7.87 -7.87 -7.87 -7.87 -7.87 -7.87 -7.87 -7.87 -7.87 -7.87 -7.87 -7.87 -7.87 -7.87 -7.87 -7.87 -7.87 -7.87 -7.87 -7.87 -7.87
1943.00 -6.89 -6.89 -6.89 -6.89 -6.89 -6.89 -6.89 -6.89 -6.89 -6.89 -6.89 -6.89 -6.89 -6.89 -6.89 -6.89 -6.89 -6.89 -6.89 -6.89 -6.89 -6.89 -6.89
1944.00 -6.40 -6.40 -6.40 -6.40 -6.40 -6.40 -6.40 -6.40 -6.40 -6.40 -6.40 -6.40 -6.40 -6.40 -6.40 -6.40 -6.40 -6.40 -6.40 -6.40 -6.40 -6.40 -6.40
1945.00 -6.56 -6.56 -6.56 -6.56 -6.56 -6.56 -6.56 -6.56 -6.56 -6.56 -6.56 -6.56 -6.56 -6.56 -6.56 -6.56 -6.56 -6.56 -6.56 -6.56 -6.56 -6.56 -6.56
1946.00 -5.82 -5.82 -5.82 -5.82 -5.82 -5.82 -5.82 -5.82 -5.82 -5.82 -5.82 -5.82 -5.82 -5.82 -5.82 -5.82 -5.82 -5.82 -5.82 -5.82 -5.82 -5.82 -5.82
1947.00 -5.33 -5.33 -5.33 -5.33 -5.33 -5.33 -5.33 -5.33 -5.33 -5.33 -5.33 -5.33 -5.33 -5.33 -5.33 -5.33 -5.33 -5.33 -5.33 -5.33 -5.33 -5.33 -5.33
1948.00 -4.37 -4.37 -4.37 -4.37 -4.37 -4.37 -4.37 -4.37 -4.37 -4.37 -4.37 -4.37 -4.37 -4.37 -4.37 -4.37 -4.37 -4.37 -4.37 -4.37 -4.37 -4.37 -4.37
1949.00 -4.36 -4.36 -4.36 -4.36 -4.36 -4.36 -4.36 -4.36 -4.36 -4.36 -4.36 -4.36 -4.36 -4.36 -4.36 -4.36 -4.36 -4.36 -4.36 -4.36 -4.36 -4.36 -4.36
1950.00 -3.81 -3.81 -3.81 -3.81 -3.81 -3.81 -3.81 -3.81 -3.81 -3.81 -3.81 -3.81 -3.81 -3.81 -3.81 -3.81 -3.81 -3.81 -3.81 -3.81 -3.81 -3.81 -3.81
1951.00 -4.44 -4.44 -4.44 -4.44 -4.44 -4.44 -4.44 -4.44 -4.44 -4.44 -4.44 -4.44 -4.44 -4.44 -4.44 -4.44 -4.44 -4.44 -4.44 -4.44 -4.44 -4.44 -4.44
1952.00 -4.89 -4.89 -4.89 -4.89 -4.89 -4.89 -4.89 -4.89 -4.89 -4.89 -4.89 -4.89 -4.89 -4.89 -4.89 -4.89 -4.89 -4.89 -4.89 -4.89 -4.89 -4.89 -4.89
1953.00 -5.41 -5.41 -5.41 -5.41 -5.41 -5.41 -5.41 -5.41 -5.41 -5.41 -5.41 -5.41 -5.41 -5.41 -5.41 -5.41 -5.41 -5.41 -5.41 -5.41 -5.41 -5.41 -5.41
1954.00 -4.39 -4.39 -4.39 -4.39 -4.39 -4.39 -4.39 -4.39 -4.39 -4.39 -4.39 -4.39 -4.39 -4.39 -4.39 -4.39 -4.39 -4.39 -4.39 -4.39 -4.39 -4.39 -4.39
1955.00 -4.20 -4.20 -4.20 -4.20 -4.20 -4.20 -4.20 -4.20 -4.20 -4.20 -4.20 -4.20 -4.20 -4.20 -4.20 -4.20 -4.20 -4.20 -4.20 -4.20 -4.20 -4.20 -4.20
1956.00 -3.42 -3.42 -3.42 -3.42 -3.42 -3.42 -3.42 -3.42 -3.42 -3.42 -3.42 -3.42 -3.42 -3.42 -3.42 -3.42 -3.42 -3.42 -3.42 -3.42 -3.42 -3.42 -3.42
1957.00 -3.11 -3.11 -3.11 -3.11 -3.11 -3.11 -3.11 -3.11 -3.11 -3.11 -3.11 -3.11 -3.11 -3.11 -3.11 -3.11 -3.11 -3.11 -3.11 -3.11 -3.11 -3.11 -3.11
1958.00 -2.87 -2.87 -2.87 -2.87 -2.87 -2.87 -2.87 -2.87 -2.87 -2.87 -2.87 -2.87 -2.87 -2.87 -2.87 -2.87 -2.87 -2.87 -2.87 -2.87 -2.87 -2.87 -2.87
1959.00 -2.17 -2.17 -2.17 -2.17 -2.17 -2.17 -2.17 -2.17 -2.17 -2.17 -2.17 -2.17 -2.17 -2.17 -2.17 -2.17 -2.17 -2.17 -2.17 -2.17 -2.17 -2.17 -2.17
1960.00 -2.16 -2.16 -2.16 -2.16 -2.16 -2.16 -2.16 -2.16 -2.16 -2.16 -2.16 -2.16 -2.16 -2.16 -2.16 -2.16 -2.16 -2.16 -2.16 -2.16 -2.16 -2.16 -2.16
1961.00 -2.53 -2.53 -2.53 -2.53 -2.53 -2.53 -2.53 -2.53 -2.53 -2.53 -2.53 -2.53 -2.53 -2.53 -2.53 -2.53 -2.53 -2.53 -2.53 -2.53 -2.53 -2.53 -2.53
1962.00 -1.99 -1.99 -1.99 -1.99 -1.99 -1.99 -1.99 -1.99 -1.99 -1.99 -1.99 -1.99 -1.99 -1.99 -1.99 -1.99 -1.99 -1.99 -1.99 -1.99 -1.99 -1.99 -1.99
1963.00 -1.11 -1.11 -1.11 -1.11 -1.11 -1.11 -1.11 -1.11 -1.11 -1.11 -1.11 -1.11 -1.11 -1.11 -1.11 -1.11 -1.11 -1.11 -1.11 -1.11 -1.11 -1.11 -1.11
1964.00 -1.11 -1.11 -1.11 -1.11 -1.11 -1.11 -1.11 -1.11 -1.11 -1.11 -1.11 -1.11 -1.11 -1.11 -1.11 -1.11 -1.11 -1.11 -1.11 -1.11 -1.11 -1.11 -1.11
1965.00 -0.70 -0.70 -0.70 -0.70 -0.70 -0.70 -0.70 -0.70 -0.70 -0.70 -0.70 -0.70 -0.70 -0.70 -0.70 -0.70 -0.70 -0.70 -0.70 -0.70 -0.70 -0.70 -0.70
1966.00 -0.17 -0.17 -0.17 -0.17 -0.17 -0.17 -0.17 -0.17 -0.17 -0.17 -0.17 -0.17 -0.17 -0.17 -0.17 -0.17 -0.17 -0.17 -0.17 -0.17 -0.17 -0.17 -0.17
1967.00 -0.72 -0.72 -0.72 -0.72 -0.72 -0.72 -0.72 -0.72 -0.72 -0.72 -0.72 -0.72 -0.72 -0.72 -0.72 -0.72 -0.72 -0.72 -0.72 -0.72 -0.72 -0.72 -0.72
1968.00 -0.53 -0.53 -0.53 -0.53 -0.53 -0.53 -0.53 -0.53 -0.53 -0.53 -0.53 -0.53 -0.53 -0.53 -0.53 -0.53 -0.53 -0.53 -0.53 -0.53 -0.53 -0.53 -0.53
1969.00 -0.48 -0.48 -0.48 -0.48 -0.48 -0.48 -0.48 -0.48 -0.48 -0.48 -0.48 -0.48 -0.48 -0.48 -0.48 -0.48 -0.48 -0.48 -0.48 -0.48 -0.48 -0.48 -0.48
1970.00 122.56 122.56 122.56 122.56 122.56 122.56 122.56 122.56 122.56 122.56 122.56 122.56 122.56 122.56 122.56 122.56 122.56 122.56 122.56 122.56 122.56 122.56 122.56
1971.00 124.55 124.55 124.55 124.55 124.55 124.55 124.55 124.55 124.55 124.55 124.55 124.55 124.55 124.55 124.55 124.55 124.55 124.55 124.55 124.55 124.55 124.55 124.55
1972.00 137.98 137.98 137.98 137.98 137.98 137.98 137.98 137.98 137.98 137.98 137.98 137.98 137.98 137.98 137.98 137.98 137.98 137.98 137.98 137.98 137.98 137.98 137.98
1973.00 146.70 146.70 146.70 146.70 146.70 146.70 146.70 146.70 146.70 146.70 146.70 146.70 146.70 146.70 146.70 146.70 146.70 146.70 146.70 146.70 146.70 146.70 146.70
1974.00 151.82 151.82 151.82 151.82 151.82 151.82 151.82 151.82 151.82 151.82 151.82 151.82 151.82 151.82 151.82 151.82 151.82 151.82 151.82 151.82 151.82 151.82 151.82
1975.00 155.66 155.66 155.66 155.66 155.66 155.66 155.66 155.66 155.66 155.66 155.66 155.66 155.66 155.66 155.66 155.66 155.66 155.66 155.66 155.66 155.66 155.66 155.66
1976.00 170.91 170.91 170.91 170.91 170.91 170.91 170.91 170.91 170.91 170.91 170.91 170.91 170.91 170.91 170.91 170.91 170.91 170.91 170.91 170.91 170.91 170.91 170.91
1977.00 169.31 169.31 169.31 169.31 169.31 169.31 169.31 169.31 169.31 169.31 169.31 169.31 169.31 169.31 169.31 169.31 169.31 169.31 169.31 169.31 169.31 169.31 169.31
1978.00 162.51 162.51 162.51 162.51 162.51 162.51 162.51 162.51 162.51 162.51 162.51 162.51 162.51 162.51 162.51 162.51 162.51 162.51 162.51 162.51 162.51 162.51 162.51
1979.00 160.92 160.92 160.92 160.92 160.92 160.92 160.92 160.92 160.92 160.92 160.92 160.92 160.92 160.92 160.92 160.92 160.92 160.92 160.92 160.92 160.92 160.92 160.92
1980.00 161.62 161.62 161.62 161.62 161.62 161.62 161.62 161.62 161.62 161.62 161.62 161.62 161.62 161.62 161.62 161.62 161.62 161.62 161.62 161.62 161.62 161.62 161.62
1981.00 163.77 163.77 163.77 163.77 163.77 163.77 163.77 163.77 163.77 163.77 163.77 163.77 163.77 163.77 163.77 163.77 163.77 163.77 163.77 163.77 163.77 163.77 163.77
1982.00 162.23 162.23 162.23 162.23 162.23 162.23 162.23 162.23 162.23 162.23 162.23 162.23 162.23 162.23 162.23 162.23 162.23 162.23 162.23 162.23 162.23 162.23 162.23
1983.00 153.83 153.83 153.83 153.83 153.83 153.83 153.83 153.83 153.83 153.83 153.83 153.83 153.83 153.83 153.83 153.83 153.83 153.83 153.83 153.83 153.83 153.83 153.83
1984.00 144.36 144.36 144.36 144.36 144.36 144.36 144.36 144.36 144.36 144.36 144.36 144.36 144.36 144.36 144.36 144.36 144.36 144.36 144.36 144.36 144.36 144.36 144.36
1985.00 144.33 144.33 144.33 144.33 144.33 144.33 144.33 144.33 144.33 144.33 144.33 144.33 144.33 144.33 144.33 144.33 144.33 144.33 144.33 144.33 144.33 144.33 144.33
1986.00 131.33 131.33 131.33 131.33 131.33 131.33 131.33 131.33 131.33 131.33 131.33 131.33 131.33 131.33 131.33 131.33 131.33 131.33 131.33 131.33 131.33 131.33 131.33
1987.00 128.30 128.30 128.30 128.30 128.30 128.30 128.30 128.30 128.30 128.30 128.30 128.30 128.30 128.30 128.30 128.30 128.30 128.30 128.30 128.30 128.30 128.30 128.30
1988.00 77.96 80.17 82.37 84.57 86.78 88.98 91.18 93.39 95.59 97.79 100.00 102.20 104.40 106.60 108.81 111.01 113.21 115.42 117.62 119.82 122.03 124.23 126.43
1989.00 75.56 77.69 79.81 81.94 84.07 86.19 88.32 90.45 92.58 94.70 96.83 98.96 101.08 103.21 105.34 107.47 109.59 111.72 113.85 115.98 118.10 120.23 122.36
1990.00 72.38 74.42 76.46 78.50 80.54 82.58 84.61 86.65 88.69 90.73 92.77 94.81 96.84 98.88 100.92 102.96 105.00 107.04 109.07 111.11 113.15 115.19 117.23
1991.00 70.89 72.89 74.88 76.88 78.87 80.86 82.86 84.85 86.85 88.84 90.83 92.83 94.82 96.81 98.81 100.80 102.80 104.79 106.78 108.78 110.77 112.77 114.76
1992.00 70.14 72.11 74.08 76.05 78.01 79.98 81.95 83.92 85.88 87.85 89.82 91.79 93.75 95.72 97.69 99.66 101.63 103.59 105.56 107.53 109.50 111.46 113.43
1993.00 69.35 71.29 73.23 75.17 77.11 79.06 81.00 82.94 84.88 86.82 88.76 90.70 92.65 94.59 96.53 98.47 100.41 102.35 104.29 106.24 108.18 110.12 112.06
1994.00 67.76 69.67 71.58 73.49 75.40 77.31 79.22 81.13 83.04 84.95 86.86 88.78 90.69 92.60 94.51 96.42 98.33 100.24 102.15 104.06 105.97 107.88 109.79
1995.00 67.34 69.25 71.16 73.07 74.97 76.88 78.79 80.70 82.61 84.51 86.42 88.33 90.24 92.14 94.05 95.96 97.87 99.78 101.68 103.59 105.50 107.41 109.32
1996.00 65.09 66.96 68.84 70.71 72.59 74.46 76.34 78.21 80.09 81.96 83.84 85.71 87.59 89.46 91.34 93.21 95.09 96.96 98.84 100.71 102.59 104.46 106.34
1997.00 63.67 65.54 67.41 69.27 71.14 73.01 74.88 76.74 78.61 80.48 82.35 84.21 86.08 87.95 89.82 91.68 93.55 95.42 97.28 99.15 101.02 102.89 104.75
1998.00 63.37 65.21 67.05 68.89 70.73 72.57 74.41 76.25 78.09 79.92 81.76 83.60 85.44 87.28 89.12 90.96 92.80 94.64 96.48 98.32 100.16 102.00 103.84
1999.00 61.36 63.14 64.91 66.69 68.47 70.24 72.02 73.80 75.57 77.35 79.12 80.90 82.68 84.45 86.23 88.01 89.78 91.56 93.34 95.11 96.89 98.67 100.44
2000.00 57.43 59.10 60.78 62.45 64.13 65.80 67.47 69.15 70.82 72.50 74.17 75.84 77.52 79.19 80.87 82.54 84.21 85.89 87.56 89.24 90.91 92.58 94.26
2001.00 55.58 57.19 58.81 60.42 62.03 63.65 65.26 66.87 68.49 70.10 71.71 73.33 74.94 76.55 78.17 79.78 81.39 83.01 84.62 86.24 87.85 89.46 91.08
2002.00 54.27 55.85 57.43 59.00 60.58 62.16 63.74 65.32 66.90 68.48 70.05 71.63 73.21 74.79 76.37 77.95 79.53 81.10 82.68 84.26 85.84 87.42 89.00
2003.00 53.04 54.60 56.15 57.71 59.26 60.82 62.38 63.93 65.49 67.05 68.60 70.16 71.72 73.27 74.83 76.38 77.94 79.50 81.05 82.61 84.17 85.72 87.28
2004.00 49.12 50.57 52.03 53.49 54.94 56.40 57.86 59.31 60.77 62.23 63.68 65.14 66.60 68.05 69.51 70.97 72.42 73.88 75.34 76.79 78.25 79.71 81.16
2005.00 48.29 49.73 51.16 52.59 54.02 55.46 56.89 58.32 59.75 61.19 62.62 64.05 65.48 66.92 68.35 69.78 71.22 72.65 74.08 75.51 76.95 78.38 79.81
2006.00 46.74 48.13 49.53 50.92 52.32 53.71 55.11 56.50 57.89 59.29 60.68 62.08 63.47 64.87 66.26 67.65 69.05 70.44 71.84 73.23 74.63 76.02 77.41
2007.00 45.84 47.19 48.55 49.90 51.26 52.62 53.97 55.33 56.68 58.04 59.40 60.75 62.11 63.46 64.82 66.18 67.53 68.89 70.24 71.60 72.96 74.31 75.67
2008.00 42.91 44.17 45.44 46.70 47.96 49.23 50.49 51.76 53.02 54.29 55.55 56.81 58.08 59.34 60.61 61.87 63.14 64.40 65.66 66.93 68.19 69.46 70.72
2009.00 41.66 42.86 44.06 45.26 46.46 47.67 48.87 50.07 51.27 52.47 53.68 54.88 56.08 57.28 58.48 59.69 60.89 62.09 63.29 64.49 65.69 66.90 68.10
2010.00 37.27 38.36 39.45 40.54 41.63 42.71 43.80 44.89 45.98 47.07 48.15 49.24 50.33 51.42 52.51 53.59 54.68 55.77 56.86 57.94 59.03 60.12 61.21
2011.00 35.29 36.34 37.40 38.45 39.50 40.55 41.60 42.66 43.71 44.76 45.81 46.87 47.92 48.97 50.02 51.08 52.13 53.18 54.23 55.28 56.34 57.39 58.44
2012.00 33.26 34.28 35.30 36.32 37.34 38.35 39.37 40.39 41.41 42.43 43.45 44.47 45.48 46.50 47.52 48.54 49.56 50.58 51.59 52.61 53.63 54.65 55.67
2013.00 31.55 32.53 33.51 34.49 35.47 36.45 37.43 38.42 39.40 40.38 41.36 42.34 43.32 44.30 45.28 46.27 47.25 48.23 49.21 50.19 51.17 52.15 53.14
2014.00 29.29 30.23 31.16 32.10 33.04 33.97 34.91 35.85 36.78 37.72 38.66 39.59 40.53 41.47 42.40 43.34 44.28 45.21 46.15 47.09 48.02 48.96 49.90
2015.00 28.27 29.20 30.13 31.05 31.98 32.91 33.84 34.77 35.70 36.63 37.56 38.49 39.42 40.35 41.28 42.21 43.14 44.06 44.99 45.92 46.85 47.78 48.71
2016.00 27.15 28.05 28.96 29.86 30.77 31.68 32.58 33.49 34.39 35.30 36.20 37.11 38.01 38.92 39.82 40.73 41.64 42.54 43.45 44.35 45.26 46.16 47.07
2017.00 25.49 26.36 27.24 28.11 28.98 29.86 30.73 31.61 32.48 33.36 34.23 35.11 35.98 36.86 37.73 38.61 39.48 40.36 41.23 42.11 42.98 43.85 44.73
2018.00 -1.53 -1.53 -1.53 -1.53 -1.53 -1.53 -1.53 -1.53 -1.53 -1.53 -1.53 -1.53 -1.53 -1.53 -1.53 -1.53 -1.53 -1.53 -1.53 -1.53 -1.53 -1.53 -1.53
2019.00 -3.03 -3.03 -3.03 -3.03 -3.03 -3.03 -3.03 -3.03 -3.03 -3.03 -3.03 -3.03 -3.03 -3.03 -3.03 -3.03 -3.03 -3.03 -3.03 -3.03 -3.03 -3.03 -3.03
2020.00 -3.56 -3.56 -3.56 -3.56 -3.56 -3.56 -3.56 -3.56 -3.56 -3.56 -3.56 -3.56 -3.56 -3.56 -3.56 -3.56 -3.56 -3.56 -3.56 -3.56 -3.56 -3.56 -3.56
2021.00 -4.67 -4.67 -4.67 -4.67 -4.67 -4.67 -4.67 -4.67 -4.67 -4.67 -4.67 -4.67 -4.67 -4.67 -4.67 -4.67 -4.67 -4.67 -4.67 -4.67 -4.67 -4.67 -4.67
2022.00 -5.44 -5.44 -5.44 -5.44 -5.44 -5.44 -5.44 -5.44 -5.44 -5.44 -5.44 -5.44 -5.44 -5.44 -5.44 -5.44 -5.44 -5.44 -5.44 -5.44 -5.44 -5.44 -5.44
2023.00 -5.84 -5.84 -5.84 -5.84 -5.84 -5.84 -5.84 -5.84 -5.84 -5.84 -5.84 -5.84 -5.84 -5.84 -5.84 -5.84 -5.84 -5.84 -5.84 -5.84 -5.84 -5.84 -5.84
2024.00 -6.28 -6.28 -6.28 -6.28 -6.28 -6.28 -6.28 -6.28 -6.28 -6.28 -6.28 -6.28 -6.28 -6.28 -6.28 -6.28 -6.28 -6.28 -6.28 -6.28 -6.28 -6.28 -6.28
2025.00 -6.48 -6.48 -6.48 -6.48 -6.48 -6.48 -6.48 -6.48 -6.48 -6.48 -6.48 -6.48 -6.48 -6.48 -6.48 -6.48 -6.48 -6.48 -6.48 -6.48 -6.48 -6.48 -6.48
2026.00 -5.58 -5.58 -5.58 -5.58 -5.58 -5.58 -5.58 -5.58 -5.58 -5.58 -5.58 -5.58 -5.58 -5.58 -5.58 -5.58 -5.58 -5.58 -5.58 -5.58 -5.58 -5.58 -5.58
2027.00 -5.45 -5.45 -5.45 -5.45 -5.45 -5.45 -5.45 -5.45 -5.45 -5.45 -5.45 -5.45 -5.45 -5.45 -5.45 -5.45 -5.45 -5.45 -5.45 -5.45 -5.45 -5.45 -5.45
2028.00 -5.37 -5.37 -5.37 -5.37 -5.37 -5.37 -5.37 -5.37 -5.37 -5.37 -5.37 -5.37 -5.37 -5.37 -5.37 -5.37 -5.37 -5.37 -5.37 -5.37 -5.37 -5.37 -5.37
2029.00 -5.04 -5.04 -5.04 -5.04 -5.04 -5.04 -5.04 -5.04 -5.04 -5.04 -5.04 -5.04 -5.04 -5.04 -5.04 -5.04 -5.04 -5.04 -5.04 -5.04 -5.04 -5.04 -5.04
2030.00 -4.87 -4.87 -4.87 -4.87 -4.87 -4.87 -4.87 -4.87 -4.87 -4.87 -4.87 -4.87 -4.87 -4.87 -4.87 -4.87 -4.87 -4.87 -4.87 -4.87 -4.87 -4.87 -4.87
2031.00 -4.37 -4.37 -4.37 -4.37 -4.37 -4.37 -4.37 -4.37 -4.37 -4.37 -4.37 -4.37 -4.37 -4.37 -4.37 -4.37 -4.37 -4.37 -4.37 -4.37 -4.37 -4.37 -4.37
2032.00 -3.95 -3.95 -3.95 -3.95 -3.95 -3.95 -3.95 -3.95 -3.95 -3.95 -3.95 -3.95 -3.95 -3.95 -3.95 -3.95 -3.95 -3.95 -3.95 -3.95 -3.95 -3.95 -3.95
2033.00 -3.74 -3.74 -3.74 -3.74 -3.74 -3.74 -3.74 -3.74 -3.74 -3.74 -3.74 -3.74 -3.74 -3.74 -3.74 -3.74 -3.74 -3.74 -3.74 -3.74 -3.74 -3.74 -3.74
2034.00 -2.97 -2.97 -2.97 -2.97 -2.97 -2.97 -2.97 -2.97 -2.97 -2.97 -2.97 -2.97 -2.97 -2.97 -2.97 -2.97 -2.97 -2.97 -2.97 -2.97 -2.97 -2.97 -2.97
2035.00 -2.83 -2.83 -2.83 -2.83 -2.83 -2.83 -2.83 -2.83 -2.83 -2.83 -2.83 -2.83 -2.83 -2.83 -2.83 -2.83 -2.83 -2.83 -2.83 -2.83 -2.83 -2.83 -2.83
2036.00 -2.64 -2.64 -2.64 -2.64 -2.64 -2.64 -2.64 -2.64 -2.64 -2.64 -2.64 -2.64 -2.64 -2.64 -2.64 -2.64 -2.64 -2.64 -2.64 -2.64 -2.64 -2.64 -2.64
2037.00 -2.41 -2.41 -2.41 -2.41 -2.41 -2.41 -2.41 -2.41 -2.41 -2.41 -2.41 -2.41 -2.41 -2.41 -2.41 -2.41 -2.41 -2.41 -2.41 -2.41 -2.41 -2.41 -2.41
2038.00 -2.41 -2.41 -2.41 -2.41 -2.41 -2.41 -2.41 -2.41 -2.41 -2.41 -2.41 -2.41 -2.41 -2.41 -2.41 -2.41 -2.41 -2.41 -2.41 -2.41 -2.41 -2.41 -2.41
2039.00 -2.31 -2.31 -2.31 -2.31 -2.31 -2.31 -2.31 -2.31 -2.31 -2.31 -2.31 -2.31 -2.31 -2.31 -2.31 -2.31 -2.31 -2.31 -2.31 -2.31 -2.31 -2.31 -2.31
2040.00 -2.36 -2.36 -2.36 -2.36 -2.36 -2.36 -2.36 -2.36 -2.36 -2.36 -2.36 -2.36 -2.36 -2.36 -2.36 -2.36 -2.36 -2.36 -2.36 -2.36 -2.36 -2.36 -2.36
2041.00 -2.28 -2.28 -2.28 -2.28 -2.28 -2.28 -2.28 -2.28 -2.28 -2.28 -2.28 -2.28 -2.28 -2.28 -2.28 -2.28 -2.28 -2.28 -2.28 -2.28 -2.28 -2.28 -2.28
2042.00 -2.13 -2.13 -2.13 -2.13 -2.13 -2.13 -2.13 -2.13 -2.13 -2.13 -2.13 -2.13 -2.13 -2.13 -2.13 -2.13 -2.13 -2.13 -2.13 -2.13 -2.13 -2.13 -2.13
2043.00 -2.55 -2.55 -2.55 -2.55 -2.55 -2.55 -2.55 -2.55 -2.55 -2.55 -2.55 -2.55 -2.55 -2.55 -2.55 -2.55 -2.55 -2.55 -2.55 -2.55 -2.55 -2.55 -2.55
2044.00 -2.63 -2.63 -2.63 -2.63 -2.63 -2.63 -2.63 -2.63 -2.63 -2.63 -2.63 -2.63 -2.63 -2.63 -2.63 -2.63 -2.63 -2.63 -2.63 -2.63 -2.63 -2.63 -2.63
2045.00 -2.64 -2.64 -2.64 -2.64 -2.64 -2.64 -2.64 -2.64 -2.64 -2.64 -2.64 -2.64 -2.64 -2.64 -2.64 -2.64 -2.64 -2.64 -2.64 -2.64 -2.64 -2.64 -2.64
2046.00 -2.99 -2.99 -2.99 -2.99 -2.99 -2.99 -2.99 -2.99 -2.99 -2.99 -2.99 -2.99 -2.99 -2.99 -2.99 -2.99 -2.99 -2.99 -2.99 -2.99 -2.99 -2.99 -2.99
2047.00 -3.27 -3.27 -3.27 -3.27 -3.27 -3.27 -3.27 -3.27 -3.27 -3.27 -3.27 -3.27 -3.27 -3.27 -3.27 -3.27 -3.27 -3.27 -3.27 -3.27 -3.27 -3.27 -3.27
2048.00 -3.10 -3.10 -3.10 -3.10 -3.10 -3.10 -3.10 -3.10 -3.10 -3.10 -3.10 -3.10 -3.10 -3.10 -3.10 -3.10 -3.10 -3.10 -3.10 -3.10 -3.10 -3.10 -3.10
2049.00 -3.26 -3.26 -3.26 -3.26 -3.26 -3.26 -3.26 -3.26 -3.26 -3.26 -3.26 -3.26 -3.26 -3.26 -3.26 -3.26 -3.26 -3.26 -3.26 -3.26 -3.26 -3.26 -3.26
2050.00 -3.33 -3.33 -3.33 -3.33 -3.33 -3.33 -3.33 -3.33 -3.33 -3.33 -3.33 -3.33 -3.33 -3.33 -3.33 -3.33 -3.33 -3.33 -3.33 -3.33 -3.33 -3.33 -3.33
2051.00 -3.25 -3.25 -3.25 -3.25 -3.25 -3.25 -3.25 -3.25 -3.25 -3.25 -3.25 -3.25 -3.25 -3.25 -3.25 -3.25 -3.25 -3.25 -3.25 -3.25 -3.25 -3.25 -3.25
2052.00 -3.16 -3.16 -3.16 -3.16 -3.16 -3.16 -3.16 -3.16 -3.16 -3.16 -3.16 -3.16 -3.16 -3.16 -3.16 -3.16 -3.16 -3.16 -3.16 -3.16 -3.16 -3.16 -3.16
2053.00 -3.15 -3.15 -3.15 -3.15 -3.15 -3.15 -3.15 -3.15 -3.15 -3.15 -3.15 -3.15 -3.15 -3.15 -3.15 -3.15 -3.15 -3.15 -3.15 -3.15 -3.15 -3.15 -3.15
2054.00 -3.11 -3.11 -3.11 -3.11 -3.11 -3.11 -3.11 -3.11 -3.11 -3.11 -3.11 -3.11 -3.11 -3.11 -3.11 -3.11 -3.11 -3.11 -3.11 -3.11 -3.11 -3.11 -3.11
2055.00 -3.09 -3.09 -3.09 -3.09 -3.09 -3.09 -3.09 -3.09 -3.09 -3.09 -3.09 -3.09 -3.09 -3.09 -3.09 -3.09 -3.09 -3.09 -3.09 -3.09 -3.09 -3.09 -3.09
2056.00 -2.92 -2.92 -2.92 -2.92 -2.92 -2.92 -2.92 -2.92 -2.92 -2.92 -2.92 -2.92 -2.92 -2.92 -2.92 -2.92 -2.92 -2.92 -2.92 -2.92 -2.92 -2.92 -2.92
2057.00 -2.81 -2.81 -2.81 -2.81 -2.81 -2.81 -2.81 -2.81 -2.81 -2.81 -2.81 -2.81 -2.81 -2.81 -2.81 -2.81 -2.81 -2.81 -2.81 -2.81 -2.81 -2.81 -2.81
2058.00 -2.94 -2.94 -2.94 -2.94 -2.94 -2.94 -2.94 -2.94 -2.94 -2.94 -2.94 -2.94 -2.94 -2.94 -2.94 -2.94 -2.94 -2.94 -2.94 -2.94 -2.94 -2.94 -2.94
2059.00 -2.71 -2.71 -2.71 -2.71 -2.71 -2.71 -2.71 -2.71 -2.71 -2.71 -2.71 -2.71 -2.71 -2.71 -2.71 -2.71 -2.71 -2.71 -2.71 -2.71 -2.71 -2.71 -2.71
2060.00 -2.43 -2.43 -2.43 -2.43 -2.43 -2.43 -2.43 -2.43 -2.43 -2.43 -2.43 -2.43 -2.43 -2.43 -2.43 -2.43 -2.43 -2.43 -2.43 -2.43 -2.43 -2.43 -2.43
2061.00 -2.61 -2.61 -2.61 -2.61 -2.61 -2.61 -2.61 -2.61 -2.61 -2.61 -2.61 -2.61 -2.61 -2.61 -2.61 -2.61 -2.61 -2.61 -2.61 -2.61 -2.61 -2.61 -2.61
2062.00 -2.57 -2.57 -2.57 -2.57 -2.57 -2.57 -2.57 -2.57 -2.57 -2.57 -2.57 -2.57 -2.57 -2.57 -2.57 -2.57 -2.57 -2.57 -2.57 -2.57 -2.57 -2.57 -2.57
2063.00 -2.40 -2.40 -2.40 -2.40 -2.40 -2.40 -2.40 -2.40 -2.40 -2.40 -2.40 -2.40 -2.40 -2.40 -2.40 -2.40 -2.40 -2.40 -2.40 -2.40 -2.40 -2.40 -2.40
2064.00 -2.50 -2.50 -2.50 -2.50 -2.50 -2.50 -2.50 -2.50 -2.50 -2.50 -2.50 -2.50 -2.50 -2.50 -2.50 -2.50 -2.50 -2.50 -2.50 -2.50 -2.50 -2.50 -2.50
2065.00 -2.70 -2.70 -2.70 -2.70 -2.70 -2.70 -2.70 -2.70 -2.70 -2.70 -2.70 -2.70 -2.70 -2.70 -2.70 -2.70 -2.70 -2.70 -2.70 -2.70 -2.70 -2.70 -2.70
