# yearspad, alpred
# [0.6  0.62 0.64 0.66 0.68 0.7  0.72 0.74 0.76 0.78 0.8  0.82 0.84 0.86
#  0.88 0.9  0.92 0.94 0.96 0.98 1.   1.02 1.04]
1922.00 8.97 8.97 8.97 8.97 8.97 8.97 8.97 8.97 8.97 8.97 8.97 8.97 8.97 8.97 8.97 8.97 8.97 8.97 8.97 8.97 8.97 8.97 8.97
1923.00 9.23 9.23 9.23 9.23 9.23 9.23 9.23 9.23 9.23 9.23 9.23 9.23 9.23 9.23 9.23 9.23 9.23 9.23 9.23 9.23 9.23 9.23 9.23
1924.00 10.44 10.44 10.44 10.44 10.44 10.44 10.44 10.44 10.44 10.44 10.44 10.44 10.44 10.44 10.44 10.44 10.44 10.44 10.44 10.44 10.44 10.44 10.44
1925.00 10.23 10.23 10.23 10.23 10.23 10.23 10.23 10.23 10.23 10.23 10.23 10.23 10.23 10.23 10.23 10.23 10.23 10.23 10.23 10.23 10.23 10.23 10.23
1926.00 10.40 10.40 10.40 10.40 10.40 10.40 10.40 10.40 10.40 10.40 10.40 10.40 10.40 10.40 10.40 10.40 10.40 10.40 10.40 10.40 10.40 10.40 10.40
1927.00 10.50 10.50 10.50 10.50 10.50 10.50 10.50 10.50 10.50 10.50 10.50 10.50 10.50 10.50 10.50 10.50 10.50 10.50 10.50 10.50 10.50 10.50 10.50
1928.00 10.41 10.41 10.41 10.41 10.41 10.41 10.41 10.41 10.41 10.41 10.41 10.41 10.41 10.41 10.41 10.41 10.41 10.41 10.41 10.41 10.41 10.41 10.41
1929.00 10.42 10.42 10.42 10.42 10.42 10.42 10.42 10.42 10.42 10.42 10.42 10.42 10.42 10.42 10.42 10.42 10.42 10.42 10.42 10.42 10.42 10.42 10.42
1930.00 10.55 10.55 10.55 10.55 10.55 10.55 10.55 10.55 10.55 10.55 10.55 10.55 10.55 10.55 10.55 10.55 10.55 10.55 10.55 10.55 10.55 10.55 10.55
1931.00 10.20 10.20 10.20 10.20 10.20 10.20 10.20 10.20 10.20 10.20 10.20 10.20 10.20 10.20 10.20 10.20 10.20 10.20 10.20 10.20 10.20 10.20 10.20
1932.00 9.89 9.89 9.89 9.89 9.89 9.89 9.89 9.89 9.89 9.89 9.89 9.89 9.89 9.89 9.89 9.89 9.89 9.89 9.89 9.89 9.89 9.89 9.89
1933.00 8.69 8.69 8.69 8.69 8.69 8.69 8.69 8.69 8.69 8.69 8.69 8.69 8.69 8.69 8.69 8.69 8.69 8.69 8.69 8.69 8.69 8.69 8.69
1934.00 9.00 9.00 9.00 9.00 9.00 9.00 9.00 9.00 9.00 9.00 9.00 9.00 9.00 9.00 9.00 9.00 9.00 9.00 9.00 9.00 9.00 9.00 9.00
1935.00 8.29 8.29 8.29 8.29 8.29 8.29 8.29 8.29 8.29 8.29 8.29 8.29 8.29 8.29 8.29 8.29 8.29 8.29 8.29 8.29 8.29 8.29 8.29
1936.00 7.64 7.64 7.64 7.64 7.64 7.64 7.64 7.64 7.64 7.64 7.64 7.64 7.64 7.64 7.64 7.64 7.64 7.64 7.64 7.64 7.64 7.64 7.64
1937.00 7.02 7.02 7.02 7.02 7.02 7.02 7.02 7.02 7.02 7.02 7.02 7.02 7.02 7.02 7.02 7.02 7.02 7.02 7.02 7.02 7.02 7.02 7.02
1938.00 6.30 6.30 6.30 6.30 6.30 6.30 6.30 6.30 6.30 6.30 6.30 6.30 6.30 6.30 6.30 6.30 6.30 6.30 6.30 6.30 6.30 6.30 6.30
1939.00 4.69 4.69 4.69 4.69 4.69 4.69 4.69 4.69 4.69 4.69 4.69 4.69 4.69 4.69 4.69 4.69 4.69 4.69 4.69 4.69 4.69 4.69 4.69
1940.00 4.19 4.19 4.19 4.19 4.19 4.19 4.19 4.19 4.19 4.19 4.19 4.19 4.19 4.19 4.19 4.19 4.19 4.19 4.19 4.19 4.19 4.19 4.19
1941.00 3.79 3.79 3.79 3.79 3.79 3.79 3.79 3.79 3.79 3.79 3.79 3.79 3.79 3.79 3.79 3.79 3.79 3.79 3.79 3.79 3.79 3.79 3.79
1942.00 3.67 3.67 3.67 3.67 3.67 3.67 3.67 3.67 3.67 3.67 3.67 3.67 3.67 3.67 3.67 3.67 3.67 3.67 3.67 3.67 3.67 3.67 3.67
1943.00 2.06 2.06 2.06 2.06 2.06 2.06 2.06 2.06 2.06 2.06 2.06 2.06 2.06 2.06 2.06 2.06 2.06 2.06 2.06 2.06 2.06 2.06 2.06
1944.00 1.12 1.12 1.12 1.12 1.12 1.12 1.12 1.12 1.12 1.12 1.12 1.12 1.12 1.12 1.12 1.12 1.12 1.12 1.12 1.12 1.12 1.12 1.12
1945.00 0.28 0.28 0.28 0.28 0.28 0.28 0.28 0.28 0.28 0.28 0.28 0.28 0.28 0.28 0.28 0.28 0.28 0.28 0.28 0.28 0.28 0.28 0.28
1946.00 -0.51 -0.51 -0.51 -0.51 -0.51 -0.51 -0.51 -0.51 -0.51 -0.51 -0.51 -0.51 -0.51 -0.51 -0.51 -0.51 -0.51 -0.51 -0.51 -0.51 -0.51 -0.51 -0.51
1947.00 -1.14 -1.14 -1.14 -1.14 -1.14 -1.14 -1.14 -1.14 -1.14 -1.14 -1.14 -1.14 -1.14 -1.14 -1.14 -1.14 -1.14 -1.14 -1.14 -1.14 -1.14 -1.14 -1.14
1948.00 -0.62 -0.62 -0.62 -0.62 -0.62 -0.62 -0.62 -0.62 -0.62 -0.62 -0.62 -0.62 -0.62 -0.62 -0.62 -0.62 -0.62 -0.62 -0.62 -0.62 -0.62 -0.62 -0.62
1949.00 -1.85 -1.85 -1.85 -1.85 -1.85 -1.85 -1.85 -1.85 -1.85 -1.85 -1.85 -1.85 -1.85 -1.85 -1.85 -1.85 -1.85 -1.85 -1.85 -1.85 -1.85 -1.85 -1.85
1950.00 -3.13 -3.13 -3.13 -3.13 -3.13 -3.13 -3.13 -3.13 -3.13 -3.13 -3.13 -3.13 -3.13 -3.13 -3.13 -3.13 -3.13 -3.13 -3.13 -3.13 -3.13 -3.13 -3.13
1951.00 -4.08 -4.08 -4.08 -4.08 -4.08 -4.08 -4.08 -4.08 -4.08 -4.08 -4.08 -4.08 -4.08 -4.08 -4.08 -4.08 -4.08 -4.08 -4.08 -4.08 -4.08 -4.08 -4.08
1952.00 -4.14 -4.14 -4.14 -4.14 -4.14 -4.14 -4.14 -4.14 -4.14 -4.14 -4.14 -4.14 -4.14 -4.14 -4.14 -4.14 -4.14 -4.14 -4.14 -4.14 -4.14 -4.14 -4.14
1953.00 -5.37 -5.37 -5.37 -5.37 -5.37 -5.37 -5.37 -5.37 -5.37 -5.37 -5.37 -5.37 -5.37 -5.37 -5.37 -5.37 -5.37 -5.37 -5.37 -5.37 -5.37 -5.37 -5.37
1954.00 -6.76 -6.76 -6.76 -6.76 -6.76 -6.76 -6.76 -6.76 -6.76 -6.76 -6.76 -6.76 -6.76 -6.76 -6.76 -6.76 -6.76 -6.76 -6.76 -6.76 -6.76 -6.76 -6.76
1955.00 -7.86 -7.86 -7.86 -7.86 -7.86 -7.86 -7.86 -7.86 -7.86 -7.86 -7.86 -7.86 -7.86 -7.86 -7.86 -7.86 -7.86 -7.86 -7.86 -7.86 -7.86 -7.86 -7.86
1956.00 -9.23 -9.23 -9.23 -9.23 -9.23 -9.23 -9.23 -9.23 -9.23 -9.23 -9.23 -9.23 -9.23 -9.23 -9.23 -9.23 -9.23 -9.23 -9.23 -9.23 -9.23 -9.23 -9.23
1957.00 -9.92 -9.92 -9.92 -9.92 -9.92 -9.92 -9.92 -9.92 -9.92 -9.92 -9.92 -9.92 -9.92 -9.92 -9.92 -9.92 -9.92 -9.92 -9.92 -9.92 -9.92 -9.92 -9.92
1958.00 -10.86 -10.86 -10.86 -10.86 -10.86 -10.86 -10.86 -10.86 -10.86 -10.86 -10.86 -10.86 -10.86 -10.86 -10.86 -10.86 -10.86 -10.86 -10.86 -10.86 -10.86 -10.86 -10.86
1959.00 -11.87 -11.87 -11.87 -11.87 -11.87 -11.87 -11.87 -11.87 -11.87 -11.87 -11.87 -11.87 -11.87 -11.87 -11.87 -11.87 -11.87 -11.87 -11.87 -11.87 -11.87 -11.87 -11.87
1960.00 -13.27 -13.27 -13.27 -13.27 -13.27 -13.27 -13.27 -13.27 -13.27 -13.27 -13.27 -13.27 -13.27 -13.27 -13.27 -13.27 -13.27 -13.27 -13.27 -13.27 -13.27 -13.27 -13.27
1961.00 -14.46 -14.46 -14.46 -14.46 -14.46 -14.46 -14.46 -14.46 -14.46 -14.46 -14.46 -14.46 -14.46 -14.46 -14.46 -14.46 -14.46 -14.46 -14.46 -14.46 -14.46 -14.46 -14.46
1962.00 -15.30 -15.30 -15.30 -15.30 -15.30 -15.30 -15.30 -15.30 -15.30 -15.30 -15.30 -15.30 -15.30 -15.30 -15.30 -15.30 -15.30 -15.30 -15.30 -15.30 -15.30 -15.30 -15.30
1963.00 -15.64 -15.64 -15.64 -15.64 -15.64 -15.64 -15.64 -15.64 -15.64 -15.64 -15.64 -15.64 -15.64 -15.64 -15.64 -15.64 -15.64 -15.64 -15.64 -15.64 -15.64 -15.64 -15.64
1964.00 -16.23 -16.23 -16.23 -16.23 -16.23 -16.23 -16.23 -16.23 -16.23 -16.23 -16.23 -16.23 -16.23 -16.23 -16.23 -16.23 -16.23 -16.23 -16.23 -16.23 -16.23 -16.23 -16.23
1965.00 -17.20 -17.20 -17.20 -17.20 -17.20 -17.20 -17.20 -17.20 -17.20 -17.20 -17.20 -17.20 -17.20 -17.20 -17.20 -17.20 -17.20 -17.20 -17.20 -17.20 -17.20 -17.20 -17.20
1966.00 -19.03 -19.03 -19.03 -19.03 -19.03 -19.03 -19.03 -19.03 -19.03 -19.03 -19.03 -19.03 -19.03 -19.03 -19.03 -19.03 -19.03 -19.03 -19.03 -19.03 -19.03 -19.03 -19.03
1967.00 -20.05 -20.05 -20.05 -20.05 -20.05 -20.05 -20.05 -20.05 -20.05 -20.05 -20.05 -20.05 -20.05 -20.05 -20.05 -20.05 -20.05 -20.05 -20.05 -20.05 -20.05 -20.05 -20.05
1968.00 -21.23 -21.23 -21.23 -21.23 -21.23 -21.23 -21.23 -21.23 -21.23 -21.23 -21.23 -21.23 -21.23 -21.23 -21.23 -21.23 -21.23 -21.23 -21.23 -21.23 -21.23 -21.23 -21.23
1969.00 -22.97 -22.97 -22.97 -22.97 -22.97 -22.97 -22.97 -22.97 -22.97 -22.97 -22.97 -22.97 -22.97 -22.97 -22.97 -22.97 -22.97 -22.97 -22.97 -22.97 -22.97 -22.97 -22.97
1970.00 96.67 96.67 96.67 96.67 96.67 96.67 96.67 96.67 96.67 96.67 96.67 96.67 96.67 96.67 96.67 96.67 96.67 96.67 96.67 96.67 96.67 96.67 96.67
1971.00 96.86 96.86 96.86 96.86 96.86 96.86 96.86 96.86 96.86 96.86 96.86 96.86 96.86 96.86 96.86 96.86 96.86 96.86 96.86 96.86 96.86 96.86 96.86
1972.00 88.70 88.70 88.70 88.70 88.70 88.70 88.70 88.70 88.70 88.70 88.70 88.70 88.70 88.70 88.70 88.70 88.70 88.70 88.70 88.70 88.70 88.70 88.70
1973.00 91.07 91.07 91.07 91.07 91.07 91.07 91.07 91.07 91.07 91.07 91.07 91.07 91.07 91.07 91.07 91.07 91.07 91.07 91.07 91.07 91.07 91.07 91.07
1974.00 98.49 98.49 98.49 98.49 98.49 98.49 98.49 98.49 98.49 98.49 98.49 98.49 98.49 98.49 98.49 98.49 98.49 98.49 98.49 98.49 98.49 98.49 98.49
1975.00 99.47 99.47 99.47 99.47 99.47 99.47 99.47 99.47 99.47 99.47 99.47 99.47 99.47 99.47 99.47 99.47 99.47 99.47 99.47 99.47 99.47 99.47 99.47
1976.00 100.33 100.33 100.33 100.33 100.33 100.33 100.33 100.33 100.33 100.33 100.33 100.33 100.33 100.33 100.33 100.33 100.33 100.33 100.33 100.33 100.33 100.33 100.33
1977.00 99.35 99.35 99.35 99.35 99.35 99.35 99.35 99.35 99.35 99.35 99.35 99.35 99.35 99.35 99.35 99.35 99.35 99.35 99.35 99.35 99.35 99.35 99.35
1978.00 101.27 101.27 101.27 101.27 101.27 101.27 101.27 101.27 101.27 101.27 101.27 101.27 101.27 101.27 101.27 101.27 101.27 101.27 101.27 101.27 101.27 101.27 101.27
1979.00 101.39 101.39 101.39 101.39 101.39 101.39 101.39 101.39 101.39 101.39 101.39 101.39 101.39 101.39 101.39 101.39 101.39 101.39 101.39 101.39 101.39 101.39 101.39
1980.00 101.54 101.54 101.54 101.54 101.54 101.54 101.54 101.54 101.54 101.54 101.54 101.54 101.54 101.54 101.54 101.54 101.54 101.54 101.54 101.54 101.54 101.54 101.54
1981.00 112.51 112.51 112.51 112.51 112.51 112.51 112.51 112.51 112.51 112.51 112.51 112.51 112.51 112.51 112.51 112.51 112.51 112.51 112.51 112.51 112.51 112.51 112.51
1982.00 106.64 106.64 106.64 106.64 106.64 106.64 106.64 106.64 106.64 106.64 106.64 106.64 106.64 106.64 106.64 106.64 106.64 106.64 106.64 106.64 106.64 106.64 106.64
1983.00 102.40 102.40 102.40 102.40 102.40 102.40 102.40 102.40 102.40 102.40 102.40 102.40 102.40 102.40 102.40 102.40 102.40 102.40 102.40 102.40 102.40 102.40 102.40
1984.00 96.23 96.23 96.23 96.23 96.23 96.23 96.23 96.23 96.23 96.23 96.23 96.23 96.23 96.23 96.23 96.23 96.23 96.23 96.23 96.23 96.23 96.23 96.23
1985.00 96.49 96.49 96.49 96.49 96.49 96.49 96.49 96.49 96.49 96.49 96.49 96.49 96.49 96.49 96.49 96.49 96.49 96.49 96.49 96.49 96.49 96.49 96.49
1986.00 94.18 94.18 94.18 94.18 94.18 94.18 94.18 94.18 94.18 94.18 94.18 94.18 94.18 94.18 94.18 94.18 94.18 94.18 94.18 94.18 94.18 94.18 94.18
1987.00 91.32 91.32 91.32 91.32 91.32 91.32 91.32 91.32 91.32 91.32 91.32 91.32 91.32 91.32 91.32 91.32 91.32 91.32 91.32 91.32 91.32 91.32 91.32
1988.00 42.92 45.14 47.36 49.58 51.80 54.01 56.23 58.45 60.67 62.89 65.11 67.33 69.55 71.77 73.99 76.21 78.43 80.65 82.86 85.08 87.30 89.52 91.74
1989.00 41.02 43.16 45.30 47.44 49.58 51.72 53.87 56.01 58.15 60.29 62.43 64.57 66.71 68.85 70.99 73.14 75.28 77.42 79.56 81.70 83.84 85.98 88.12
1990.00 39.37 41.43 43.48 45.54 47.59 49.65 51.70 53.76 55.81 57.87 59.92 61.98 64.03 66.08 68.14 70.19 72.25 74.30 76.36 78.41 80.47 82.52 84.58
1991.00 39.71 41.72 43.73 45.74 47.75 49.77 51.78 53.79 55.80 57.81 59.82 61.83 63.84 65.85 67.86 69.87 71.88 73.90 75.91 77.92 79.93 81.94 83.95
1992.00 40.50 42.48 44.47 46.46 48.44 50.43 52.41 54.40 56.39 58.37 60.36 62.34 64.33 66.31 68.30 70.29 72.27 74.26 76.24 78.23 80.22 82.20 84.19
1993.00 40.70 42.66 44.62 46.57 48.53 50.48 52.44 54.40 56.35 58.31 60.27 62.22 64.18 66.14 68.09 70.05 72.01 73.96 75.92 77.88 79.83 81.79 83.75
1994.00 40.71 42.64 44.57 46.50 48.43 50.36 52.29 54.22 56.15 58.08 60.01 61.94 63.87 65.80 67.73 69.66 71.59 73.52 75.45 77.38 79.31 81.24 83.17
1995.00 41.94 43.87 45.80 47.73 49.66 51.59 53.52 55.45 57.38 59.32 61.25 63.18 65.11 67.04 68.97 70.90 72.83 74.76 76.69 78.62 80.55 82.48 84.41
1996.00 42.37 44.26 46.15 48.05 49.94 51.83 53.72 55.62 57.51 59.40 61.30 63.19 65.08 66.97 68.87 70.76 72.65 74.54 76.44 78.33 80.22 82.12 84.01
1997.00 43.57 45.46 47.34 49.22 51.11 52.99 54.88 56.76 58.64 60.53 62.41 64.30 66.18 68.07 69.95 71.83 73.72 75.60 77.49 79.37 81.26 83.14 85.02
1998.00 43.17 45.03 46.88 48.74 50.60 52.45 54.31 56.16 58.02 59.87 61.73 63.59 65.44 67.30 69.15 71.01 72.86 74.72 76.57 78.43 80.29 82.14 84.00
1999.00 41.99 43.78 45.58 47.37 49.16 50.95 52.74 54.54 56.33 58.12 59.91 61.70 63.50 65.29 67.08 68.87 70.66 72.46 74.25 76.04 77.83 79.62 81.42
2000.00 40.15 41.84 43.52 45.21 46.90 48.59 50.28 51.97 53.65 55.34 57.03 58.72 60.41 62.10 63.78 65.47 67.16 68.85 70.54 72.23 73.92 75.60 77.29
2001.00 39.23 40.87 42.50 44.13 45.76 47.39 49.02 50.65 52.28 53.91 55.54 57.18 58.81 60.44 62.07 63.70 65.33 66.96 68.59 70.22 71.85 73.49 75.12
2002.00 39.29 40.89 42.49 44.09 45.69 47.28 48.88 50.48 52.08 53.67 55.27 56.87 58.47 60.06 61.66 63.26 64.86 66.46 68.05 69.65 71.25 72.85 74.44
2003.00 39.59 41.16 42.73 44.30 45.87 47.44 49.02 50.59 52.16 53.73 55.30 56.87 58.45 60.02 61.59 63.16 64.73 66.30 67.87 69.45 71.02 72.59 74.16
2004.00 36.99 38.46 39.93 41.40 42.86 44.33 45.80 47.27 48.74 50.21 51.68 53.15 54.62 56.09 57.56 59.03 60.50 61.97 63.44 64.90 66.37 67.84 69.31
2005.00 36.09 37.54 38.98 40.42 41.87 43.31 44.75 46.20 47.64 49.08 50.52 51.97 53.41 54.85 56.30 57.74 59.18 60.63 62.07 63.51 64.96 66.40 67.84
2006.00 36.23 37.63 39.04 40.45 41.85 43.26 44.66 46.07 47.48 48.88 50.29 51.70 53.10 54.51 55.92 57.32 58.73 60.13 61.54 62.95 64.35 65.76 67.17
2007.00 36.89 38.25 39.62 40.98 42.35 43.71 45.08 46.44 47.81 49.17 50.54 51.90 53.27 54.63 56.00 57.36 58.73 60.09 61.46 62.82 64.19 65.55 66.91
2008.00 35.01 36.29 37.56 38.83 40.10 41.37 42.65 43.92 45.19 46.46 47.73 49.01 50.28 51.55 52.82 54.10 55.37 56.64 57.91 59.18 60.46 61.73 63.00
2009.00 33.86 35.06 36.27 37.48 38.69 39.90 41.11 42.32 43.53 44.74 45.95 47.16 48.37 49.58 50.79 52.00 53.21 54.42 55.63 56.83 58.04 59.25 60.46
2010.00 31.82 32.92 34.02 35.11 36.21 37.31 38.40 39.50 40.60 41.69 42.79 43.89 44.98 46.08 47.18 48.28 49.37 50.47 51.57 52.66 53.76 54.86 55.95
2011.00 31.37 32.43 33.50 34.56 35.62 36.69 37.75 38.81 39.88 40.94 42.00 43.06 44.13 45.19 46.25 47.32 48.38 49.44 50.51 51.57 52.63 53.70 54.76
2012.00 31.56 32.59 33.62 34.65 35.68 36.70 37.73 38.76 39.79 40.82 41.85 42.88 43.90 44.93 45.96 46.99 48.02 49.05 50.08 51.10 52.13 53.16 54.19
2013.00 31.26 32.25 33.24 34.23 35.22 36.21 37.20 38.19 39.18 40.17 41.17 42.16 43.15 44.14 45.13 46.12 47.11 48.10 49.09 50.08 51.07 52.06 53.05
2014.00 31.83 32.77 33.72 34.67 35.61 36.56 37.50 38.45 39.39 40.34 41.28 42.23 43.17 44.12 45.06 46.01 46.96 47.90 48.85 49.79 50.74 51.68 52.63
2015.00 31.98 32.91 33.85 34.79 35.73 36.67 37.60 38.54 39.48 40.42 41.35 42.29 43.23 44.17 45.11 46.04 46.98 47.92 48.86 49.80 50.73 51.67 52.61
2016.00 31.78 32.69 33.60 34.52 35.43 36.34 37.26 38.17 39.08 40.00 40.91 41.82 42.74 43.65 44.56 45.48 46.39 47.30 48.22 49.13 50.04 50.96 51.87
2017.00 31.53 32.41 33.30 34.18 35.06 35.94 36.83 37.71 38.59 39.47 40.36 41.24 42.12 43.00 43.89 44.77 45.65 46.53 47.42 48.30 49.18 50.06 50.95
2018.00 6.34 6.34 6.34 6.34 6.34 6.34 6.34 6.34 6.34 6.34 6.34 6.34 6.34 6.34 6.34 6.34 6.34 6.34 6.34 6.34 6.34 6.34 6.34
2019.00 6.52 6.52 6.52 6.52 6.52 6.52 6.52 6.52 6.52 6.52 6.52 6.52 6.52 6.52 6.52 6.52 6.52 6.52 6.52 6.52 6.52 6.52 6.52
2020.00 7.85 7.85 7.85 7.85 7.85 7.85 7.85 7.85 7.85 7.85 7.85 7.85 7.85 7.85 7.85 7.85 7.85 7.85 7.85 7.85 7.85 7.85 7.85
2021.00 7.92 7.92 7.92 7.92 7.92 7.92 7.92 7.92 7.92 7.92 7.92 7.92 7.92 7.92 7.92 7.92 7.92 7.92 7.92 7.92 7.92 7.92 7.92
2022.00 8.04 8.04 8.04 8.04 8.04 8.04 8.04 8.04 8.04 8.04 8.04 8.04 8.04 8.04 8.04 8.04 8.04 8.04 8.04 8.04 8.04 8.04 8.04
2023.00 8.02 8.02 8.02 8.02 8.02 8.02 8.02 8.02 8.02 8.02 8.02 8.02 8.02 8.02 8.02 8.02 8.02 8.02 8.02 8.02 8.02 8.02 8.02
2024.00 8.39 8.39 8.39 8.39 8.39 8.39 8.39 8.39 8.39 8.39 8.39 8.39 8.39 8.39 8.39 8.39 8.39 8.39 8.39 8.39 8.39 8.39 8.39
2025.00 8.70 8.70 8.70 8.70 8.70 8.70 8.70 8.70 8.70 8.70 8.70 8.70 8.70 8.70 8.70 8.70 8.70 8.70 8.70 8.70 8.70 8.70 8.70
2026.00 8.40 8.40 8.40 8.40 8.40 8.40 8.40 8.40 8.40 8.40 8.40 8.40 8.40 8.40 8.40 8.40 8.40 8.40 8.40 8.40 8.40 8.40 8.40
2027.00 8.01 8.01 8.01 8.01 8.01 8.01 8.01 8.01 8.01 8.01 8.01 8.01 8.01 8.01 8.01 8.01 8.01 8.01 8.01 8.01 8.01 8.01 8.01
2028.00 8.42 8.42 8.42 8.42 8.42 8.42 8.42 8.42 8.42 8.42 8.42 8.42 8.42 8.42 8.42 8.42 8.42 8.42 8.42 8.42 8.42 8.42 8.42
2029.00 7.73 7.73 7.73 7.73 7.73 7.73 7.73 7.73 7.73 7.73 7.73 7.73 7.73 7.73 7.73 7.73 7.73 7.73 7.73 7.73 7.73 7.73 7.73
2030.00 8.05 8.05 8.05 8.05 8.05 8.05 8.05 8.05 8.05 8.05 8.05 8.05 8.05 8.05 8.05 8.05 8.05 8.05 8.05 8.05 8.05 8.05 8.05
2031.00 8.19 8.19 8.19 8.19 8.19 8.19 8.19 8.19 8.19 8.19 8.19 8.19 8.19 8.19 8.19 8.19 8.19 8.19 8.19 8.19 8.19 8.19 8.19
2032.00 8.35 8.35 8.35 8.35 8.35 8.35 8.35 8.35 8.35 8.35 8.35 8.35 8.35 8.35 8.35 8.35 8.35 8.35 8.35 8.35 8.35 8.35 8.35
2033.00 8.18 8.18 8.18 8.18 8.18 8.18 8.18 8.18 8.18 8.18 8.18 8.18 8.18 8.18 8.18 8.18 8.18 8.18 8.18 8.18 8.18 8.18 8.18
2034.00 8.47 8.47 8.47 8.47 8.47 8.47 8.47 8.47 8.47 8.47 8.47 8.47 8.47 8.47 8.47 8.47 8.47 8.47 8.47 8.47 8.47 8.47 8.47
2035.00 8.62 8.62 8.62 8.62 8.62 8.62 8.62 8.62 8.62 8.62 8.62 8.62 8.62 8.62 8.62 8.62 8.62 8.62 8.62 8.62 8.62 8.62 8.62
2036.00 8.78 8.78 8.78 8.78 8.78 8.78 8.78 8.78 8.78 8.78 8.78 8.78 8.78 8.78 8.78 8.78 8.78 8.78 8.78 8.78 8.78 8.78 8.78
2037.00 8.36 8.36 8.36 8.36 8.36 8.36 8.36 8.36 8.36 8.36 8.36 8.36 8.36 8.36 8.36 8.36 8.36 8.36 8.36 8.36 8.36 8.36 8.36
2038.00 8.61 8.61 8.61 8.61 8.61 8.61 8.61 8.61 8.61 8.61 8.61 8.61 8.61 8.61 8.61 8.61 8.61 8.61 8.61 8.61 8.61 8.61 8.61
2039.00 8.51 8.51 8.51 8.51 8.51 8.51 8.51 8.51 8.51 8.51 8.51 8.51 8.51 8.51 8.51 8.51 8.51 8.51 8.51 8.51 8.51 8.51 8.51
2040.00 8.63 8.63 8.63 8.63 8.63 8.63 8.63 8.63 8.63 8.63 8.63 8.63 8.63 8.63 8.63 8.63 8.63 8.63 8.63 8.63 8.63 8.63 8.63
2041.00 8.55 8.55 8.55 8.55 8.55 8.55 8.55 8.55 8.55 8.55 8.55 8.55 8.55 8.55 8.55 8.55 8.55 8.55 8.55 8.55 8.55 8.55 8.55
2042.00 8.92 8.92 8.92 8.92 8.92 8.92 8.92 8.92 8.92 8.92 8.92 8.92 8.92 8.92 8.92 8.92 8.92 8.92 8.92 8.92 8.92 8.92 8.92
2043.00 8.87 8.87 8.87 8.87 8.87 8.87 8.87 8.87 8.87 8.87 8.87 8.87 8.87 8.87 8.87 8.87 8.87 8.87 8.87 8.87 8.87 8.87 8.87
2044.00 9.02 9.02 9.02 9.02 9.02 9.02 9.02 9.02 9.02 9.02 9.02 9.02 9.02 9.02 9.02 9.02 9.02 9.02 9.02 9.02 9.02 9.02 9.02
2045.00 8.98 8.98 8.98 8.98 8.98 8.98 8.98 8.98 8.98 8.98 8.98 8.98 8.98 8.98 8.98 8.98 8.98 8.98 8.98 8.98 8.98 8.98 8.98
2046.00 9.44 9.44 9.44 9.44 9.44 9.44 9.44 9.44 9.44 9.44 9.44 9.44 9.44 9.44 9.44 9.44 9.44 9.44 9.44 9.44 9.44 9.44 9.44
2047.00 9.21 9.21 9.21 9.21 9.21 9.21 9.21 9.21 9.21 9.21 9.21 9.21 9.21 9.21 9.21 9.21 9.21 9.21 9.21 9.21 9.21 9.21 9.21
2048.00 9.23 9.23 9.23 9.23 9.23 9.23 9.23 9.23 9.23 9.23 9.23 9.23 9.23 9.23 9.23 9.23 9.23 9.23 9.23 9.23 9.23 9.23 9.23
2049.00 9.04 9.04 9.04 9.04 9.04 9.04 9.04 9.04 9.04 9.04 9.04 9.04 9.04 9.04 9.04 9.04 9.04 9.04 9.04 9.04 9.04 9.04 9.04
2050.00 9.14 9.14 9.14 9.14 9.14 9.14 9.14 9.14 9.14 9.14 9.14 9.14 9.14 9.14 9.14 9.14 9.14 9.14 9.14 9.14 9.14 9.14 9.14
2051.00 8.72 8.72 8.72 8.72 8.72 8.72 8.72 8.72 8.72 8.72 8.72 8.72 8.72 8.72 8.72 8.72 8.72 8.72 8.72 8.72 8.72 8.72 8.72
2052.00 8.79 8.79 8.79 8.79 8.79 8.79 8.79 8.79 8.79 8.79 8.79 8.79 8.79 8.79 8.79 8.79 8.79 8.79 8.79 8.79 8.79 8.79 8.79
2053.00 8.72 8.72 8.72 8.72 8.72 8.72 8.72 8.72 8.72 8.72 8.72 8.72 8.72 8.72 8.72 8.72 8.72 8.72 8.72 8.72 8.72 8.72 8.72
2054.00 8.82 8.82 8.82 8.82 8.82 8.82 8.82 8.82 8.82 8.82 8.82 8.82 8.82 8.82 8.82 8.82 8.82 8.82 8.82 8.82 8.82 8.82 8.82
2055.00 8.48 8.48 8.48 8.48 8.48 8.48 8.48 8.48 8.48 8.48 8.48 8.48 8.48 8.48 8.48 8.48 8.48 8.48 8.48 8.48 8.48 8.48 8.48
2056.00 8.60 8.60 8.60 8.60 8.60 8.60 8.60 8.60 8.60 8.60 8.60 8.60 8.60 8.60 8.60 8.60 8.60 8.60 8.60 8.60 8.60 8.60 8.60
2057.00 8.66 8.66 8.66 8.66 8.66 8.66 8.66 8.66 8.66 8.66 8.66 8.66 8.66 8.66 8.66 8.66 8.66 8.66 8.66 8.66 8.66 8.66 8.66
2058.00 8.88 8.88 8.88 8.88 8.88 8.88 8.88 8.88 8.88 8.88 8.88 8.88 8.88 8.88 8.88 8.88 8.88 8.88 8.88 8.88 8.88 8.88 8.88
2059.00 8.58 8.58 8.58 8.58 8.58 8.58 8.58 8.58 8.58 8.58 8.58 8.58 8.58 8.58 8.58 8.58 8.58 8.58 8.58 8.58 8.58 8.58 8.58
2060.00 8.86 8.86 8.86 8.86 8.86 8.86 8.86 8.86 8.86 8.86 8.86 8.86 8.86 8.86 8.86 8.86 8.86 8.86 8.86 8.86 8.86 8.86 8.86
2061.00 8.61 8.61 8.61 8.61 8.61 8.61 8.61 8.61 8.61 8.61 8.61 8.61 8.61 8.61 8.61 8.61 8.61 8.61 8.61 8.61 8.61 8.61 8.61
2062.00 8.63 8.63 8.63 8.63 8.63 8.63 8.63 8.63 8.63 8.63 8.63 8.63 8.63 8.63 8.63 8.63 8.63 8.63 8.63 8.63 8.63 8.63 8.63
2063.00 8.49 8.49 8.49 8.49 8.49 8.49 8.49 8.49 8.49 8.49 8.49 8.49 8.49 8.49 8.49 8.49 8.49 8.49 8.49 8.49 8.49 8.49 8.49
2064.00 8.87 8.87 8.87 8.87 8.87 8.87 8.87 8.87 8.87 8.87 8.87 8.87 8.87 8.87 8.87 8.87 8.87 8.87 8.87 8.87 8.87 8.87 8.87
2065.00 8.88 8.88 8.88 8.88 8.88 8.88 8.88 8.88 8.88 8.88 8.88 8.88 8.88 8.88 8.88 8.88 8.88 8.88 8.88 8.88 8.88 8.88 8.88
