# yearspad, alpred
# [0.6  0.62 0.64 0.66 0.68 0.7  0.72 0.74 0.76 0.78 0.8  0.82 0.84 0.86
#  0.88 0.9  0.92 0.94 0.96 0.98 1.   1.02 1.04]
1922.00 4.40 4.40 4.40 4.40 4.40 4.40 4.40 4.40 4.40 4.40 4.40 4.40 4.40 4.40 4.40 4.40 4.40 4.40 4.40 4.40 4.40 4.40 4.40
1923.00 4.70 4.70 4.70 4.70 4.70 4.70 4.70 4.70 4.70 4.70 4.70 4.70 4.70 4.70 4.70 4.70 4.70 4.70 4.70 4.70 4.70 4.70 4.70
1924.00 4.94 4.94 4.94 4.94 4.94 4.94 4.94 4.94 4.94 4.94 4.94 4.94 4.94 4.94 4.94 4.94 4.94 4.94 4.94 4.94 4.94 4.94 4.94
1925.00 5.05 5.05 5.05 5.05 5.05 5.05 5.05 5.05 5.05 5.05 5.05 5.05 5.05 5.05 5.05 5.05 5.05 5.05 5.05 5.05 5.05 5.05 5.05
1926.00 5.13 5.13 5.13 5.13 5.13 5.13 5.13 5.13 5.13 5.13 5.13 5.13 5.13 5.13 5.13 5.13 5.13 5.13 5.13 5.13 5.13 5.13 5.13
1927.00 5.19 5.19 5.19 5.19 5.19 5.19 5.19 5.19 5.19 5.19 5.19 5.19 5.19 5.19 5.19 5.19 5.19 5.19 5.19 5.19 5.19 5.19 5.19
1928.00 5.17 5.17 5.17 5.17 5.17 5.17 5.17 5.17 5.17 5.17 5.17 5.17 5.17 5.17 5.17 5.17 5.17 5.17 5.17 5.17 5.17 5.17 5.17
1929.00 4.98 4.98 4.98 4.98 4.98 4.98 4.98 4.98 4.98 4.98 4.98 4.98 4.98 4.98 4.98 4.98 4.98 4.98 4.98 4.98 4.98 4.98 4.98
1930.00 5.00 5.00 5.00 5.00 5.00 5.00 5.00 5.00 5.00 5.00 5.00 5.00 5.00 5.00 5.00 5.00 5.00 5.00 5.00 5.00 5.00 5.00 5.00
1931.00 4.78 4.78 4.78 4.78 4.78 4.78 4.78 4.78 4.78 4.78 4.78 4.78 4.78 4.78 4.78 4.78 4.78 4.78 4.78 4.78 4.78 4.78 4.78
1932.00 4.51 4.51 4.51 4.51 4.51 4.51 4.51 4.51 4.51 4.51 4.51 4.51 4.51 4.51 4.51 4.51 4.51 4.51 4.51 4.51 4.51 4.51 4.51
1933.00 4.34 4.34 4.34 4.34 4.34 4.34 4.34 4.34 4.34 4.34 4.34 4.34 4.34 4.34 4.34 4.34 4.34 4.34 4.34 4.34 4.34 4.34 4.34
1934.00 4.35 4.35 4.35 4.35 4.35 4.35 4.35 4.35 4.35 4.35 4.35 4.35 4.35 4.35 4.35 4.35 4.35 4.35 4.35 4.35 4.35 4.35 4.35
1935.00 4.33 4.33 4.33 4.33 4.33 4.33 4.33 4.33 4.33 4.33 4.33 4.33 4.33 4.33 4.33 4.33 4.33 4.33 4.33 4.33 4.33 4.33 4.33
1936.00 3.68 3.68 3.68 3.68 3.68 3.68 3.68 3.68 3.68 3.68 3.68 3.68 3.68 3.68 3.68 3.68 3.68 3.68 3.68 3.68 3.68 3.68 3.68
1937.00 3.23 3.23 3.23 3.23 3.23 3.23 3.23 3.23 3.23 3.23 3.23 3.23 3.23 3.23 3.23 3.23 3.23 3.23 3.23 3.23 3.23 3.23 3.23
1938.00 2.39 2.39 2.39 2.39 2.39 2.39 2.39 2.39 2.39 2.39 2.39 2.39 2.39 2.39 2.39 2.39 2.39 2.39 2.39 2.39 2.39 2.39 2.39
1939.00 1.40 1.40 1.40 1.40 1.40 1.40 1.40 1.40 1.40 1.40 1.40 1.40 1.40 1.40 1.40 1.40 1.40 1.40 1.40 1.40 1.40 1.40 1.40
1940.00 1.13 1.13 1.13 1.13 1.13 1.13 1.13 1.13 1.13 1.13 1.13 1.13 1.13 1.13 1.13 1.13 1.13 1.13 1.13 1.13 1.13 1.13 1.13
1941.00 0.61 0.61 0.61 0.61 0.61 0.61 0.61 0.61 0.61 0.61 0.61 0.61 0.61 0.61 0.61 0.61 0.61 0.61 0.61 0.61 0.61 0.61 0.61
1942.00 0.06 0.06 0.06 0.06 0.06 0.06 0.06 0.06 0.06 0.06 0.06 0.06 0.06 0.06 0.06 0.06 0.06 0.06 0.06 0.06 0.06 0.06 0.06
1943.00 -0.64 -0.64 -0.64 -0.64 -0.64 -0.64 -0.64 -0.64 -0.64 -0.64 -0.64 -0.64 -0.64 -0.64 -0.64 -0.64 -0.64 -0.64 -0.64 -0.64 -0.64 -0.64 -0.64
1944.00 -1.08 -1.08 -1.08 -1.08 -1.08 -1.08 -1.08 -1.08 -1.08 -1.08 -1.08 -1.08 -1.08 -1.08 -1.08 -1.08 -1.08 -1.08 -1.08 -1.08 -1.08 -1.08 -1.08
1945.00 -1.66 -1.66 -1.66 -1.66 -1.66 -1.66 -1.66 -1.66 -1.66 -1.66 -1.66 -1.66 -1.66 -1.66 -1.66 -1.66 -1.66 -1.66 -1.66 -1.66 -1.66 -1.66 -1.66
1946.00 -2.09 -2.09 -2.09 -2.09 -2.09 -2.09 -2.09 -2.09 -2.09 -2.09 -2.09 -2.09 -2.09 -2.09 -2.09 -2.09 -2.09 -2.09 -2.09 -2.09 -2.09 -2.09 -2.09
1947.00 -2.77 -2.77 -2.77 -2.77 -2.77 -2.77 -2.77 -2.77 -2.77 -2.77 -2.77 -2.77 -2.77 -2.77 -2.77 -2.77 -2.77 -2.77 -2.77 -2.77 -2.77 -2.77 -2.77
1948.00 -3.06 -3.06 -3.06 -3.06 -3.06 -3.06 -3.06 -3.06 -3.06 -3.06 -3.06 -3.06 -3.06 -3.06 -3.06 -3.06 -3.06 -3.06 -3.06 -3.06 -3.06 -3.06 -3.06
1949.00 -3.94 -3.94 -3.94 -3.94 -3.94 -3.94 -3.94 -3.94 -3.94 -3.94 -3.94 -3.94 -3.94 -3.94 -3.94 -3.94 -3.94 -3.94 -3.94 -3.94 -3.94 -3.94 -3.94
1950.00 -4.71 -4.71 -4.71 -4.71 -4.71 -4.71 -4.71 -4.71 -4.71 -4.71 -4.71 -4.71 -4.71 -4.71 -4.71 -4.71 -4.71 -4.71 -4.71 -4.71 -4.71 -4.71 -4.71
1951.00 -4.71 -4.71 -4.71 -4.71 -4.71 -4.71 -4.71 -4.71 -4.71 -4.71 -4.71 -4.71 -4.71 -4.71 -4.71 -4.71 -4.71 -4.71 -4.71 -4.71 -4.71 -4.71 -4.71
1952.00 -4.90 -4.90 -4.90 -4.90 -4.90 -4.90 -4.90 -4.90 -4.90 -4.90 -4.90 -4.90 -4.90 -4.90 -4.90 -4.90 -4.90 -4.90 -4.90 -4.90 -4.90 -4.90 -4.90
1953.00 -5.27 -5.27 -5.27 -5.27 -5.27 -5.27 -5.27 -5.27 -5.27 -5.27 -5.27 -5.27 -5.27 -5.27 -5.27 -5.27 -5.27 -5.27 -5.27 -5.27 -5.27 -5.27 -5.27
1954.00 -6.02 -6.02 -6.02 -6.02 -6.02 -6.02 -6.02 -6.02 -6.02 -6.02 -6.02 -6.02 -6.02 -6.02 -6.02 -6.02 -6.02 -6.02 -6.02 -6.02 -6.02 -6.02 -6.02
1955.00 -6.77 -6.77 -6.77 -6.77 -6.77 -6.77 -6.77 -6.77 -6.77 -6.77 -6.77 -6.77 -6.77 -6.77 -6.77 -6.77 -6.77 -6.77 -6.77 -6.77 -6.77 -6.77 -6.77
1956.00 -7.53 -7.53 -7.53 -7.53 -7.53 -7.53 -7.53 -7.53 -7.53 -7.53 -7.53 -7.53 -7.53 -7.53 -7.53 -7.53 -7.53 -7.53 -7.53 -7.53 -7.53 -7.53 -7.53
1957.00 -8.32 -8.32 -8.32 -8.32 -8.32 -8.32 -8.32 -8.32 -8.32 -8.32 -8.32 -8.32 -8.32 -8.32 -8.32 -8.32 -8.32 -8.32 -8.32 -8.32 -8.32 -8.32 -8.32
1958.00 -8.54 -8.54 -8.54 -8.54 -8.54 -8.54 -8.54 -8.54 -8.54 -8.54 -8.54 -8.54 -8.54 -8.54 -8.54 -8.54 -8.54 -8.54 -8.54 -8.54 -8.54 -8.54 -8.54
1959.00 -8.76 -8.76 -8.76 -8.76 -8.76 -8.76 -8.76 -8.76 -8.76 -8.76 -8.76 -8.76 -8.76 -8.76 -8.76 -8.76 -8.76 -8.76 -8.76 -8.76 -8.76 -8.76 -8.76
1960.00 -9.37 -9.37 -9.37 -9.37 -9.37 -9.37 -9.37 -9.37 -9.37 -9.37 -9.37 -9.37 -9.37 -9.37 -9.37 -9.37 -9.37 -9.37 -9.37 -9.37 -9.37 -9.37 -9.37
1961.00 -9.91 -9.91 -9.91 -9.91 -9.91 -9.91 -9.91 -9.91 -9.91 -9.91 -9.91 -9.91 -9.91 -9.91 -9.91 -9.91 -9.91 -9.91 -9.91 -9.91 -9.91 -9.91 -9.91
1962.00 -10.09 -10.09 -10.09 -10.09 -10.09 -10.09 -10.09 -10.09 -10.09 -10.09 -10.09 -10.09 -10.09 -10.09 -10.09 -10.09 -10.09 -10.09 -10.09 -10.09 -10.09 -10.09 -10.09
1963.00 -10.65 -10.65 -10.65 -10.65 -10.65 -10.65 -10.65 -10.65 -10.65 -10.65 -10.65 -10.65 -10.65 -10.65 -10.65 -10.65 -10.65 -10.65 -10.65 -10.65 -10.65 -10.65 -10.65
1964.00 -11.43 -11.43 -11.43 -11.43 -11.43 -11.43 -11.43 -11.43 -11.43 -11.43 -11.43 -11.43 -11.43 -11.43 -11.43 -11.43 -11.43 -11.43 -11.43 -11.43 -11.43 -11.43 -11.43
1965.00 -12.26 -12.26 -12.26 -12.26 -12.26 -12.26 -12.26 -12.26 -12.26 -12.26 -12.26 -12.26 -12.26 -12.26 -12.26 -12.26 -12.26 -12.26 -12.26 -12.26 -12.26 -12.26 -12.26
1966.00 -13.09 -13.09 -13.09 -13.09 -13.09 -13.09 -13.09 -13.09 -13.09 -13.09 -13.09 -13.09 -13.09 -13.09 -13.09 -13.09 -13.09 -13.09 -13.09 -13.09 -13.09 -13.09 -13.09
1967.00 -13.65 -13.65 -13.65 -13.65 -13.65 -13.65 -13.65 -13.65 -13.65 -13.65 -13.65 -13.65 -13.65 -13.65 -13.65 -13.65 -13.65 -13.65 -13.65 -13.65 -13.65 -13.65 -13.65
1968.00 -13.84 -13.84 -13.84 -13.84 -13.84 -13.84 -13.84 -13.84 -13.84 -13.84 -13.84 -13.84 -13.84 -13.84 -13.84 -13.84 -13.84 -13.84 -13.84 -13.84 -13.84 -13.84 -13.84
1969.00 -14.79 -14.79 -14.79 -14.79 -14.79 -14.79 -14.79 -14.79 -14.79 -14.79 -14.79 -14.79 -14.79 -14.79 -14.79 -14.79 -14.79 -14.79 -14.79 -14.79 -14.79 -14.79 -14.79
1970.00 106.35 106.35 106.35 106.35 106.35 106.35 106.35 106.35 106.35 106.35 106.35 106.35 106.35 106.35 106.35 106.35 106.35 106.35 106.35 106.35 106.35 106.35 106.35
1971.00 105.44 105.44 105.44 105.44 105.44 105.44 105.44 105.44 105.44 105.44 105.44 105.44 105.44 105.44 105.44 105.44 105.44 105.44 105.44 105.44 105.44 105.44 105.44
1972.00 108.80 108.80 108.80 108.80 108.80 108.80 108.80 108.80 108.80 108.80 108.80 108.80 108.80 108.80 108.80 108.80 108.80 108.80 108.80 108.80 108.80 108.80 108.80
1973.00 109.50 109.50 109.50 109.50 109.50 109.50 109.50 109.50 109.50 109.50 109.50 109.50 109.50 109.50 109.50 109.50 109.50 109.50 109.50 109.50 109.50 109.50 109.50
1974.00 111.80 111.80 111.80 111.80 111.80 111.80 111.80 111.80 111.80 111.80 111.80 111.80 111.80 111.80 111.80 111.80 111.80 111.80 111.80 111.80 111.80 111.80 111.80
1975.00 113.49 113.49 113.49 113.49 113.49 113.49 113.49 113.49 113.49 113.49 113.49 113.49 113.49 113.49 113.49 113.49 113.49 113.49 113.49 113.49 113.49 113.49 113.49
1976.00 115.45 115.45 115.45 115.45 115.45 115.45 115.45 115.45 115.45 115.45 115.45 115.45 115.45 115.45 115.45 115.45 115.45 115.45 115.45 115.45 115.45 115.45 115.45
1977.00 117.17 117.17 117.17 117.17 117.17 117.17 117.17 117.17 117.17 117.17 117.17 117.17 117.17 117.17 117.17 117.17 117.17 117.17 117.17 117.17 117.17 117.17 117.17
1978.00 116.73 116.73 116.73 116.73 116.73 116.73 116.73 116.73 116.73 116.73 116.73 116.73 116.73 116.73 116.73 116.73 116.73 116.73 116.73 116.73 116.73 116.73 116.73
1979.00 117.08 117.08 117.08 117.08 117.08 117.08 117.08 117.08 117.08 117.08 117.08 117.08 117.08 117.08 117.08 117.08 117.08 117.08 117.08 117.08 117.08 117.08 117.08
1980.00 117.62 117.62 117.62 117.62 117.62 117.62 117.62 117.62 117.62 117.62 117.62 117.62 117.62 117.62 117.62 117.62 117.62 117.62 117.62 117.62 117.62 117.62 117.62
1981.00 119.83 119.83 119.83 119.83 119.83 119.83 119.83 119.83 119.83 119.83 119.83 119.83 119.83 119.83 119.83 119.83 119.83 119.83 119.83 119.83 119.83 119.83 119.83
1982.00 115.57 115.57 115.57 115.57 115.57 115.57 115.57 115.57 115.57 115.57 115.57 115.57 115.57 115.57 115.57 115.57 115.57 115.57 115.57 115.57 115.57 115.57 115.57
1983.00 106.44 106.44 106.44 106.44 106.44 106.44 106.44 106.44 106.44 106.44 106.44 106.44 106.44 106.44 106.44 106.44 106.44 106.44 106.44 106.44 106.44 106.44 106.44
1984.00 105.57 105.57 105.57 105.57 105.57 105.57 105.57 105.57 105.57 105.57 105.57 105.57 105.57 105.57 105.57 105.57 105.57 105.57 105.57 105.57 105.57 105.57 105.57
1985.00 106.97 106.97 106.97 106.97 106.97 106.97 106.97 106.97 106.97 106.97 106.97 106.97 106.97 106.97 106.97 106.97 106.97 106.97 106.97 106.97 106.97 106.97 106.97
1986.00 105.43 105.43 105.43 105.43 105.43 105.43 105.43 105.43 105.43 105.43 105.43 105.43 105.43 105.43 105.43 105.43 105.43 105.43 105.43 105.43 105.43 105.43 105.43
1987.00 105.96 105.96 105.96 105.96 105.96 105.96 105.96 105.96 105.96 105.96 105.96 105.96 105.96 105.96 105.96 105.96 105.96 105.96 105.96 105.96 105.96 105.96 105.96
1988.00 58.06 60.27 62.49 64.70 66.92 69.13 71.34 73.56 75.77 77.98 80.20 82.41 84.62 86.84 89.05 91.26 93.48 95.69 97.90 100.12 102.33 104.54 106.76
1989.00 56.47 58.60 60.74 62.87 65.01 67.15 69.28 71.42 73.55 75.69 77.82 79.96 82.09 84.23 86.36 88.50 90.64 92.77 94.91 97.04 99.18 101.31 103.45
1990.00 54.62 56.67 58.72 60.77 62.82 64.87 66.92 68.97 71.02 73.07 75.12 77.17 79.23 81.28 83.33 85.38 87.43 89.48 91.53 93.58 95.63 97.68 99.73
1991.00 53.97 55.97 57.98 59.98 61.99 63.99 65.99 68.00 70.00 72.01 74.01 76.02 78.02 80.02 82.03 84.03 86.04 88.04 90.04 92.05 94.05 96.06 98.06
1992.00 53.76 55.74 57.72 59.70 61.68 63.65 65.63 67.61 69.59 71.57 73.55 75.53 77.51 79.49 81.47 83.45 85.43 87.41 89.39 91.37 93.35 95.33 97.31
1993.00 53.12 55.07 57.02 58.97 60.93 62.88 64.83 66.78 68.73 70.69 72.64 74.59 76.54 78.49 80.44 82.40 84.35 86.30 88.25 90.20 92.16 94.11 96.06
1994.00 52.74 54.66 56.58 58.50 60.43 62.35 64.27 66.19 68.12 70.04 71.96 73.88 75.80 77.73 79.65 81.57 83.49 85.42 87.34 89.26 91.18 93.10 95.03
1995.00 53.49 55.41 57.33 59.25 61.17 63.09 65.01 66.93 68.85 70.77 72.69 74.60 76.52 78.44 80.36 82.28 84.20 86.12 88.04 89.96 91.88 93.80 95.72
1996.00 52.85 54.73 56.61 58.49 60.37 62.25 64.13 66.00 67.88 69.76 71.64 73.52 75.40 77.28 79.16 81.04 82.92 84.80 86.68 88.56 90.43 92.31 94.19
1997.00 53.19 55.06 56.93 58.80 60.67 62.54 64.41 66.28 68.15 70.02 71.89 73.76 75.63 77.50 79.37 81.24 83.11 84.98 86.85 88.71 90.58 92.45 94.32
1998.00 52.80 54.64 56.49 58.33 60.17 62.01 63.86 65.70 67.54 69.39 71.23 73.07 74.91 76.76 78.60 80.44 82.28 84.13 85.97 87.81 89.66 91.50 93.34
1999.00 50.94 52.72 54.50 56.28 58.06 59.84 61.62 63.40 65.18 66.96 68.74 70.53 72.31 74.09 75.87 77.65 79.43 81.21 82.99 84.77 86.55 88.33 90.11
2000.00 48.03 49.70 51.38 53.06 54.74 56.41 58.09 59.77 61.45 63.12 64.80 66.48 68.16 69.83 71.51 73.19 74.87 76.54 78.22 79.90 81.58 83.25 84.93
2001.00 46.88 48.50 50.12 51.74 53.36 54.98 56.60 58.22 59.84 61.46 63.08 64.70 66.32 67.94 69.56 71.18 72.80 74.42 76.04 77.66 79.28 80.90 82.52
2002.00 46.24 47.83 49.41 51.00 52.58 54.17 55.75 57.34 58.92 60.51 62.10 63.68 65.27 66.85 68.44 70.02 71.61 73.19 74.78 76.37 77.95 79.54 81.12
2003.00 46.38 47.94 49.50 51.06 52.62 54.18 55.73 57.29 58.85 60.41 61.97 63.53 65.09 66.65 68.21 69.77 71.33 72.88 74.44 76.00 77.56 79.12 80.68
2004.00 43.60 45.05 46.51 47.97 49.42 50.88 52.33 53.79 55.25 56.70 58.16 59.62 61.07 62.53 63.99 65.44 66.90 68.36 69.81 71.27 72.72 74.18 75.64
2005.00 43.14 44.57 46.00 47.43 48.86 50.29 51.72 53.15 54.58 56.01 57.44 58.87 60.30 61.73 63.16 64.59 66.02 67.45 68.88 70.31 71.74 73.17 74.60
2006.00 42.66 44.06 45.45 46.84 48.23 49.62 51.01 52.40 53.79 55.19 56.58 57.97 59.36 60.75 62.14 63.53 64.93 66.32 67.71 69.10 70.49 71.88 73.27
2007.00 41.92 43.27 44.62 45.97 47.32 48.67 50.02 51.37 52.72 54.07 55.42 56.77 58.12 59.47 60.82 62.17 63.52 64.87 66.22 67.57 68.92 70.27 71.62
2008.00 39.29 40.55 41.80 43.06 44.32 45.58 46.84 48.10 49.35 50.61 51.87 53.13 54.39 55.64 56.90 58.16 59.42 60.68 61.94 63.19 64.45 65.71 66.97
2009.00 37.52 38.72 39.92 41.12 42.32 43.52 44.71 45.91 47.11 48.31 49.51 50.71 51.91 53.11 54.31 55.51 56.71 57.91 59.11 60.31 61.51 62.71 63.90
2010.00 34.74 35.83 36.92 38.01 39.09 40.18 41.27 42.36 43.44 44.53 45.62 46.71 47.79 48.88 49.97 51.06 52.15 53.23 54.32 55.41 56.50 57.58 58.67
2011.00 34.17 35.22 36.28 37.33 38.39 39.44 40.50 41.55 42.61 43.66 44.72 45.77 46.83 47.88 48.94 49.99 51.05 52.10 53.15 54.21 55.26 56.32 57.37
2012.00 33.87 34.89 35.91 36.93 37.95 38.97 39.99 41.01 42.03 43.05 44.07 45.09 46.11 47.14 48.16 49.18 50.20 51.22 52.24 53.26 54.28 55.30 56.32
2013.00 33.55 34.53 35.51 36.49 37.47 38.46 39.44 40.42 41.40 42.39 43.37 44.35 45.33 46.31 47.30 48.28 49.26 50.24 51.23 52.21 53.19 54.17 55.15
2014.00 32.75 33.69 34.63 35.56 36.50 37.44 38.38 39.31 40.25 41.19 42.12 43.06 44.00 44.93 45.87 46.81 47.74 48.68 49.62 50.55 51.49 52.43 53.36
2015.00 32.45 33.38 34.31 35.24 36.17 37.10 38.03 38.96 39.89 40.82 41.75 42.68 43.61 44.54 45.47 46.40 47.33 48.26 49.19 50.12 51.05 51.97 52.90
2016.00 31.76 32.67 33.57 34.48 35.38 36.28 37.19 38.09 39.00 39.90 40.81 41.71 42.62 43.52 44.43 45.33 46.24 47.14 48.04 48.95 49.85 50.76 51.66
2017.00 31.38 32.25 33.13 34.00 34.87 35.75 36.62 37.49 38.37 39.24 40.12 40.99 41.86 42.74 43.61 44.48 45.36 46.23 47.10 47.98 48.85 49.73 50.60
2018.00 5.59 5.59 5.59 5.59 5.59 5.59 5.59 5.59 5.59 5.59 5.59 5.59 5.59 5.59 5.59 5.59 5.59 5.59 5.59 5.59 5.59 5.59 5.59
2019.00 5.97 5.97 5.97 5.97 5.97 5.97 5.97 5.97 5.97 5.97 5.97 5.97 5.97 5.97 5.97 5.97 5.97 5.97 5.97 5.97 5.97 5.97 5.97
2020.00 6.47 6.47 6.47 6.47 6.47 6.47 6.47 6.47 6.47 6.47 6.47 6.47 6.47 6.47 6.47 6.47 6.47 6.47 6.47 6.47 6.47 6.47 6.47
2021.00 6.71 6.71 6.71 6.71 6.71 6.71 6.71 6.71 6.71 6.71 6.71 6.71 6.71 6.71 6.71 6.71 6.71 6.71 6.71 6.71 6.71 6.71 6.71
2022.00 6.66 6.66 6.66 6.66 6.66 6.66 6.66 6.66 6.66 6.66 6.66 6.66 6.66 6.66 6.66 6.66 6.66 6.66 6.66 6.66 6.66 6.66 6.66
2023.00 6.71 6.71 6.71 6.71 6.71 6.71 6.71 6.71 6.71 6.71 6.71 6.71 6.71 6.71 6.71 6.71 6.71 6.71 6.71 6.71 6.71 6.71 6.71
2024.00 6.74 6.74 6.74 6.74 6.74 6.74 6.74 6.74 6.74 6.74 6.74 6.74 6.74 6.74 6.74 6.74 6.74 6.74 6.74 6.74 6.74 6.74 6.74
2025.00 6.47 6.47 6.47 6.47 6.47 6.47 6.47 6.47 6.47 6.47 6.47 6.47 6.47 6.47 6.47 6.47 6.47 6.47 6.47 6.47 6.47 6.47 6.47
2026.00 6.23 6.23 6.23 6.23 6.23 6.23 6.23 6.23 6.23 6.23 6.23 6.23 6.23 6.23 6.23 6.23 6.23 6.23 6.23 6.23 6.23 6.23 6.23
2027.00 5.73 5.73 5.73 5.73 5.73 5.73 5.73 5.73 5.73 5.73 5.73 5.73 5.73 5.73 5.73 5.73 5.73 5.73 5.73 5.73 5.73 5.73 5.73
2028.00 5.71 5.71 5.71 5.71 5.71 5.71 5.71 5.71 5.71 5.71 5.71 5.71 5.71 5.71 5.71 5.71 5.71 5.71 5.71 5.71 5.71 5.71 5.71
2029.00 5.56 5.56 5.56 5.56 5.56 5.56 5.56 5.56 5.56 5.56 5.56 5.56 5.56 5.56 5.56 5.56 5.56 5.56 5.56 5.56 5.56 5.56 5.56
2030.00 5.49 5.49 5.49 5.49 5.49 5.49 5.49 5.49 5.49 5.49 5.49 5.49 5.49 5.49 5.49 5.49 5.49 5.49 5.49 5.49 5.49 5.49 5.49
2031.00 5.74 5.74 5.74 5.74 5.74 5.74 5.74 5.74 5.74 5.74 5.74 5.74 5.74 5.74 5.74 5.74 5.74 5.74 5.74 5.74 5.74 5.74 5.74
2032.00 5.32 5.32 5.32 5.32 5.32 5.32 5.32 5.32 5.32 5.32 5.32 5.32 5.32 5.32 5.32 5.32 5.32 5.32 5.32 5.32 5.32 5.32 5.32
2033.00 4.90 4.90 4.90 4.90 4.90 4.90 4.90 4.90 4.90 4.90 4.90 4.90 4.90 4.90 4.90 4.90 4.90 4.90 4.90 4.90 4.90 4.90 4.90
2034.00 4.81 4.81 4.81 4.81 4.81 4.81 4.81 4.81 4.81 4.81 4.81 4.81 4.81 4.81 4.81 4.81 4.81 4.81 4.81 4.81 4.81 4.81 4.81
2035.00 4.54 4.54 4.54 4.54 4.54 4.54 4.54 4.54 4.54 4.54 4.54 4.54 4.54 4.54 4.54 4.54 4.54 4.54 4.54 4.54 4.54 4.54 4.54
2036.00 4.38 4.38 4.38 4.38 4.38 4.38 4.38 4.38 4.38 4.38 4.38 4.38 4.38 4.38 4.38 4.38 4.38 4.38 4.38 4.38 4.38 4.38 4.38
2037.00 4.19 4.19 4.19 4.19 4.19 4.19 4.19 4.19 4.19 4.19 4.19 4.19 4.19 4.19 4.19 4.19 4.19 4.19 4.19 4.19 4.19 4.19 4.19
2038.00 4.21 4.21 4.21 4.21 4.21 4.21 4.21 4.21 4.21 4.21 4.21 4.21 4.21 4.21 4.21 4.21 4.21 4.21 4.21 4.21 4.21 4.21 4.21
2039.00 4.24 4.24 4.24 4.24 4.24 4.24 4.24 4.24 4.24 4.24 4.24 4.24 4.24 4.24 4.24 4.24 4.24 4.24 4.24 4.24 4.24 4.24 4.24
2040.00 4.19 4.19 4.19 4.19 4.19 4.19 4.19 4.19 4.19 4.19 4.19 4.19 4.19 4.19 4.19 4.19 4.19 4.19 4.19 4.19 4.19 4.19 4.19
2041.00 4.31 4.31 4.31 4.31 4.31 4.31 4.31 4.31 4.31 4.31 4.31 4.31 4.31 4.31 4.31 4.31 4.31 4.31 4.31 4.31 4.31 4.31 4.31
2042.00 4.46 4.46 4.46 4.46 4.46 4.46 4.46 4.46 4.46 4.46 4.46 4.46 4.46 4.46 4.46 4.46 4.46 4.46 4.46 4.46 4.46 4.46 4.46
2043.00 4.37 4.37 4.37 4.37 4.37 4.37 4.37 4.37 4.37 4.37 4.37 4.37 4.37 4.37 4.37 4.37 4.37 4.37 4.37 4.37 4.37 4.37 4.37
2044.00 4.50 4.50 4.50 4.50 4.50 4.50 4.50 4.50 4.50 4.50 4.50 4.50 4.50 4.50 4.50 4.50 4.50 4.50 4.50 4.50 4.50 4.50 4.50
2045.00 4.63 4.63 4.63 4.63 4.63 4.63 4.63 4.63 4.63 4.63 4.63 4.63 4.63 4.63 4.63 4.63 4.63 4.63 4.63 4.63 4.63 4.63 4.63
2046.00 4.66 4.66 4.66 4.66 4.66 4.66 4.66 4.66 4.66 4.66 4.66 4.66 4.66 4.66 4.66 4.66 4.66 4.66 4.66 4.66 4.66 4.66 4.66
2047.00 4.62 4.62 4.62 4.62 4.62 4.62 4.62 4.62 4.62 4.62 4.62 4.62 4.62 4.62 4.62 4.62 4.62 4.62 4.62 4.62 4.62 4.62 4.62
2048.00 4.54 4.54 4.54 4.54 4.54 4.54 4.54 4.54 4.54 4.54 4.54 4.54 4.54 4.54 4.54 4.54 4.54 4.54 4.54 4.54 4.54 4.54 4.54
2049.00 4.49 4.49 4.49 4.49 4.49 4.49 4.49 4.49 4.49 4.49 4.49 4.49 4.49 4.49 4.49 4.49 4.49 4.49 4.49 4.49 4.49 4.49 4.49
2050.00 4.46 4.46 4.46 4.46 4.46 4.46 4.46 4.46 4.46 4.46 4.46 4.46 4.46 4.46 4.46 4.46 4.46 4.46 4.46 4.46 4.46 4.46 4.46
2051.00 4.39 4.39 4.39 4.39 4.39 4.39 4.39 4.39 4.39 4.39 4.39 4.39 4.39 4.39 4.39 4.39 4.39 4.39 4.39 4.39 4.39 4.39 4.39
2052.00 4.41 4.41 4.41 4.41 4.41 4.41 4.41 4.41 4.41 4.41 4.41 4.41 4.41 4.41 4.41 4.41 4.41 4.41 4.41 4.41 4.41 4.41 4.41
2053.00 4.50 4.50 4.50 4.50 4.50 4.50 4.50 4.50 4.50 4.50 4.50 4.50 4.50 4.50 4.50 4.50 4.50 4.50 4.50 4.50 4.50 4.50 4.50
2054.00 4.48 4.48 4.48 4.48 4.48 4.48 4.48 4.48 4.48 4.48 4.48 4.48 4.48 4.48 4.48 4.48 4.48 4.48 4.48 4.48 4.48 4.48 4.48
2055.00 4.37 4.37 4.37 4.37 4.37 4.37 4.37 4.37 4.37 4.37 4.37 4.37 4.37 4.37 4.37 4.37 4.37 4.37 4.37 4.37 4.37 4.37 4.37
2056.00 4.50 4.50 4.50 4.50 4.50 4.50 4.50 4.50 4.50 4.50 4.50 4.50 4.50 4.50 4.50 4.50 4.50 4.50 4.50 4.50 4.50 4.50 4.50
2057.00 4.46 4.46 4.46 4.46 4.46 4.46 4.46 4.46 4.46 4.46 4.46 4.46 4.46 4.46 4.46 4.46 4.46 4.46 4.46 4.46 4.46 4.46 4.46
2058.00 4.34 4.34 4.34 4.34 4.34 4.34 4.34 4.34 4.34 4.34 4.34 4.34 4.34 4.34 4.34 4.34 4.34 4.34 4.34 4.34 4.34 4.34 4.34
2059.00 4.28 4.28 4.28 4.28 4.28 4.28 4.28 4.28 4.28 4.28 4.28 4.28 4.28 4.28 4.28 4.28 4.28 4.28 4.28 4.28 4.28 4.28 4.28
2060.00 4.23 4.23 4.23 4.23 4.23 4.23 4.23 4.23 4.23 4.23 4.23 4.23 4.23 4.23 4.23 4.23 4.23 4.23 4.23 4.23 4.23 4.23 4.23
2061.00 4.09 4.09 4.09 4.09 4.09 4.09 4.09 4.09 4.09 4.09 4.09 4.09 4.09 4.09 4.09 4.09 4.09 4.09 4.09 4.09 4.09 4.09 4.09
2062.00 4.09 4.09 4.09 4.09 4.09 4.09 4.09 4.09 4.09 4.09 4.09 4.09 4.09 4.09 4.09 4.09 4.09 4.09 4.09 4.09 4.09 4.09 4.09
2063.00 4.14 4.14 4.14 4.14 4.14 4.14 4.14 4.14 4.14 4.14 4.14 4.14 4.14 4.14 4.14 4.14 4.14 4.14 4.14 4.14 4.14 4.14 4.14
2064.00 4.27 4.27 4.27 4.27 4.27 4.27 4.27 4.27 4.27 4.27 4.27 4.27 4.27 4.27 4.27 4.27 4.27 4.27 4.27 4.27 4.27 4.27 4.27
2065.00 4.31 4.31 4.31 4.31 4.31 4.31 4.31 4.31 4.31 4.31 4.31 4.31 4.31 4.31 4.31 4.31 4.31 4.31 4.31 4.31 4.31 4.31 4.31
