# yearspad, alpred
# [0.6  0.62 0.64 0.66 0.68 0.7  0.72 0.74 0.76 0.78 0.8  0.82 0.84 0.86
#  0.88 0.9  0.92 0.94 0.96 0.98 1.   1.02 1.04]
1922.00 2.76 2.76 2.76 2.76 2.76 2.76 2.76 2.76 2.76 2.76 2.76 2.76 2.76 2.76 2.76 2.76 2.76 2.76 2.76 2.76 2.76 2.76 2.76
1923.00 3.46 3.46 3.46 3.46 3.46 3.46 3.46 3.46 3.46 3.46 3.46 3.46 3.46 3.46 3.46 3.46 3.46 3.46 3.46 3.46 3.46 3.46 3.46
1924.00 3.19 3.19 3.19 3.19 3.19 3.19 3.19 3.19 3.19 3.19 3.19 3.19 3.19 3.19 3.19 3.19 3.19 3.19 3.19 3.19 3.19 3.19 3.19
1925.00 3.58 3.58 3.58 3.58 3.58 3.58 3.58 3.58 3.58 3.58 3.58 3.58 3.58 3.58 3.58 3.58 3.58 3.58 3.58 3.58 3.58 3.58 3.58
1926.00 3.50 3.50 3.50 3.50 3.50 3.50 3.50 3.50 3.50 3.50 3.50 3.50 3.50 3.50 3.50 3.50 3.50 3.50 3.50 3.50 3.50 3.50 3.50
1927.00 3.44 3.44 3.44 3.44 3.44 3.44 3.44 3.44 3.44 3.44 3.44 3.44 3.44 3.44 3.44 3.44 3.44 3.44 3.44 3.44 3.44 3.44 3.44
1928.00 3.11 3.11 3.11 3.11 3.11 3.11 3.11 3.11 3.11 3.11 3.11 3.11 3.11 3.11 3.11 3.11 3.11 3.11 3.11 3.11 3.11 3.11 3.11
1929.00 2.88 2.88 2.88 2.88 2.88 2.88 2.88 2.88 2.88 2.88 2.88 2.88 2.88 2.88 2.88 2.88 2.88 2.88 2.88 2.88 2.88 2.88 2.88
1930.00 2.79 2.79 2.79 2.79 2.79 2.79 2.79 2.79 2.79 2.79 2.79 2.79 2.79 2.79 2.79 2.79 2.79 2.79 2.79 2.79 2.79 2.79 2.79
1931.00 3.46 3.46 3.46 3.46 3.46 3.46 3.46 3.46 3.46 3.46 3.46 3.46 3.46 3.46 3.46 3.46 3.46 3.46 3.46 3.46 3.46 3.46 3.46
1932.00 3.37 3.37 3.37 3.37 3.37 3.37 3.37 3.37 3.37 3.37 3.37 3.37 3.37 3.37 3.37 3.37 3.37 3.37 3.37 3.37 3.37 3.37 3.37
1933.00 3.97 3.97 3.97 3.97 3.97 3.97 3.97 3.97 3.97 3.97 3.97 3.97 3.97 3.97 3.97 3.97 3.97 3.97 3.97 3.97 3.97 3.97 3.97
1934.00 3.52 3.52 3.52 3.52 3.52 3.52 3.52 3.52 3.52 3.52 3.52 3.52 3.52 3.52 3.52 3.52 3.52 3.52 3.52 3.52 3.52 3.52 3.52
1935.00 3.31 3.31 3.31 3.31 3.31 3.31 3.31 3.31 3.31 3.31 3.31 3.31 3.31 3.31 3.31 3.31 3.31 3.31 3.31 3.31 3.31 3.31 3.31
1936.00 3.00 3.00 3.00 3.00 3.00 3.00 3.00 3.00 3.00 3.00 3.00 3.00 3.00 3.00 3.00 3.00 3.00 3.00 3.00 3.00 3.00 3.00 3.00
1937.00 2.98 2.98 2.98 2.98 2.98 2.98 2.98 2.98 2.98 2.98 2.98 2.98 2.98 2.98 2.98 2.98 2.98 2.98 2.98 2.98 2.98 2.98 2.98
1938.00 1.92 1.92 1.92 1.92 1.92 1.92 1.92 1.92 1.92 1.92 1.92 1.92 1.92 1.92 1.92 1.92 1.92 1.92 1.92 1.92 1.92 1.92 1.92
1939.00 2.01 2.01 2.01 2.01 2.01 2.01 2.01 2.01 2.01 2.01 2.01 2.01 2.01 2.01 2.01 2.01 2.01 2.01 2.01 2.01 2.01 2.01 2.01
1940.00 1.45 1.45 1.45 1.45 1.45 1.45 1.45 1.45 1.45 1.45 1.45 1.45 1.45 1.45 1.45 1.45 1.45 1.45 1.45 1.45 1.45 1.45 1.45
1941.00 1.71 1.71 1.71 1.71 1.71 1.71 1.71 1.71 1.71 1.71 1.71 1.71 1.71 1.71 1.71 1.71 1.71 1.71 1.71 1.71 1.71 1.71 1.71
1942.00 1.47 1.47 1.47 1.47 1.47 1.47 1.47 1.47 1.47 1.47 1.47 1.47 1.47 1.47 1.47 1.47 1.47 1.47 1.47 1.47 1.47 1.47 1.47
1943.00 1.43 1.43 1.43 1.43 1.43 1.43 1.43 1.43 1.43 1.43 1.43 1.43 1.43 1.43 1.43 1.43 1.43 1.43 1.43 1.43 1.43 1.43 1.43
1944.00 1.25 1.25 1.25 1.25 1.25 1.25 1.25 1.25 1.25 1.25 1.25 1.25 1.25 1.25 1.25 1.25 1.25 1.25 1.25 1.25 1.25 1.25 1.25
1945.00 0.73 0.73 0.73 0.73 0.73 0.73 0.73 0.73 0.73 0.73 0.73 0.73 0.73 0.73 0.73 0.73 0.73 0.73 0.73 0.73 0.73 0.73 0.73
1946.00 -0.34 -0.34 -0.34 -0.34 -0.34 -0.34 -0.34 -0.34 -0.34 -0.34 -0.34 -0.34 -0.34 -0.34 -0.34 -0.34 -0.34 -0.34 -0.34 -0.34 -0.34 -0.34 -0.34
1947.00 -0.46 -0.46 -0.46 -0.46 -0.46 -0.46 -0.46 -0.46 -0.46 -0.46 -0.46 -0.46 -0.46 -0.46 -0.46 -0.46 -0.46 -0.46 -0.46 -0.46 -0.46 -0.46 -0.46
1948.00 -0.81 -0.81 -0.81 -0.81 -0.81 -0.81 -0.81 -0.81 -0.81 -0.81 -0.81 -0.81 -0.81 -0.81 -0.81 -0.81 -0.81 -0.81 -0.81 -0.81 -0.81 -0.81 -0.81
1949.00 -0.50 -0.50 -0.50 -0.50 -0.50 -0.50 -0.50 -0.50 -0.50 -0.50 -0.50 -0.50 -0.50 -0.50 -0.50 -0.50 -0.50 -0.50 -0.50 -0.50 -0.50 -0.50 -0.50
1950.00 -0.44 -0.44 -0.44 -0.44 -0.44 -0.44 -0.44 -0.44 -0.44 -0.44 -0.44 -0.44 -0.44 -0.44 -0.44 -0.44 -0.44 -0.44 -0.44 -0.44 -0.44 -0.44 -0.44
1951.00 -0.38 -0.38 -0.38 -0.38 -0.38 -0.38 -0.38 -0.38 -0.38 -0.38 -0.38 -0.38 -0.38 -0.38 -0.38 -0.38 -0.38 -0.38 -0.38 -0.38 -0.38 -0.38 -0.38
1952.00 -1.32 -1.32 -1.32 -1.32 -1.32 -1.32 -1.32 -1.32 -1.32 -1.32 -1.32 -1.32 -1.32 -1.32 -1.32 -1.32 -1.32 -1.32 -1.32 -1.32 -1.32 -1.32 -1.32
1953.00 -1.75 -1.75 -1.75 -1.75 -1.75 -1.75 -1.75 -1.75 -1.75 -1.75 -1.75 -1.75 -1.75 -1.75 -1.75 -1.75 -1.75 -1.75 -1.75 -1.75 -1.75 -1.75 -1.75
1954.00 -2.46 -2.46 -2.46 -2.46 -2.46 -2.46 -2.46 -2.46 -2.46 -2.46 -2.46 -2.46 -2.46 -2.46 -2.46 -2.46 -2.46 -2.46 -2.46 -2.46 -2.46 -2.46 -2.46
1955.00 -2.63 -2.63 -2.63 -2.63 -2.63 -2.63 -2.63 -2.63 -2.63 -2.63 -2.63 -2.63 -2.63 -2.63 -2.63 -2.63 -2.63 -2.63 -2.63 -2.63 -2.63 -2.63 -2.63
1956.00 -3.07 -3.07 -3.07 -3.07 -3.07 -3.07 -3.07 -3.07 -3.07 -3.07 -3.07 -3.07 -3.07 -3.07 -3.07 -3.07 -3.07 -3.07 -3.07 -3.07 -3.07 -3.07 -3.07
1957.00 -3.25 -3.25 -3.25 -3.25 -3.25 -3.25 -3.25 -3.25 -3.25 -3.25 -3.25 -3.25 -3.25 -3.25 -3.25 -3.25 -3.25 -3.25 -3.25 -3.25 -3.25 -3.25 -3.25
1958.00 -3.00 -3.00 -3.00 -3.00 -3.00 -3.00 -3.00 -3.00 -3.00 -3.00 -3.00 -3.00 -3.00 -3.00 -3.00 -3.00 -3.00 -3.00 -3.00 -3.00 -3.00 -3.00 -3.00
1959.00 -2.84 -2.84 -2.84 -2.84 -2.84 -2.84 -2.84 -2.84 -2.84 -2.84 -2.84 -2.84 -2.84 -2.84 -2.84 -2.84 -2.84 -2.84 -2.84 -2.84 -2.84 -2.84 -2.84
1960.00 -2.83 -2.83 -2.83 -2.83 -2.83 -2.83 -2.83 -2.83 -2.83 -2.83 -2.83 -2.83 -2.83 -2.83 -2.83 -2.83 -2.83 -2.83 -2.83 -2.83 -2.83 -2.83 -2.83
1961.00 -3.38 -3.38 -3.38 -3.38 -3.38 -3.38 -3.38 -3.38 -3.38 -3.38 -3.38 -3.38 -3.38 -3.38 -3.38 -3.38 -3.38 -3.38 -3.38 -3.38 -3.38 -3.38 -3.38
1962.00 -4.23 -4.23 -4.23 -4.23 -4.23 -4.23 -4.23 -4.23 -4.23 -4.23 -4.23 -4.23 -4.23 -4.23 -4.23 -4.23 -4.23 -4.23 -4.23 -4.23 -4.23 -4.23 -4.23
1963.00 -5.01 -5.01 -5.01 -5.01 -5.01 -5.01 -5.01 -5.01 -5.01 -5.01 -5.01 -5.01 -5.01 -5.01 -5.01 -5.01 -5.01 -5.01 -5.01 -5.01 -5.01 -5.01 -5.01
1964.00 -4.86 -4.86 -4.86 -4.86 -4.86 -4.86 -4.86 -4.86 -4.86 -4.86 -4.86 -4.86 -4.86 -4.86 -4.86 -4.86 -4.86 -4.86 -4.86 -4.86 -4.86 -4.86 -4.86
1965.00 -5.25 -5.25 -5.25 -5.25 -5.25 -5.25 -5.25 -5.25 -5.25 -5.25 -5.25 -5.25 -5.25 -5.25 -5.25 -5.25 -5.25 -5.25 -5.25 -5.25 -5.25 -5.25 -5.25
1966.00 -5.17 -5.17 -5.17 -5.17 -5.17 -5.17 -5.17 -5.17 -5.17 -5.17 -5.17 -5.17 -5.17 -5.17 -5.17 -5.17 -5.17 -5.17 -5.17 -5.17 -5.17 -5.17 -5.17
1967.00 -5.54 -5.54 -5.54 -5.54 -5.54 -5.54 -5.54 -5.54 -5.54 -5.54 -5.54 -5.54 -5.54 -5.54 -5.54 -5.54 -5.54 -5.54 -5.54 -5.54 -5.54 -5.54 -5.54
1968.00 -6.16 -6.16 -6.16 -6.16 -6.16 -6.16 -6.16 -6.16 -6.16 -6.16 -6.16 -6.16 -6.16 -6.16 -6.16 -6.16 -6.16 -6.16 -6.16 -6.16 -6.16 -6.16 -6.16
1969.00 -7.34 -7.34 -7.34 -7.34 -7.34 -7.34 -7.34 -7.34 -7.34 -7.34 -7.34 -7.34 -7.34 -7.34 -7.34 -7.34 -7.34 -7.34 -7.34 -7.34 -7.34 -7.34 -7.34
1970.00 114.42 114.42 114.42 114.42 114.42 114.42 114.42 114.42 114.42 114.42 114.42 114.42 114.42 114.42 114.42 114.42 114.42 114.42 114.42 114.42 114.42 114.42 114.42
1971.00 111.59 111.59 111.59 111.59 111.59 111.59 111.59 111.59 111.59 111.59 111.59 111.59 111.59 111.59 111.59 111.59 111.59 111.59 111.59 111.59 111.59 111.59 111.59
1972.00 117.46 117.46 117.46 117.46 117.46 117.46 117.46 117.46 117.46 117.46 117.46 117.46 117.46 117.46 117.46 117.46 117.46 117.46 117.46 117.46 117.46 117.46 117.46
1973.00 116.62 116.62 116.62 116.62 116.62 116.62 116.62 116.62 116.62 116.62 116.62 116.62 116.62 116.62 116.62 116.62 116.62 116.62 116.62 116.62 116.62 116.62 116.62
1974.00 119.92 119.92 119.92 119.92 119.92 119.92 119.92 119.92 119.92 119.92 119.92 119.92 119.92 119.92 119.92 119.92 119.92 119.92 119.92 119.92 119.92 119.92 119.92
1975.00 123.23 123.23 123.23 123.23 123.23 123.23 123.23 123.23 123.23 123.23 123.23 123.23 123.23 123.23 123.23 123.23 123.23 123.23 123.23 123.23 123.23 123.23 123.23
1976.00 129.74 129.74 129.74 129.74 129.74 129.74 129.74 129.74 129.74 129.74 129.74 129.74 129.74 129.74 129.74 129.74 129.74 129.74 129.74 129.74 129.74 129.74 129.74
1977.00 133.79 133.79 133.79 133.79 133.79 133.79 133.79 133.79 133.79 133.79 133.79 133.79 133.79 133.79 133.79 133.79 133.79 133.79 133.79 133.79 133.79 133.79 133.79
1978.00 131.52 131.52 131.52 131.52 131.52 131.52 131.52 131.52 131.52 131.52 131.52 131.52 131.52 131.52 131.52 131.52 131.52 131.52 131.52 131.52 131.52 131.52 131.52
1979.00 122.20 122.20 122.20 122.20 122.20 122.20 122.20 122.20 122.20 122.20 122.20 122.20 122.20 122.20 122.20 122.20 122.20 122.20 122.20 122.20 122.20 122.20 122.20
1980.00 122.29 122.29 122.29 122.29 122.29 122.29 122.29 122.29 122.29 122.29 122.29 122.29 122.29 122.29 122.29 122.29 122.29 122.29 122.29 122.29 122.29 122.29 122.29
1981.00 120.53 120.53 120.53 120.53 120.53 120.53 120.53 120.53 120.53 120.53 120.53 120.53 120.53 120.53 120.53 120.53 120.53 120.53 120.53 120.53 120.53 120.53 120.53
1982.00 119.80 119.80 119.80 119.80 119.80 119.80 119.80 119.80 119.80 119.80 119.80 119.80 119.80 119.80 119.80 119.80 119.80 119.80 119.80 119.80 119.80 119.80 119.80
1983.00 115.70 115.70 115.70 115.70 115.70 115.70 115.70 115.70 115.70 115.70 115.70 115.70 115.70 115.70 115.70 115.70 115.70 115.70 115.70 115.70 115.70 115.70 115.70
1984.00 111.87 111.87 111.87 111.87 111.87 111.87 111.87 111.87 111.87 111.87 111.87 111.87 111.87 111.87 111.87 111.87 111.87 111.87 111.87 111.87 111.87 111.87 111.87
1985.00 109.18 109.18 109.18 109.18 109.18 109.18 109.18 109.18 109.18 109.18 109.18 109.18 109.18 109.18 109.18 109.18 109.18 109.18 109.18 109.18 109.18 109.18 109.18
1986.00 112.01 112.01 112.01 112.01 112.01 112.01 112.01 112.01 112.01 112.01 112.01 112.01 112.01 112.01 112.01 112.01 112.01 112.01 112.01 112.01 112.01 112.01 112.01
1987.00 107.52 107.52 107.52 107.52 107.52 107.52 107.52 107.52 107.52 107.52 107.52 107.52 107.52 107.52 107.52 107.52 107.52 107.52 107.52 107.52 107.52 107.52 107.52
1988.00 60.13 62.34 64.56 66.77 68.98 71.19 73.40 75.61 77.82 80.03 82.24 84.45 86.66 88.88 91.09 93.30 95.51 97.72 99.93 102.14 104.35 106.56 108.77
1989.00 57.58 59.72 61.85 63.98 66.12 68.25 70.39 72.52 74.65 76.79 78.92 81.06 83.19 85.32 87.46 89.59 91.73 93.86 95.99 98.13 100.26 102.40 104.53
1990.00 55.12 57.17 59.22 61.26 63.31 65.36 67.40 69.45 71.49 73.54 75.59 77.63 79.68 81.73 83.77 85.82 87.87 89.91 91.96 94.01 96.05 98.10 100.14
1991.00 53.87 55.87 57.87 59.87 61.88 63.88 65.88 67.88 69.88 71.89 73.89 75.89 77.89 79.90 81.90 83.90 85.90 87.90 89.91 91.91 93.91 95.91 97.92
1992.00 53.84 55.82 57.80 59.78 61.76 63.73 65.71 67.69 69.67 71.65 73.63 75.61 77.59 79.57 81.55 83.53 85.50 87.48 89.46 91.44 93.42 95.40 97.38
1993.00 53.38 55.32 57.27 59.21 61.15 63.10 65.04 66.99 68.93 70.87 72.82 74.76 76.70 78.65 80.59 82.54 84.48 86.42 88.37 90.31 92.26 94.20 96.14
1994.00 53.51 55.43 57.35 59.26 61.18 63.10 65.01 66.93 68.85 70.77 72.68 74.60 76.52 78.44 80.35 82.27 84.19 86.10 88.02 89.94 91.86 93.77 95.69
1995.00 53.39 55.30 57.21 59.13 61.04 62.95 64.86 66.77 68.68 70.59 72.50 74.41 76.32 78.23 80.15 82.06 83.97 85.88 87.79 89.70 91.61 93.52 95.43
1996.00 52.26 54.13 56.00 57.88 59.75 61.62 63.49 65.36 67.23 69.10 70.97 72.84 74.71 76.58 78.46 80.33 82.20 84.07 85.94 87.81 89.68 91.55 93.42
1997.00 51.66 53.52 55.38 57.24 59.11 60.97 62.83 64.69 66.55 68.41 70.27 72.13 73.99 75.85 77.71 79.57 81.43 83.29 85.15 87.02 88.88 90.74 92.60
1998.00 50.76 52.60 54.43 56.26 58.09 59.93 61.76 63.59 65.42 67.25 69.09 70.92 72.75 74.58 76.42 78.25 80.08 81.91 83.75 85.58 87.41 89.24 91.08
1999.00 49.29 51.06 52.83 54.60 56.36 58.13 59.90 61.67 63.44 65.21 66.98 68.75 70.52 72.29 74.06 75.82 77.59 79.36 81.13 82.90 84.67 86.44 88.21
2000.00 46.45 48.11 49.78 51.45 53.11 54.78 56.45 58.11 59.78 61.45 63.11 64.78 66.44 68.11 69.78 71.44 73.11 74.78 76.44 78.11 79.78 81.44 83.11
2001.00 44.93 46.53 48.14 49.75 51.36 52.96 54.57 56.18 57.79 59.39 61.00 62.61 64.21 65.82 67.43 69.04 70.64 72.25 73.86 75.47 77.07 78.68 80.29
2002.00 44.59 46.16 47.73 49.30 50.87 52.44 54.01 55.59 57.16 58.73 60.30 61.87 63.44 65.01 66.59 68.16 69.73 71.30 72.87 74.44 76.01 77.59 79.16
2003.00 44.62 46.16 47.70 49.24 50.77 52.31 53.85 55.39 56.93 58.47 60.01 61.54 63.08 64.62 66.16 67.70 69.24 70.78 72.31 73.85 75.39 76.93 78.47
2004.00 41.73 43.17 44.61 46.05 47.50 48.94 50.38 51.82 53.27 54.71 56.15 57.60 59.04 60.48 61.92 63.37 64.81 66.25 67.70 69.14 70.58 72.02 73.47
2005.00 41.19 42.61 44.03 45.44 46.86 48.28 49.69 51.11 52.53 53.95 55.36 56.78 58.20 59.61 61.03 62.45 63.86 65.28 66.70 68.12 69.53 70.95 72.37
2006.00 39.65 41.02 42.40 43.77 45.15 46.52 47.90 49.27 50.65 52.02 53.40 54.77 56.15 57.52 58.90 60.27 61.65 63.02 64.40 65.77 67.15 68.52 69.90
2007.00 38.25 39.58 40.91 42.25 43.58 44.91 46.25 47.58 48.91 50.25 51.58 52.92 54.25 55.58 56.92 58.25 59.58 60.92 62.25 63.58 64.92 66.25 67.58
2008.00 35.84 37.08 38.32 39.56 40.80 42.04 43.28 44.52 45.76 47.00 48.24 49.48 50.72 51.96 53.20 54.44 55.68 56.92 58.16 59.40 60.64 61.88 63.12
2009.00 34.84 36.01 37.19 38.36 39.54 40.71 41.89 43.06 44.24 45.41 46.59 47.77 48.94 50.12 51.29 52.47 53.64 54.82 55.99 57.17 58.34 59.52 60.69
2010.00 31.96 33.02 34.08 35.15 36.21 37.27 38.33 39.39 40.45 41.52 42.58 43.64 44.70 45.76 46.83 47.89 48.95 50.01 51.07 52.13 53.20 54.26 55.32
2011.00 31.39 32.42 33.44 34.47 35.50 36.53 37.56 38.59 39.62 40.65 41.67 42.70 43.73 44.76 45.79 46.82 47.85 48.87 49.90 50.93 51.96 52.99 54.02
2012.00 30.27 31.27 32.26 33.26 34.25 35.25 36.24 37.23 38.23 39.22 40.22 41.21 42.21 43.20 44.20 45.19 46.19 47.18 48.18 49.17 50.17 51.16 52.15
2013.00 29.58 30.53 31.49 32.45 33.40 34.36 35.32 36.28 37.23 38.19 39.15 40.10 41.06 42.02 42.97 43.93 44.89 45.84 46.80 47.76 48.72 49.67 50.63
2014.00 28.28 29.19 30.11 31.02 31.94 32.85 33.76 34.68 35.59 36.50 37.42 38.33 39.25 40.16 41.07 41.99 42.90 43.82 44.73 45.64 46.56 47.47 48.38
2015.00 28.27 29.18 30.09 30.99 31.90 32.81 33.71 34.62 35.53 36.43 37.34 38.25 39.15 40.06 40.97 41.87 42.78 43.69 44.59 45.50 46.40 47.31 48.22
2016.00 27.73 28.61 29.49 30.37 31.25 32.14 33.02 33.90 34.78 35.67 36.55 37.43 38.31 39.20 40.08 40.96 41.84 42.72 43.61 44.49 45.37 46.25 47.14
2017.00 27.63 28.48 29.34 30.20 31.05 31.91 32.76 33.62 34.48 35.33 36.19 37.05 37.90 38.76 39.62 40.47 41.33 42.18 43.04 43.90 44.75 45.61 46.47
2018.00 1.84 1.84 1.84 1.84 1.84 1.84 1.84 1.84 1.84 1.84 1.84 1.84 1.84 1.84 1.84 1.84 1.84 1.84 1.84 1.84 1.84 1.84 1.84
2019.00 3.01 3.01 3.01 3.01 3.01 3.01 3.01 3.01 3.01 3.01 3.01 3.01 3.01 3.01 3.01 3.01 3.01 3.01 3.01 3.01 3.01 3.01 3.01
2020.00 2.80 2.80 2.80 2.80 2.80 2.80 2.80 2.80 2.80 2.80 2.80 2.80 2.80 2.80 2.80 2.80 2.80 2.80 2.80 2.80 2.80 2.80 2.80
2021.00 3.41 3.41 3.41 3.41 3.41 3.41 3.41 3.41 3.41 3.41 3.41 3.41 3.41 3.41 3.41 3.41 3.41 3.41 3.41 3.41 3.41 3.41 3.41
2022.00 3.26 3.26 3.26 3.26 3.26 3.26 3.26 3.26 3.26 3.26 3.26 3.26 3.26 3.26 3.26 3.26 3.26 3.26 3.26 3.26 3.26 3.26 3.26
2023.00 3.13 3.13 3.13 3.13 3.13 3.13 3.13 3.13 3.13 3.13 3.13 3.13 3.13 3.13 3.13 3.13 3.13 3.13 3.13 3.13 3.13 3.13 3.13
2024.00 2.69 2.69 2.69 2.69 2.69 2.69 2.69 2.69 2.69 2.69 2.69 2.69 2.69 2.69 2.69 2.69 2.69 2.69 2.69 2.69 2.69 2.69 2.69
2025.00 2.63 2.63 2.63 2.63 2.63 2.63 2.63 2.63 2.63 2.63 2.63 2.63 2.63 2.63 2.63 2.63 2.63 2.63 2.63 2.63 2.63 2.63 2.63
2026.00 2.53 2.53 2.53 2.53 2.53 2.53 2.53 2.53 2.53 2.53 2.53 2.53 2.53 2.53 2.53 2.53 2.53 2.53 2.53 2.53 2.53 2.53 2.53
2027.00 3.35 3.35 3.35 3.35 3.35 3.35 3.35 3.35 3.35 3.35 3.35 3.35 3.35 3.35 3.35 3.35 3.35 3.35 3.35 3.35 3.35 3.35 3.35
2028.00 3.17 3.17 3.17 3.17 3.17 3.17 3.17 3.17 3.17 3.17 3.17 3.17 3.17 3.17 3.17 3.17 3.17 3.17 3.17 3.17 3.17 3.17 3.17
2029.00 3.31 3.31 3.31 3.31 3.31 3.31 3.31 3.31 3.31 3.31 3.31 3.31 3.31 3.31 3.31 3.31 3.31 3.31 3.31 3.31 3.31 3.31 3.31
2030.00 3.27 3.27 3.27 3.27 3.27 3.27 3.27 3.27 3.27 3.27 3.27 3.27 3.27 3.27 3.27 3.27 3.27 3.27 3.27 3.27 3.27 3.27 3.27
2031.00 3.29 3.29 3.29 3.29 3.29 3.29 3.29 3.29 3.29 3.29 3.29 3.29 3.29 3.29 3.29 3.29 3.29 3.29 3.29 3.29 3.29 3.29 3.29
2032.00 2.92 2.92 2.92 2.92 2.92 2.92 2.92 2.92 2.92 2.92 2.92 2.92 2.92 2.92 2.92 2.92 2.92 2.92 2.92 2.92 2.92 2.92 2.92
2033.00 3.00 3.00 3.00 3.00 3.00 3.00 3.00 3.00 3.00 3.00 3.00 3.00 3.00 3.00 3.00 3.00 3.00 3.00 3.00 3.00 3.00 3.00 3.00
2034.00 2.44 2.44 2.44 2.44 2.44 2.44 2.44 2.44 2.44 2.44 2.44 2.44 2.44 2.44 2.44 2.44 2.44 2.44 2.44 2.44 2.44 2.44 2.44
2035.00 2.60 2.60 2.60 2.60 2.60 2.60 2.60 2.60 2.60 2.60 2.60 2.60 2.60 2.60 2.60 2.60 2.60 2.60 2.60 2.60 2.60 2.60 2.60
2036.00 2.32 2.32 2.32 2.32 2.32 2.32 2.32 2.32 2.32 2.32 2.32 2.32 2.32 2.32 2.32 2.32 2.32 2.32 2.32 2.32 2.32 2.32 2.32
2037.00 2.52 2.52 2.52 2.52 2.52 2.52 2.52 2.52 2.52 2.52 2.52 2.52 2.52 2.52 2.52 2.52 2.52 2.52 2.52 2.52 2.52 2.52 2.52
2038.00 2.39 2.39 2.39 2.39 2.39 2.39 2.39 2.39 2.39 2.39 2.39 2.39 2.39 2.39 2.39 2.39 2.39 2.39 2.39 2.39 2.39 2.39 2.39
2039.00 2.45 2.45 2.45 2.45 2.45 2.45 2.45 2.45 2.45 2.45 2.45 2.45 2.45 2.45 2.45 2.45 2.45 2.45 2.45 2.45 2.45 2.45 2.45
2040.00 2.34 2.34 2.34 2.34 2.34 2.34 2.34 2.34 2.34 2.34 2.34 2.34 2.34 2.34 2.34 2.34 2.34 2.34 2.34 2.34 2.34 2.34 2.34
2041.00 2.68 2.68 2.68 2.68 2.68 2.68 2.68 2.68 2.68 2.68 2.68 2.68 2.68 2.68 2.68 2.68 2.68 2.68 2.68 2.68 2.68 2.68 2.68
2042.00 2.59 2.59 2.59 2.59 2.59 2.59 2.59 2.59 2.59 2.59 2.59 2.59 2.59 2.59 2.59 2.59 2.59 2.59 2.59 2.59 2.59 2.59 2.59
2043.00 2.87 2.87 2.87 2.87 2.87 2.87 2.87 2.87 2.87 2.87 2.87 2.87 2.87 2.87 2.87 2.87 2.87 2.87 2.87 2.87 2.87 2.87 2.87
2044.00 2.70 2.70 2.70 2.70 2.70 2.70 2.70 2.70 2.70 2.70 2.70 2.70 2.70 2.70 2.70 2.70 2.70 2.70 2.70 2.70 2.70 2.70 2.70
2045.00 2.84 2.84 2.84 2.84 2.84 2.84 2.84 2.84 2.84 2.84 2.84 2.84 2.84 2.84 2.84 2.84 2.84 2.84 2.84 2.84 2.84 2.84 2.84
2046.00 2.62 2.62 2.62 2.62 2.62 2.62 2.62 2.62 2.62 2.62 2.62 2.62 2.62 2.62 2.62 2.62 2.62 2.62 2.62 2.62 2.62 2.62 2.62
2047.00 2.69 2.69 2.69 2.69 2.69 2.69 2.69 2.69 2.69 2.69 2.69 2.69 2.69 2.69 2.69 2.69 2.69 2.69 2.69 2.69 2.69 2.69 2.69
2048.00 2.41 2.41 2.41 2.41 2.41 2.41 2.41 2.41 2.41 2.41 2.41 2.41 2.41 2.41 2.41 2.41 2.41 2.41 2.41 2.41 2.41 2.41 2.41
2049.00 2.65 2.65 2.65 2.65 2.65 2.65 2.65 2.65 2.65 2.65 2.65 2.65 2.65 2.65 2.65 2.65 2.65 2.65 2.65 2.65 2.65 2.65 2.65
2050.00 2.39 2.39 2.39 2.39 2.39 2.39 2.39 2.39 2.39 2.39 2.39 2.39 2.39 2.39 2.39 2.39 2.39 2.39 2.39 2.39 2.39 2.39 2.39
2051.00 2.61 2.61 2.61 2.61 2.61 2.61 2.61 2.61 2.61 2.61 2.61 2.61 2.61 2.61 2.61 2.61 2.61 2.61 2.61 2.61 2.61 2.61 2.61
2052.00 2.55 2.55 2.55 2.55 2.55 2.55 2.55 2.55 2.55 2.55 2.55 2.55 2.55 2.55 2.55 2.55 2.55 2.55 2.55 2.55 2.55 2.55 2.55
2053.00 2.85 2.85 2.85 2.85 2.85 2.85 2.85 2.85 2.85 2.85 2.85 2.85 2.85 2.85 2.85 2.85 2.85 2.85 2.85 2.85 2.85 2.85 2.85
2054.00 2.67 2.67 2.67 2.67 2.67 2.67 2.67 2.67 2.67 2.67 2.67 2.67 2.67 2.67 2.67 2.67 2.67 2.67 2.67 2.67 2.67 2.67 2.67
2055.00 2.88 2.88 2.88 2.88 2.88 2.88 2.88 2.88 2.88 2.88 2.88 2.88 2.88 2.88 2.88 2.88 2.88 2.88 2.88 2.88 2.88 2.88 2.88
2056.00 2.70 2.70 2.70 2.70 2.70 2.70 2.70 2.70 2.70 2.70 2.70 2.70 2.70 2.70 2.70 2.70 2.70 2.70 2.70 2.70 2.70 2.70 2.70
2057.00 2.72 2.72 2.72 2.72 2.72 2.72 2.72 2.72 2.72 2.72 2.72 2.72 2.72 2.72 2.72 2.72 2.72 2.72 2.72 2.72 2.72 2.72 2.72
2058.00 2.43 2.43 2.43 2.43 2.43 2.43 2.43 2.43 2.43 2.43 2.43 2.43 2.43 2.43 2.43 2.43 2.43 2.43 2.43 2.43 2.43 2.43 2.43
2059.00 2.58 2.58 2.58 2.58 2.58 2.58 2.58 2.58 2.58 2.58 2.58 2.58 2.58 2.58 2.58 2.58 2.58 2.58 2.58 2.58 2.58 2.58 2.58
2060.00 2.34 2.34 2.34 2.34 2.34 2.34 2.34 2.34 2.34 2.34 2.34 2.34 2.34 2.34 2.34 2.34 2.34 2.34 2.34 2.34 2.34 2.34 2.34
2061.00 2.55 2.55 2.55 2.55 2.55 2.55 2.55 2.55 2.55 2.55 2.55 2.55 2.55 2.55 2.55 2.55 2.55 2.55 2.55 2.55 2.55 2.55 2.55
2062.00 2.35 2.35 2.35 2.35 2.35 2.35 2.35 2.35 2.35 2.35 2.35 2.35 2.35 2.35 2.35 2.35 2.35 2.35 2.35 2.35 2.35 2.35 2.35
2063.00 2.51 2.51 2.51 2.51 2.51 2.51 2.51 2.51 2.51 2.51 2.51 2.51 2.51 2.51 2.51 2.51 2.51 2.51 2.51 2.51 2.51 2.51 2.51
2064.00 2.52 2.52 2.52 2.52 2.52 2.52 2.52 2.52 2.52 2.52 2.52 2.52 2.52 2.52 2.52 2.52 2.52 2.52 2.52 2.52 2.52 2.52 2.52
2065.00 2.76 2.76 2.76 2.76 2.76 2.76 2.76 2.76 2.76 2.76 2.76 2.76 2.76 2.76 2.76 2.76 2.76 2.76 2.76 2.76 2.76 2.76 2.76
