# yearspad, alpred
# [0.6  0.62 0.64 0.66 0.68 0.7  0.72 0.74 0.76 0.78 0.8  0.82 0.84 0.86
#  0.88 0.9  0.92 0.94 0.96 0.98 1.   1.02 1.04]
1922.00 -0.95 -0.95 -0.95 -0.95 -0.95 -0.95 -0.95 -0.95 -0.95 -0.95 -0.95 -0.95 -0.95 -0.95 -0.95 -0.95 -0.95 -0.95 -0.95 -0.95 -0.95 -0.95 -0.95
1923.00 -1.08 -1.08 -1.08 -1.08 -1.08 -1.08 -1.08 -1.08 -1.08 -1.08 -1.08 -1.08 -1.08 -1.08 -1.08 -1.08 -1.08 -1.08 -1.08 -1.08 -1.08 -1.08 -1.08
1924.00 -1.09 -1.09 -1.09 -1.09 -1.09 -1.09 -1.09 -1.09 -1.09 -1.09 -1.09 -1.09 -1.09 -1.09 -1.09 -1.09 -1.09 -1.09 -1.09 -1.09 -1.09 -1.09 -1.09
1925.00 -0.85 -0.85 -0.85 -0.85 -0.85 -0.85 -0.85 -0.85 -0.85 -0.85 -0.85 -0.85 -0.85 -0.85 -0.85 -0.85 -0.85 -0.85 -0.85 -0.85 -0.85 -0.85 -0.85
1926.00 -1.43 -1.43 -1.43 -1.43 -1.43 -1.43 -1.43 -1.43 -1.43 -1.43 -1.43 -1.43 -1.43 -1.43 -1.43 -1.43 -1.43 -1.43 -1.43 -1.43 -1.43 -1.43 -1.43
1927.00 -2.52 -2.52 -2.52 -2.52 -2.52 -2.52 -2.52 -2.52 -2.52 -2.52 -2.52 -2.52 -2.52 -2.52 -2.52 -2.52 -2.52 -2.52 -2.52 -2.52 -2.52 -2.52 -2.52
1928.00 -2.43 -2.43 -2.43 -2.43 -2.43 -2.43 -2.43 -2.43 -2.43 -2.43 -2.43 -2.43 -2.43 -2.43 -2.43 -2.43 -2.43 -2.43 -2.43 -2.43 -2.43 -2.43 -2.43
1929.00 -2.90 -2.90 -2.90 -2.90 -2.90 -2.90 -2.90 -2.90 -2.90 -2.90 -2.90 -2.90 -2.90 -2.90 -2.90 -2.90 -2.90 -2.90 -2.90 -2.90 -2.90 -2.90 -2.90
1930.00 -3.50 -3.50 -3.50 -3.50 -3.50 -3.50 -3.50 -3.50 -3.50 -3.50 -3.50 -3.50 -3.50 -3.50 -3.50 -3.50 -3.50 -3.50 -3.50 -3.50 -3.50 -3.50 -3.50
1931.00 -3.72 -3.72 -3.72 -3.72 -3.72 -3.72 -3.72 -3.72 -3.72 -3.72 -3.72 -3.72 -3.72 -3.72 -3.72 -3.72 -3.72 -3.72 -3.72 -3.72 -3.72 -3.72 -3.72
1932.00 -3.59 -3.59 -3.59 -3.59 -3.59 -3.59 -3.59 -3.59 -3.59 -3.59 -3.59 -3.59 -3.59 -3.59 -3.59 -3.59 -3.59 -3.59 -3.59 -3.59 -3.59 -3.59 -3.59
1933.00 -4.35 -4.35 -4.35 -4.35 -4.35 -4.35 -4.35 -4.35 -4.35 -4.35 -4.35 -4.35 -4.35 -4.35 -4.35 -4.35 -4.35 -4.35 -4.35 -4.35 -4.35 -4.35 -4.35
1934.00 -4.01 -4.01 -4.01 -4.01 -4.01 -4.01 -4.01 -4.01 -4.01 -4.01 -4.01 -4.01 -4.01 -4.01 -4.01 -4.01 -4.01 -4.01 -4.01 -4.01 -4.01 -4.01 -4.01
1935.00 -2.93 -2.93 -2.93 -2.93 -2.93 -2.93 -2.93 -2.93 -2.93 -2.93 -2.93 -2.93 -2.93 -2.93 -2.93 -2.93 -2.93 -2.93 -2.93 -2.93 -2.93 -2.93 -2.93
1936.00 -2.49 -2.49 -2.49 -2.49 -2.49 -2.49 -2.49 -2.49 -2.49 -2.49 -2.49 -2.49 -2.49 -2.49 -2.49 -2.49 -2.49 -2.49 -2.49 -2.49 -2.49 -2.49 -2.49
1937.00 -2.24 -2.24 -2.24 -2.24 -2.24 -2.24 -2.24 -2.24 -2.24 -2.24 -2.24 -2.24 -2.24 -2.24 -2.24 -2.24 -2.24 -2.24 -2.24 -2.24 -2.24 -2.24 -2.24
1938.00 -1.82 -1.82 -1.82 -1.82 -1.82 -1.82 -1.82 -1.82 -1.82 -1.82 -1.82 -1.82 -1.82 -1.82 -1.82 -1.82 -1.82 -1.82 -1.82 -1.82 -1.82 -1.82 -1.82
1939.00 -0.83 -0.83 -0.83 -0.83 -0.83 -0.83 -0.83 -0.83 -0.83 -0.83 -0.83 -0.83 -0.83 -0.83 -0.83 -0.83 -0.83 -0.83 -0.83 -0.83 -0.83 -0.83 -0.83
1940.00 0.01 0.01 0.01 0.01 0.01 0.01 0.01 0.01 0.01 0.01 0.01 0.01 0.01 0.01 0.01 0.01 0.01 0.01 0.01 0.01 0.01 0.01 0.01
1941.00 0.55 0.55 0.55 0.55 0.55 0.55 0.55 0.55 0.55 0.55 0.55 0.55 0.55 0.55 0.55 0.55 0.55 0.55 0.55 0.55 0.55 0.55 0.55
1942.00 2.59 2.59 2.59 2.59 2.59 2.59 2.59 2.59 2.59 2.59 2.59 2.59 2.59 2.59 2.59 2.59 2.59 2.59 2.59 2.59 2.59 2.59 2.59
1943.00 2.58 2.58 2.58 2.58 2.58 2.58 2.58 2.58 2.58 2.58 2.58 2.58 2.58 2.58 2.58 2.58 2.58 2.58 2.58 2.58 2.58 2.58 2.58
1944.00 3.09 3.09 3.09 3.09 3.09 3.09 3.09 3.09 3.09 3.09 3.09 3.09 3.09 3.09 3.09 3.09 3.09 3.09 3.09 3.09 3.09 3.09 3.09
1945.00 3.43 3.43 3.43 3.43 3.43 3.43 3.43 3.43 3.43 3.43 3.43 3.43 3.43 3.43 3.43 3.43 3.43 3.43 3.43 3.43 3.43 3.43 3.43
1946.00 5.30 5.30 5.30 5.30 5.30 5.30 5.30 5.30 5.30 5.30 5.30 5.30 5.30 5.30 5.30 5.30 5.30 5.30 5.30 5.30 5.30 5.30 5.30
1947.00 5.39 5.39 5.39 5.39 5.39 5.39 5.39 5.39 5.39 5.39 5.39 5.39 5.39 5.39 5.39 5.39 5.39 5.39 5.39 5.39 5.39 5.39 5.39
1948.00 5.96 5.96 5.96 5.96 5.96 5.96 5.96 5.96 5.96 5.96 5.96 5.96 5.96 5.96 5.96 5.96 5.96 5.96 5.96 5.96 5.96 5.96 5.96
1949.00 6.74 6.74 6.74 6.74 6.74 6.74 6.74 6.74 6.74 6.74 6.74 6.74 6.74 6.74 6.74 6.74 6.74 6.74 6.74 6.74 6.74 6.74 6.74
1950.00 6.75 6.75 6.75 6.75 6.75 6.75 6.75 6.75 6.75 6.75 6.75 6.75 6.75 6.75 6.75 6.75 6.75 6.75 6.75 6.75 6.75 6.75 6.75
1951.00 5.90 5.90 5.90 5.90 5.90 5.90 5.90 5.90 5.90 5.90 5.90 5.90 5.90 5.90 5.90 5.90 5.90 5.90 5.90 5.90 5.90 5.90 5.90
1952.00 6.43 6.43 6.43 6.43 6.43 6.43 6.43 6.43 6.43 6.43 6.43 6.43 6.43 6.43 6.43 6.43 6.43 6.43 6.43 6.43 6.43 6.43 6.43
1953.00 8.00 8.00 8.00 8.00 8.00 8.00 8.00 8.00 8.00 8.00 8.00 8.00 8.00 8.00 8.00 8.00 8.00 8.00 8.00 8.00 8.00 8.00 8.00
1954.00 6.56 6.56 6.56 6.56 6.56 6.56 6.56 6.56 6.56 6.56 6.56 6.56 6.56 6.56 6.56 6.56 6.56 6.56 6.56 6.56 6.56 6.56 6.56
1955.00 6.26 6.26 6.26 6.26 6.26 6.26 6.26 6.26 6.26 6.26 6.26 6.26 6.26 6.26 6.26 6.26 6.26 6.26 6.26 6.26 6.26 6.26 6.26
1956.00 6.98 6.98 6.98 6.98 6.98 6.98 6.98 6.98 6.98 6.98 6.98 6.98 6.98 6.98 6.98 6.98 6.98 6.98 6.98 6.98 6.98 6.98 6.98
1957.00 7.49 7.49 7.49 7.49 7.49 7.49 7.49 7.49 7.49 7.49 7.49 7.49 7.49 7.49 7.49 7.49 7.49 7.49 7.49 7.49 7.49 7.49 7.49
1958.00 7.01 7.01 7.01 7.01 7.01 7.01 7.01 7.01 7.01 7.01 7.01 7.01 7.01 7.01 7.01 7.01 7.01 7.01 7.01 7.01 7.01 7.01 7.01
1959.00 8.58 8.58 8.58 8.58 8.58 8.58 8.58 8.58 8.58 8.58 8.58 8.58 8.58 8.58 8.58 8.58 8.58 8.58 8.58 8.58 8.58 8.58 8.58
1960.00 8.73 8.73 8.73 8.73 8.73 8.73 8.73 8.73 8.73 8.73 8.73 8.73 8.73 8.73 8.73 8.73 8.73 8.73 8.73 8.73 8.73 8.73 8.73
1961.00 8.21 8.21 8.21 8.21 8.21 8.21 8.21 8.21 8.21 8.21 8.21 8.21 8.21 8.21 8.21 8.21 8.21 8.21 8.21 8.21 8.21 8.21 8.21
1962.00 9.32 9.32 9.32 9.32 9.32 9.32 9.32 9.32 9.32 9.32 9.32 9.32 9.32 9.32 9.32 9.32 9.32 9.32 9.32 9.32 9.32 9.32 9.32
1963.00 10.49 10.49 10.49 10.49 10.49 10.49 10.49 10.49 10.49 10.49 10.49 10.49 10.49 10.49 10.49 10.49 10.49 10.49 10.49 10.49 10.49 10.49 10.49
1964.00 10.66 10.66 10.66 10.66 10.66 10.66 10.66 10.66 10.66 10.66 10.66 10.66 10.66 10.66 10.66 10.66 10.66 10.66 10.66 10.66 10.66 10.66 10.66
1965.00 10.51 10.51 10.51 10.51 10.51 10.51 10.51 10.51 10.51 10.51 10.51 10.51 10.51 10.51 10.51 10.51 10.51 10.51 10.51 10.51 10.51 10.51 10.51
1966.00 10.67 10.67 10.67 10.67 10.67 10.67 10.67 10.67 10.67 10.67 10.67 10.67 10.67 10.67 10.67 10.67 10.67 10.67 10.67 10.67 10.67 10.67 10.67
1967.00 9.96 9.96 9.96 9.96 9.96 9.96 9.96 9.96 9.96 9.96 9.96 9.96 9.96 9.96 9.96 9.96 9.96 9.96 9.96 9.96 9.96 9.96 9.96
1968.00 10.63 10.63 10.63 10.63 10.63 10.63 10.63 10.63 10.63 10.63 10.63 10.63 10.63 10.63 10.63 10.63 10.63 10.63 10.63 10.63 10.63 10.63 10.63
1969.00 10.84 10.84 10.84 10.84 10.84 10.84 10.84 10.84 10.84 10.84 10.84 10.84 10.84 10.84 10.84 10.84 10.84 10.84 10.84 10.84 10.84 10.84 10.84
1970.00 132.15 132.15 132.15 132.15 132.15 132.15 132.15 132.15 132.15 132.15 132.15 132.15 132.15 132.15 132.15 132.15 132.15 132.15 132.15 132.15 132.15 132.15 132.15
1971.00 131.80 131.80 131.80 131.80 131.80 131.80 131.80 131.80 131.80 131.80 131.80 131.80 131.80 131.80 131.80 131.80 131.80 131.80 131.80 131.80 131.80 131.80 131.80
1972.00 139.92 139.92 139.92 139.92 139.92 139.92 139.92 139.92 139.92 139.92 139.92 139.92 139.92 139.92 139.92 139.92 139.92 139.92 139.92 139.92 139.92 139.92 139.92
1973.00 141.25 141.25 141.25 141.25 141.25 141.25 141.25 141.25 141.25 141.25 141.25 141.25 141.25 141.25 141.25 141.25 141.25 141.25 141.25 141.25 141.25 141.25 141.25
1974.00 145.96 145.96 145.96 145.96 145.96 145.96 145.96 145.96 145.96 145.96 145.96 145.96 145.96 145.96 145.96 145.96 145.96 145.96 145.96 145.96 145.96 145.96 145.96
1975.00 160.47 160.47 160.47 160.47 160.47 160.47 160.47 160.47 160.47 160.47 160.47 160.47 160.47 160.47 160.47 160.47 160.47 160.47 160.47 160.47 160.47 160.47 160.47
1976.00 161.51 161.51 161.51 161.51 161.51 161.51 161.51 161.51 161.51 161.51 161.51 161.51 161.51 161.51 161.51 161.51 161.51 161.51 161.51 161.51 161.51 161.51 161.51
1977.00 160.46 160.46 160.46 160.46 160.46 160.46 160.46 160.46 160.46 160.46 160.46 160.46 160.46 160.46 160.46 160.46 160.46 160.46 160.46 160.46 160.46 160.46 160.46
1978.00 160.43 160.43 160.43 160.43 160.43 160.43 160.43 160.43 160.43 160.43 160.43 160.43 160.43 160.43 160.43 160.43 160.43 160.43 160.43 160.43 160.43 160.43 160.43
1979.00 168.30 168.30 168.30 168.30 168.30 168.30 168.30 168.30 168.30 168.30 168.30 168.30 168.30 168.30 168.30 168.30 168.30 168.30 168.30 168.30 168.30 168.30 168.30
1980.00 158.33 158.33 158.33 158.33 158.33 158.33 158.33 158.33 158.33 158.33 158.33 158.33 158.33 158.33 158.33 158.33 158.33 158.33 158.33 158.33 158.33 158.33 158.33
1981.00 163.00 163.00 163.00 163.00 163.00 163.00 163.00 163.00 163.00 163.00 163.00 163.00 163.00 163.00 163.00 163.00 163.00 163.00 163.00 163.00 163.00 163.00 163.00
1982.00 157.55 157.55 157.55 157.55 157.55 157.55 157.55 157.55 157.55 157.55 157.55 157.55 157.55 157.55 157.55 157.55 157.55 157.55 157.55 157.55 157.55 157.55 157.55
1983.00 141.29 141.29 141.29 141.29 141.29 141.29 141.29 141.29 141.29 141.29 141.29 141.29 141.29 141.29 141.29 141.29 141.29 141.29 141.29 141.29 141.29 141.29 141.29
1984.00 128.99 128.99 128.99 128.99 128.99 128.99 128.99 128.99 128.99 128.99 128.99 128.99 128.99 128.99 128.99 128.99 128.99 128.99 128.99 128.99 128.99 128.99 128.99
1985.00 125.74 125.74 125.74 125.74 125.74 125.74 125.74 125.74 125.74 125.74 125.74 125.74 125.74 125.74 125.74 125.74 125.74 125.74 125.74 125.74 125.74 125.74 125.74
1986.00 124.60 124.60 124.60 124.60 124.60 124.60 124.60 124.60 124.60 124.60 124.60 124.60 124.60 124.60 124.60 124.60 124.60 124.60 124.60 124.60 124.60 124.60 124.60
1987.00 110.55 110.55 110.55 110.55 110.55 110.55 110.55 110.55 110.55 110.55 110.55 110.55 110.55 110.55 110.55 110.55 110.55 110.55 110.55 110.55 110.55 110.55 110.55
1988.00 61.91 64.11 66.32 68.53 70.74 72.95 75.16 77.37 79.58 81.79 83.99 86.20 88.41 90.62 92.83 95.04 97.25 99.46 101.66 103.87 106.08 108.29 110.50
1989.00 57.96 60.09 62.22 64.36 66.49 68.62 70.75 72.88 75.01 77.14 79.27 81.40 83.53 85.67 87.80 89.93 92.06 94.19 96.32 98.45 100.58 102.71 104.84
1990.00 55.08 57.12 59.17 61.22 63.27 65.32 67.37 69.42 71.47 73.52 75.57 77.62 79.67 81.72 83.77 85.81 87.86 89.91 91.96 94.01 96.06 98.11 100.16
1991.00 53.98 55.98 57.98 59.98 61.98 63.97 65.97 67.97 69.97 71.97 73.97 75.97 77.96 79.96 81.96 83.96 85.96 87.96 89.96 91.96 93.95 95.95 97.95
1992.00 54.22 56.20 58.17 60.14 62.12 64.09 66.07 68.04 70.01 71.99 73.96 75.94 77.91 79.88 81.86 83.83 85.81 87.78 89.75 91.73 93.70 95.68 97.65
1993.00 52.39 54.34 56.28 58.23 60.17 62.12 64.06 66.01 67.95 69.90 71.84 73.79 75.73 77.68 79.62 81.57 83.51 85.46 87.40 89.35 91.29 93.24 95.18
1994.00 51.59 53.50 55.41 57.33 59.24 61.16 63.07 64.99 66.90 68.82 70.73 72.64 74.56 76.47 78.39 80.30 82.22 84.13 86.05 87.96 89.87 91.79 93.70
1995.00 51.63 53.54 55.45 57.36 59.28 61.19 63.10 65.01 66.92 68.83 70.74 72.65 74.57 76.48 78.39 80.30 82.21 84.12 86.03 87.94 89.85 91.77 93.68
1996.00 49.85 51.72 53.59 55.46 57.33 59.21 61.08 62.95 64.82 66.69 68.57 70.44 72.31 74.18 76.05 77.92 79.80 81.67 83.54 85.41 87.28 89.16 91.03
1997.00 50.09 51.95 53.82 55.68 57.54 59.40 61.27 63.13 64.99 66.86 68.72 70.58 72.44 74.31 76.17 78.03 79.90 81.76 83.62 85.48 87.35 89.21 91.07
1998.00 49.22 51.06 52.89 54.73 56.57 58.41 60.24 62.08 63.92 65.75 67.59 69.43 71.26 73.10 74.94 76.78 78.61 80.45 82.29 84.12 85.96 87.80 89.63
1999.00 46.16 47.94 49.71 51.48 53.25 55.03 56.80 58.57 60.34 62.11 63.89 65.66 67.43 69.20 70.97 72.75 74.52 76.29 78.06 79.83 81.61 83.38 85.15
2000.00 42.34 44.01 45.68 47.36 49.03 50.70 52.38 54.05 55.72 57.40 59.07 60.74 62.42 64.09 65.76 67.44 69.11 70.78 72.46 74.13 75.80 77.48 79.15
2001.00 41.52 43.13 44.75 46.36 47.97 49.59 51.20 52.82 54.43 56.04 57.66 59.27 60.89 62.50 64.11 65.73 67.34 68.96 70.57 72.18 73.80 75.41 77.03
2002.00 39.90 41.48 43.05 44.63 46.21 47.79 49.37 50.95 52.52 54.10 55.68 57.26 58.84 60.42 61.99 63.57 65.15 66.73 68.31 69.89 71.47 73.04 74.62
2003.00 38.45 39.99 41.53 43.08 44.62 46.16 47.70 49.24 50.78 52.32 53.86 55.41 56.95 58.49 60.03 61.57 63.11 64.65 66.19 67.74 69.28 70.82 72.36
2004.00 36.68 38.14 39.61 41.07 42.54 44.01 45.47 46.94 48.40 49.87 51.33 52.80 54.26 55.73 57.19 58.66 60.12 61.59 63.06 64.52 65.99 67.45 68.92
2005.00 35.28 36.71 38.14 39.57 40.99 42.42 43.85 45.28 46.71 48.13 49.56 50.99 52.42 53.84 55.27 56.70 58.13 59.55 60.98 62.41 63.84 65.26 66.69
2006.00 33.56 34.95 36.33 37.72 39.11 40.50 41.89 43.27 44.66 46.05 47.44 48.83 50.22 51.60 52.99 54.38 55.77 57.16 58.55 59.93 61.32 62.71 64.10
2007.00 33.20 34.54 35.89 37.23 38.58 39.92 41.27 42.61 43.95 45.30 46.64 47.99 49.33 50.68 52.02 53.37 54.71 56.06 57.40 58.75 60.09 61.43 62.78
2008.00 32.01 33.26 34.52 35.77 37.02 38.28 39.53 40.78 42.04 43.29 44.54 45.80 47.05 48.30 49.56 50.81 52.06 53.32 54.57 55.82 57.08 58.33 59.58
2009.00 28.71 29.90 31.09 32.28 33.47 34.66 35.85 37.04 38.23 39.42 40.61 41.80 43.00 44.19 45.38 46.57 47.76 48.95 50.14 51.33 52.52 53.71 54.90
2010.00 25.19 26.27 27.35 28.43 29.51 30.59 31.68 32.76 33.84 34.92 36.00 37.08 38.16 39.24 40.32 41.40 42.48 43.56 44.64 45.72 46.81 47.89 48.97
2011.00 24.22 25.26 26.30 27.35 28.39 29.44 30.48 31.52 32.57 33.61 34.65 35.70 36.74 37.78 38.83 39.87 40.91 41.96 43.00 44.04 45.09 46.13 47.18
2012.00 23.89 24.90 25.92 26.93 27.94 28.95 29.96 30.98 31.99 33.00 34.01 35.02 36.04 37.05 38.06 39.07 40.09 41.10 42.11 43.12 44.13 45.15 46.16
2013.00 21.44 22.41 23.39 24.36 25.33 26.31 27.28 28.26 29.23 30.20 31.18 32.15 33.12 34.10 35.07 36.05 37.02 37.99 38.97 39.94 40.92 41.89 42.86
2014.00 20.97 21.90 22.83 23.76 24.69 25.62 26.55 27.48 28.41 29.34 30.27 31.20 32.13 33.06 34.00 34.93 35.86 36.79 37.72 38.65 39.58 40.51 41.44
2015.00 20.02 20.95 21.87 22.79 23.71 24.63 25.56 26.48 27.40 28.32 29.24 30.17 31.09 32.01 32.93 33.85 34.78 35.70 36.62 37.54 38.46 39.39 40.31
2016.00 18.45 19.35 20.25 21.14 22.04 22.94 23.84 24.74 25.64 26.54 27.43 28.33 29.23 30.13 31.03 31.93 32.83 33.72 34.62 35.52 36.42 37.32 38.22
2017.00 16.87 17.74 18.61 19.48 20.34 21.21 22.08 22.95 23.82 24.69 25.55 26.42 27.29 28.16 29.03 29.90 30.76 31.63 32.50 33.37 34.24 35.11 35.97
2018.00 -8.84 -8.84 -8.84 -8.84 -8.84 -8.84 -8.84 -8.84 -8.84 -8.84 -8.84 -8.84 -8.84 -8.84 -8.84 -8.84 -8.84 -8.84 -8.84 -8.84 -8.84 -8.84 -8.84
2019.00 -8.59 -8.59 -8.59 -8.59 -8.59 -8.59 -8.59 -8.59 -8.59 -8.59 -8.59 -8.59 -8.59 -8.59 -8.59 -8.59 -8.59 -8.59 -8.59 -8.59 -8.59 -8.59 -8.59
2020.00 -9.41 -9.41 -9.41 -9.41 -9.41 -9.41 -9.41 -9.41 -9.41 -9.41 -9.41 -9.41 -9.41 -9.41 -9.41 -9.41 -9.41 -9.41 -9.41 -9.41 -9.41 -9.41 -9.41
2021.00 -9.47 -9.47 -9.47 -9.47 -9.47 -9.47 -9.47 -9.47 -9.47 -9.47 -9.47 -9.47 -9.47 -9.47 -9.47 -9.47 -9.47 -9.47 -9.47 -9.47 -9.47 -9.47 -9.47
2022.00 -9.40 -9.40 -9.40 -9.40 -9.40 -9.40 -9.40 -9.40 -9.40 -9.40 -9.40 -9.40 -9.40 -9.40 -9.40 -9.40 -9.40 -9.40 -9.40 -9.40 -9.40 -9.40 -9.40
2023.00 -9.63 -9.63 -9.63 -9.63 -9.63 -9.63 -9.63 -9.63 -9.63 -9.63 -9.63 -9.63 -9.63 -9.63 -9.63 -9.63 -9.63 -9.63 -9.63 -9.63 -9.63 -9.63 -9.63
2024.00 -9.71 -9.71 -9.71 -9.71 -9.71 -9.71 -9.71 -9.71 -9.71 -9.71 -9.71 -9.71 -9.71 -9.71 -9.71 -9.71 -9.71 -9.71 -9.71 -9.71 -9.71 -9.71 -9.71
2025.00 -8.67 -8.67 -8.67 -8.67 -8.67 -8.67 -8.67 -8.67 -8.67 -8.67 -8.67 -8.67 -8.67 -8.67 -8.67 -8.67 -8.67 -8.67 -8.67 -8.67 -8.67 -8.67 -8.67
2026.00 -8.18 -8.18 -8.18 -8.18 -8.18 -8.18 -8.18 -8.18 -8.18 -8.18 -8.18 -8.18 -8.18 -8.18 -8.18 -8.18 -8.18 -8.18 -8.18 -8.18 -8.18 -8.18 -8.18
2027.00 -8.52 -8.52 -8.52 -8.52 -8.52 -8.52 -8.52 -8.52 -8.52 -8.52 -8.52 -8.52 -8.52 -8.52 -8.52 -8.52 -8.52 -8.52 -8.52 -8.52 -8.52 -8.52 -8.52
2028.00 -7.45 -7.45 -7.45 -7.45 -7.45 -7.45 -7.45 -7.45 -7.45 -7.45 -7.45 -7.45 -7.45 -7.45 -7.45 -7.45 -7.45 -7.45 -7.45 -7.45 -7.45 -7.45 -7.45
2029.00 -6.54 -6.54 -6.54 -6.54 -6.54 -6.54 -6.54 -6.54 -6.54 -6.54 -6.54 -6.54 -6.54 -6.54 -6.54 -6.54 -6.54 -6.54 -6.54 -6.54 -6.54 -6.54 -6.54
2030.00 -5.53 -5.53 -5.53 -5.53 -5.53 -5.53 -5.53 -5.53 -5.53 -5.53 -5.53 -5.53 -5.53 -5.53 -5.53 -5.53 -5.53 -5.53 -5.53 -5.53 -5.53 -5.53 -5.53
2031.00 -4.62 -4.62 -4.62 -4.62 -4.62 -4.62 -4.62 -4.62 -4.62 -4.62 -4.62 -4.62 -4.62 -4.62 -4.62 -4.62 -4.62 -4.62 -4.62 -4.62 -4.62 -4.62 -4.62
2032.00 -3.47 -3.47 -3.47 -3.47 -3.47 -3.47 -3.47 -3.47 -3.47 -3.47 -3.47 -3.47 -3.47 -3.47 -3.47 -3.47 -3.47 -3.47 -3.47 -3.47 -3.47 -3.47 -3.47
2033.00 -2.79 -2.79 -2.79 -2.79 -2.79 -2.79 -2.79 -2.79 -2.79 -2.79 -2.79 -2.79 -2.79 -2.79 -2.79 -2.79 -2.79 -2.79 -2.79 -2.79 -2.79 -2.79 -2.79
2034.00 -2.73 -2.73 -2.73 -2.73 -2.73 -2.73 -2.73 -2.73 -2.73 -2.73 -2.73 -2.73 -2.73 -2.73 -2.73 -2.73 -2.73 -2.73 -2.73 -2.73 -2.73 -2.73 -2.73
2035.00 -1.77 -1.77 -1.77 -1.77 -1.77 -1.77 -1.77 -1.77 -1.77 -1.77 -1.77 -1.77 -1.77 -1.77 -1.77 -1.77 -1.77 -1.77 -1.77 -1.77 -1.77 -1.77 -1.77
2036.00 -1.19 -1.19 -1.19 -1.19 -1.19 -1.19 -1.19 -1.19 -1.19 -1.19 -1.19 -1.19 -1.19 -1.19 -1.19 -1.19 -1.19 -1.19 -1.19 -1.19 -1.19 -1.19 -1.19
2037.00 -1.55 -1.55 -1.55 -1.55 -1.55 -1.55 -1.55 -1.55 -1.55 -1.55 -1.55 -1.55 -1.55 -1.55 -1.55 -1.55 -1.55 -1.55 -1.55 -1.55 -1.55 -1.55 -1.55
2038.00 -1.47 -1.47 -1.47 -1.47 -1.47 -1.47 -1.47 -1.47 -1.47 -1.47 -1.47 -1.47 -1.47 -1.47 -1.47 -1.47 -1.47 -1.47 -1.47 -1.47 -1.47 -1.47 -1.47
2039.00 -1.35 -1.35 -1.35 -1.35 -1.35 -1.35 -1.35 -1.35 -1.35 -1.35 -1.35 -1.35 -1.35 -1.35 -1.35 -1.35 -1.35 -1.35 -1.35 -1.35 -1.35 -1.35 -1.35
2040.00 -1.18 -1.18 -1.18 -1.18 -1.18 -1.18 -1.18 -1.18 -1.18 -1.18 -1.18 -1.18 -1.18 -1.18 -1.18 -1.18 -1.18 -1.18 -1.18 -1.18 -1.18 -1.18 -1.18
2041.00 -1.33 -1.33 -1.33 -1.33 -1.33 -1.33 -1.33 -1.33 -1.33 -1.33 -1.33 -1.33 -1.33 -1.33 -1.33 -1.33 -1.33 -1.33 -1.33 -1.33 -1.33 -1.33 -1.33
2042.00 -1.18 -1.18 -1.18 -1.18 -1.18 -1.18 -1.18 -1.18 -1.18 -1.18 -1.18 -1.18 -1.18 -1.18 -1.18 -1.18 -1.18 -1.18 -1.18 -1.18 -1.18 -1.18 -1.18
2043.00 -1.25 -1.25 -1.25 -1.25 -1.25 -1.25 -1.25 -1.25 -1.25 -1.25 -1.25 -1.25 -1.25 -1.25 -1.25 -1.25 -1.25 -1.25 -1.25 -1.25 -1.25 -1.25 -1.25
2044.00 -1.21 -1.21 -1.21 -1.21 -1.21 -1.21 -1.21 -1.21 -1.21 -1.21 -1.21 -1.21 -1.21 -1.21 -1.21 -1.21 -1.21 -1.21 -1.21 -1.21 -1.21 -1.21 -1.21
2045.00 -1.43 -1.43 -1.43 -1.43 -1.43 -1.43 -1.43 -1.43 -1.43 -1.43 -1.43 -1.43 -1.43 -1.43 -1.43 -1.43 -1.43 -1.43 -1.43 -1.43 -1.43 -1.43 -1.43
2046.00 -1.37 -1.37 -1.37 -1.37 -1.37 -1.37 -1.37 -1.37 -1.37 -1.37 -1.37 -1.37 -1.37 -1.37 -1.37 -1.37 -1.37 -1.37 -1.37 -1.37 -1.37 -1.37 -1.37
2047.00 -1.45 -1.45 -1.45 -1.45 -1.45 -1.45 -1.45 -1.45 -1.45 -1.45 -1.45 -1.45 -1.45 -1.45 -1.45 -1.45 -1.45 -1.45 -1.45 -1.45 -1.45 -1.45 -1.45
2048.00 -1.74 -1.74 -1.74 -1.74 -1.74 -1.74 -1.74 -1.74 -1.74 -1.74 -1.74 -1.74 -1.74 -1.74 -1.74 -1.74 -1.74 -1.74 -1.74 -1.74 -1.74 -1.74 -1.74
2049.00 -2.10 -2.10 -2.10 -2.10 -2.10 -2.10 -2.10 -2.10 -2.10 -2.10 -2.10 -2.10 -2.10 -2.10 -2.10 -2.10 -2.10 -2.10 -2.10 -2.10 -2.10 -2.10 -2.10
2050.00 -2.08 -2.08 -2.08 -2.08 -2.08 -2.08 -2.08 -2.08 -2.08 -2.08 -2.08 -2.08 -2.08 -2.08 -2.08 -2.08 -2.08 -2.08 -2.08 -2.08 -2.08 -2.08 -2.08
2051.00 -2.02 -2.02 -2.02 -2.02 -2.02 -2.02 -2.02 -2.02 -2.02 -2.02 -2.02 -2.02 -2.02 -2.02 -2.02 -2.02 -2.02 -2.02 -2.02 -2.02 -2.02 -2.02 -2.02
2052.00 -2.21 -2.21 -2.21 -2.21 -2.21 -2.21 -2.21 -2.21 -2.21 -2.21 -2.21 -2.21 -2.21 -2.21 -2.21 -2.21 -2.21 -2.21 -2.21 -2.21 -2.21 -2.21 -2.21
2053.00 -2.06 -2.06 -2.06 -2.06 -2.06 -2.06 -2.06 -2.06 -2.06 -2.06 -2.06 -2.06 -2.06 -2.06 -2.06 -2.06 -2.06 -2.06 -2.06 -2.06 -2.06 -2.06 -2.06
2054.00 -1.69 -1.69 -1.69 -1.69 -1.69 -1.69 -1.69 -1.69 -1.69 -1.69 -1.69 -1.69 -1.69 -1.69 -1.69 -1.69 -1.69 -1.69 -1.69 -1.69 -1.69 -1.69 -1.69
2055.00 -1.74 -1.74 -1.74 -1.74 -1.74 -1.74 -1.74 -1.74 -1.74 -1.74 -1.74 -1.74 -1.74 -1.74 -1.74 -1.74 -1.74 -1.74 -1.74 -1.74 -1.74 -1.74 -1.74
2056.00 -1.52 -1.52 -1.52 -1.52 -1.52 -1.52 -1.52 -1.52 -1.52 -1.52 -1.52 -1.52 -1.52 -1.52 -1.52 -1.52 -1.52 -1.52 -1.52 -1.52 -1.52 -1.52 -1.52
2057.00 -1.32 -1.32 -1.32 -1.32 -1.32 -1.32 -1.32 -1.32 -1.32 -1.32 -1.32 -1.32 -1.32 -1.32 -1.32 -1.32 -1.32 -1.32 -1.32 -1.32 -1.32 -1.32 -1.32
2058.00 -0.98 -0.98 -0.98 -0.98 -0.98 -0.98 -0.98 -0.98 -0.98 -0.98 -0.98 -0.98 -0.98 -0.98 -0.98 -0.98 -0.98 -0.98 -0.98 -0.98 -0.98 -0.98 -0.98
2059.00 -1.03 -1.03 -1.03 -1.03 -1.03 -1.03 -1.03 -1.03 -1.03 -1.03 -1.03 -1.03 -1.03 -1.03 -1.03 -1.03 -1.03 -1.03 -1.03 -1.03 -1.03 -1.03 -1.03
2060.00 -1.03 -1.03 -1.03 -1.03 -1.03 -1.03 -1.03 -1.03 -1.03 -1.03 -1.03 -1.03 -1.03 -1.03 -1.03 -1.03 -1.03 -1.03 -1.03 -1.03 -1.03 -1.03 -1.03
2061.00 -1.15 -1.15 -1.15 -1.15 -1.15 -1.15 -1.15 -1.15 -1.15 -1.15 -1.15 -1.15 -1.15 -1.15 -1.15 -1.15 -1.15 -1.15 -1.15 -1.15 -1.15 -1.15 -1.15
2062.00 -0.95 -0.95 -0.95 -0.95 -0.95 -0.95 -0.95 -0.95 -0.95 -0.95 -0.95 -0.95 -0.95 -0.95 -0.95 -0.95 -0.95 -0.95 -0.95 -0.95 -0.95 -0.95 -0.95
2063.00 -1.19 -1.19 -1.19 -1.19 -1.19 -1.19 -1.19 -1.19 -1.19 -1.19 -1.19 -1.19 -1.19 -1.19 -1.19 -1.19 -1.19 -1.19 -1.19 -1.19 -1.19 -1.19 -1.19
2064.00 -1.09 -1.09 -1.09 -1.09 -1.09 -1.09 -1.09 -1.09 -1.09 -1.09 -1.09 -1.09 -1.09 -1.09 -1.09 -1.09 -1.09 -1.09 -1.09 -1.09 -1.09 -1.09 -1.09
2065.00 -0.92 -0.92 -0.92 -0.92 -0.92 -0.92 -0.92 -0.92 -0.92 -0.92 -0.92 -0.92 -0.92 -0.92 -0.92 -0.92 -0.92 -0.92 -0.92 -0.92 -0.92 -0.92 -0.92
